MMSI,BaseDateTime,LAT,LON,SOG,COG,Heading,VesselName,IMO,CallSign,VesselType,Status,Length,Width,Draft,Cargo,TranscieverClass
338447000,2019-05-08T00:00:03,39.29703,-75.37787,10.9,138.2,136.0,OSG HORIZON,IMO9436549,WDF6180,31.0,0.0,46.0,15.0,6.5,57.0,B
367797720,2019-05-08T00:00:04,39.01421,-75.15275,5.0,157.6,158.0,DAISY MAE,,WDJ6432,,15.0,,,,,B
371618000,2019-05-08T00:00:05,39.0127,-75.1477,14.2,158.0,160.0,EUPHONY ACE,IMO9293595,3EDG6,70.0,0.0,199.0,32.0,9.8,70.0,B
366914190,2019-05-08T00:00:06,38.81281,-75.11818,12.1,8.3,13.0,NEW JERSEY,IMO8643078,WYU8850,60.0,0.0,86.0,20.0,,,B
367600030,2019-05-08T00:00:16,38.95518,-75.11857,2.3,171.2,511.0,SUSAN CELESTE,,WDH2672,37.0,,12.0,,,,B
369235000,2019-05-08T00:00:24,38.91948,-75.13824,0.0,46.6,155.0,OSG VISION,IMO9436537,WDF2493,31.0,1.0,46.0,15.0,6.5,57.0,A
367730710,2019-05-08T00:00:24,39.05839,-75.05712,4.7,133.1,146.0,GODSPEED,,WDI7643,37.0,,,,,,B
240463000,2019-05-08T00:01:06,38.94443,-75.17427,0.0,-142.6,155.0,BOUBOULINA,IMO9298753,SZIS,80.0,1.0,274.0,50.0,17.0,80.0,A
367563930,2019-05-08T00:00:08,38.98922,-75.13215,11.2,-72.0,338.0,DEAN REINAUER,IMO9653264,WDG7107,31.0,0.0,35.0,10.0,4.9,,A
371618000,2019-05-08T00:01:11,39.00885,-75.14572,14.2,157.0,160.0,EUPHONY ACE,IMO9293595,3EDG6,70.0,0.0,199.0,32.0,9.8,70.0,B
366914190,2019-05-08T00:01:15,38.81674,-75.11741,12.4,7.5,15.0,NEW JERSEY,IMO8643078,WYU8850,60.0,0.0,86.0,20.0,,,B
367797720,2019-05-08T00:01:15,39.01257,-75.1518,6.1,153.7,157.0,DAISY MAE,,WDJ6432,,15.0,,,,,B
367730710,2019-05-08T00:01:25,39.05749,-75.05569,5.2,123.0,139.0,GODSPEED,,WDI7643,37.0,,,,,,B
367563930,2019-05-08T00:01:18,38.99265,-75.13397,11.3,-72.1,338.0,DEAN REINAUER,IMO9653264,WDG7107,31.0,0.0,35.0,10.0,4.9,,B
367600030,2019-05-08T00:01:45,38.95446,-75.11855,2.7,168.2,511.0,SUSAN CELESTE,,WDH2672,37.0,,12.0,,,,B
338447000,2019-05-08T00:01:24,39.29402,-75.3744,10.8,138.2,135.0,OSG HORIZON,IMO9436549,WDF6180,31.0,0.0,46.0,15.0,6.5,57.0,B
371618000,2019-05-08T00:02:16,39.00473,-75.14363,14.1,158.0,160.0,EUPHONY ACE,IMO9293595,3EDG6,70.0,0.0,199.0,32.0,9.8,70.0,B
367797720,2019-05-08T00:02:34,39.01071,-75.15075,5.6,157.8,157.0,DAISY MAE,,WDJ6432,,15.0,,,,,A
538004030,2019-05-08T00:02:15,38.93165,-75.16296,0.0,-158.0,155.0,FRIO,IMO9596985,V7UU3,80.0,1.0,274.0,48.0,17.1,89.0,A
311073800,2019-05-08T00:02:33,38.98859,-75.21565,0.0,3.1,147.0,EURO,IMO9567702,C6AA5,84.0,1.0,274.0,48.0,-11.5,84.0,A
338447000,2019-05-08T00:02:33,39.29156,-75.37139,10.8,137.1,135.0,OSG HORIZON,IMO9436549,WDF6180,31.0,0.0,46.0,15.0,6.5,57.0,B
366914190,2019-05-08T00:02:24,38.82067,-75.11643,12.4,11.3,14.0,NEW JERSEY,IMO8643078,WYU8850,60.0,0.0,86.0,20.0,,,B
367600030,2019-05-08T00:02:46,38.95396,-75.11847,2.2,171.5,511.0,SUSAN CELESTE,,WDH2672,37.0,,12.0,,,,B
367563930,2019-05-08T00:02:27,38.99599,-75.13571,11.2,-71.9,337.0,DEAN REINAUER,IMO9653264,WDG7107,31.0,0.0,35.0,10.0,4.9,,B
367730710,2019-05-08T00:02:54,39.0561,-75.05369,4.7,134.6,146.0,GODSPEED,,WDI7643,37.0,,,,,,B
366914190,2019-05-08T00:03:25,38.8242,-75.11563,12.7,11.3,19.0,NEW JERSEY,IMO8643078,WYU8850,60.0,0.0,86.0,20.0,,,B
369235000,2019-05-08T00:03:24,38.91947,-75.13824,0.0,46.6,155.0,OSG VISION,IMO9436537,WDF2493,31.0,1.0,46.0,15.0,6.5,57.0,A
338447000,2019-05-08T00:03:44,39.28894,-75.36819,10.7,137.8,135.0,OSG HORIZON,IMO9436549,WDF6180,31.0,0.0,46.0,15.0,6.5,57.0,B
371618000,2019-05-08T00:03:28,39.00045,-75.14145,14.1,157.0,159.0,EUPHONY ACE,IMO9293595,3EDG6,70.0,0.0,199.0,32.0,9.8,70.0,B
367563930,2019-05-08T00:03:47,38.99987,-75.13774,11.3,-71.3,336.0,DEAN REINAUER,IMO9653264,WDG7107,31.0,0.0,35.0,10.0,4.9,,B
367797720,2019-05-08T00:03:45,39.00907,-75.14983,5.5,156.3,158.0,DAISY MAE,,WDJ6432,,15.0,,,,,B
367730710,2019-05-08T00:04:23,39.05478,-75.05165,4.8,124.7,144.0,GODSPEED,,WDI7643,37.0,,,,,,B
371618000,2019-05-08T00:04:34,38.99643,-75.13922,14.0,157.0,159.0,EUPHONY ACE,IMO9293595,3EDG6,70.0,0.0,199.0,32.0,9.8,70.0,B
240463000,2019-05-08T00:04:04,38.94443,-75.17433,0.0,-142.6,154.0,BOUBOULINA,IMO9298753,SZIS,80.0,1.0,274.0,50.0,17.0,80.0,A
367600030,2019-05-08T00:04:17,38.95325,-75.11841,1.0,163.5,511.0,SUSAN CELESTE,,WDH2672,37.0,,12.0,,,,B
366914190,2019-05-08T00:04:34,38.8281,-75.11428,12.7,16.9,22.0,NEW JERSEY,IMO8643078,WYU8850,60.0,0.0,86.0,20.0,,,B
367797720,2019-05-08T00:04:54,39.00745,-75.14891,5.6,158.8,157.0,DAISY MAE,,WDJ6432,,15.0,,,,,B
338447000,2019-05-08T00:04:53,39.28638,-75.36531,10.7,137.8,135.0,OSG HORIZON,IMO9436549,WDF6180,31.0,0.0,46.0,15.0,6.5,57.0,B
367563930,2019-05-08T00:04:58,39.00324,-75.1396,11.2,-73.1,333.0,DEAN REINAUER,IMO9653264,WDG7107,31.0,0.0,35.0,10.0,4.9,,B
367730710,2019-05-08T00:05:25,39.05377,-75.05028,5.3,136.0,147.0,GODSPEED,,WDI7643,37.0,,,,,,B
371618000,2019-05-08T00:05:41,38.99243,-75.13697,14.0,156.0,158.0,EUPHONY ACE,IMO9293595,3EDG6,70.0,0.0,199.0,32.0,9.8,70.0,B
538004030,2019-05-08T00:05:14,38.93163,-75.16297,0.0,-151.6,156.0,FRIO,IMO9596985,V7UU3,80.0,1.0,274.0,48.0,17.1,89.0,A
311073800,2019-05-08T00:05:35,38.98862,-75.21563,0.0,15.7,147.0,EURO,IMO9567702,C6AA5,84.0,1.0,274.0,48.0,-11.5,84.0,A
366914190,2019-05-08T00:05:45,38.83195,-75.11229,12.4,25.6,33.0,NEW JERSEY,IMO8643078,WYU8850,60.0,0.0,86.0,20.0,,,B
367600030,2019-05-08T00:05:49,38.95264,-75.11825,1.3,157.9,511.0,SUSAN CELESTE,,WDH2672,37.0,,12.0,,,,B
338447000,2019-05-08T00:06:02,39.28385,-75.36231,10.6,136.9,136.0,OSG HORIZON,IMO9436549,WDF6180,31.0,0.0,46.0,15.0,6.5,57.0,B
367797720,2019-05-08T00:06:04,39.00578,-75.14794,5.1,151.2,156.0,DAISY MAE,,WDJ6432,,15.0,,,,,B
367563930,2019-05-08T00:06:08,39.00654,-75.14163,11.3,-75.5,332.0,DEAN REINAUER,IMO9653264,WDG7107,31.0,0.0,35.0,10.0,4.9,,B
369235000,2019-05-08T00:06:24,38.9195,-75.13825,0.0,46.6,155.0,OSG VISION,IMO9436537,WDF2493,31.0,1.0,46.0,15.0,6.5,57.0,A
367730710,2019-05-08T00:06:53,39.05253,-75.04835,4.4,129.0,145.0,GODSPEED,,WDI7643,37.0,,,,,,B
240463000,2019-05-08T00:07:04,38.94442,-75.17437,0.0,-142.6,153.0,BOUBOULINA,IMO9298753,SZIS,80.0,1.0,274.0,50.0,17.0,80.0,A
366914190,2019-05-08T00:07:06,38.83546,-75.1087,11.5,51.3,52.0,NEW JERSEY,IMO8643078,WYU8850,60.0,0.0,86.0,20.0,,,B
367797720,2019-05-08T00:07:05,39.0044,-75.14707,5.0,155.0,156.0,DAISY MAE,,WDJ6432,,15.0,,,,,B
371618000,2019-05-08T00:06:47,38.98852,-75.13468,14.0,155.0,158.0,EUPHONY ACE,IMO9293595,3EDG6,70.0,0.0,199.0,32.0,9.8,70.0,B
338447000,2019-05-08T00:07:14,39.28121,-75.35929,10.5,138.0,137.0,OSG HORIZON,IMO9436549,WDF6180,31.0,0.0,46.0,15.0,6.5,57.0,B
367563930,2019-05-08T00:07:18,39.00984,-75.14368,11.3,-74.5,334.0,DEAN REINAUER,IMO9653264,WDG7107,31.0,0.0,35.0,10.0,4.9,,B
367600030,2019-05-08T00:07:16,38.95199,-75.11793,2.1,151.8,511.0,SUSAN CELESTE,,WDH2672,37.0,,12.0,,,,B
371618000,2019-05-08T00:07:59,38.98432,-75.13218,14.1,155.0,157.0,EUPHONY ACE,IMO9293595,3EDG6,70.0,0.0,199.0,32.0,9.8,70.0,B
338447000,2019-05-08T00:08:24,39.27861,-75.35638,10.5,138.1,137.0,OSG HORIZON,IMO9436549,WDF6180,31.0,0.0,46.0,15.0,6.5,57.0,B
538004030,2019-05-08T00:08:14,38.93161,-75.16299,0.0,-157.7,155.0,FRIO,IMO9596985,V7UU3,80.0,1.0,274.0,48.0,17.1,89.0,A
367797720,2019-05-08T00:08:15,39.00278,-75.14603,5.6,153.3,155.0,DAISY MAE,,WDJ6432,,15.0,,,,,B
367563930,2019-05-08T00:08:47,39.01414,-75.14615,11.3,-73.1,335.0,DEAN REINAUER,IMO9653264,WDG7107,31.0,0.0,35.0,10.0,4.9,,B
367730710,2019-05-08T00:08:57,39.05091,-75.04549,4.6,125.7,145.0,GODSPEED,,WDI7643,37.0,,,,,,B
367600030,2019-05-08T00:08:46,38.95115,-75.11755,2.0,154.8,511.0,SUSAN CELESTE,,WDH2672,37.0,,12.0,,,,B
367730710,2019-05-08T00:07:54,39.05171,-75.04697,4.9,124.4,144.0,GODSPEED,,WDI7643,37.0,,,,,,B
371618000,2019-05-08T00:09:05,38.98023,-75.12978,14.1,155.0,157.0,EUPHONY ACE,IMO9293595,3EDG6,70.0,0.0,199.0,32.0,9.8,70.0,B
366914190,2019-05-08T00:08:16,38.8385,-75.10547,12.6,35.7,43.0,NEW JERSEY,IMO8643078,WYU8850,60.0,0.0,86.0,20.0,,,B
366914190,2019-05-08T00:09:34,38.84231,-75.10183,13.1,36.4,44.0,NEW JERSEY,IMO8643078,WYU8850,60.0,0.0,86.0,20.0,,,B
240463000,2019-05-08T00:10:04,38.94438,-75.17442,0.0,-142.6,151.0,BOUBOULINA,IMO9298753,SZIS,80.0,1.0,274.0,50.0,17.0,80.0,A
338447000,2019-05-08T00:09:33,39.27617,-75.35349,10.4,137.8,137.0,OSG HORIZON,IMO9436549,WDF6180,31.0,0.0,46.0,15.0,6.5,57.0,B
367797720,2019-05-08T00:09:25,39.00117,-75.14503,5.1,154.3,155.0,DAISY MAE,,WDJ6432,,15.0,,,,,B
311073800,2019-05-08T00:08:32,38.98866,-75.21563,0.0,-57.9,148.0,EURO,IMO9567702,C6AA5,84.0,1.0,274.0,48.0,-11.5,84.0,A
369235000,2019-05-08T00:09:24,38.91949,-75.13814,0.0,46.6,156.0,OSG VISION,IMO9436537,WDF2493,31.0,1.0,46.0,15.0,6.5,57.0,A
367563930,2019-05-08T00:09:58,39.01748,-75.14805,11.2,-73.7,335.0,DEAN REINAUER,IMO9653264,WDG7107,31.0,0.0,35.0,10.0,4.9,,B
367600030,2019-05-08T00:10:17,38.95067,-75.11703,1.7,184.2,511.0,SUSAN CELESTE,,WDH2672,37.0,,12.0,,,,B
367730710,2019-05-08T00:10:26,39.04973,-75.04334,5.1,128.5,147.0,GODSPEED,,WDI7643,37.0,,,,,,B
371618000,2019-05-08T00:10:11,38.97635,-75.1275,14.1,155.0,157.0,EUPHONY ACE,IMO9293595,3EDG6,70.0,0.0,199.0,32.0,9.8,70.0,B
367797720,2019-05-08T00:10:35,38.99959,-75.14402,5.6,153.3,155.0,DAISY MAE,,WDJ6432,,15.0,,,,,B
338447000,2019-05-08T00:10:43,39.27371,-75.35057,10.3,136.9,137.0,OSG HORIZON,IMO9436549,WDF6180,31.0,0.0,46.0,15.0,6.5,57.0,B
367563930,2019-05-08T00:11:07,39.02081,-75.14995,11.2,-73.6,336.0,DEAN REINAUER,IMO9653264,WDG7107,31.0,0.0,35.0,10.0,4.9,,B
366914190,2019-05-08T00:10:45,38.84571,-75.09844,13.3,37.7,43.0,NEW JERSEY,IMO8643078,WYU8850,60.0,0.0,86.0,20.0,,,B
371618000,2019-05-08T00:11:17,38.97237,-75.12515,14.1,155.0,157.0,EUPHONY ACE,IMO9293595,3EDG6,70.0,0.0,199.0,32.0,9.8,70.0,B
338447000,2019-05-08T00:12:03,39.27085,-75.34724,10.3,138.6,137.0,OSG HORIZON,IMO9436549,WDF6180,31.0,0.0,46.0,15.0,6.5,57.0,B
367600030,2019-05-08T00:11:46,38.94998,-75.11682,2.4,168.1,511.0,SUSAN CELESTE,,WDH2672,37.0,,12.0,,,,B
367797720,2019-05-08T00:11:44,38.99801,-75.14303,5.1,154.3,155.0,DAISY MAE,,WDJ6432,,15.0,,,,,B
369235000,2019-05-08T00:12:24,38.91951,-75.1381,0.0,46.6,158.0,OSG VISION,IMO9436537,WDF2493,31.0,1.0,46.0,15.0,6.5,57.0,A
366914190,2019-05-08T00:12:24,38.85056,-75.09376,13.0,38.7,49.0,NEW JERSEY,IMO8643078,WYU8850,60.0,0.0,86.0,20.0,,,A
367730710,2019-05-08T00:11:54,39.04853,-75.04119,5.0,127.3,146.0,GODSPEED,,WDI7643,37.0,,,,,,B
311073800,2019-05-08T00:11:34,38.9887,-75.21562,0.0,-99.7,149.0,EURO,IMO9567702,C6AA5,84.0,1.0,274.0,48.0,-11.5,84.0,A
371618000,2019-05-08T00:12:23,38.96857,-75.1229,14.0,155.0,157.0,EUPHONY ACE,IMO9293595,3EDG6,70.0,0.0,199.0,32.0,9.8,70.0,B
367563930,2019-05-08T00:12:47,39.02558,-75.15265,11.2,-72.7,338.0,DEAN REINAUER,IMO9653264,WDG7107,31.0,0.0,35.0,10.0,4.9,,B
240463000,2019-05-08T00:13:03,38.9444,-75.17445,0.0,-142.6,149.0,BOUBOULINA,IMO9298753,SZIS,80.0,1.0,274.0,50.0,17.0,80.0,A
338447000,2019-05-08T00:13:13,39.26844,-75.34439,10.3,137.5,137.0,OSG HORIZON,IMO9436549,WDF6180,31.0,0.0,46.0,15.0,6.5,57.0,B
371618000,2019-05-08T00:13:29,38.96472,-75.12062,14.0,155.0,157.0,EUPHONY ACE,IMO9293595,3EDG6,70.0,0.0,199.0,32.0,9.8,70.0,B
367730710,2019-05-08T00:13:25,39.04727,-75.03886,5.9,127.2,145.0,GODSPEED,,WDI7643,37.0,,,,,,B
366914190,2019-05-08T00:13:35,38.854,-75.09032,13.1,37.8,46.0,NEW JERSEY,IMO8643078,WYU8850,60.0,0.0,86.0,20.0,,,B
367563930,2019-05-08T00:13:56,39.02888,-75.15441,11.2,-72.3,338.0,DEAN REINAUER,IMO9653264,WDG7107,31.0,0.0,35.0,10.0,4.9,,B
338447000,2019-05-08T00:14:24,39.26596,-75.34141,10.2,137.3,137.0,OSG HORIZON,IMO9436549,WDF6180,31.0,0.0,46.0,15.0,6.5,57.0,B
371618000,2019-05-08T00:14:35,38.96068,-75.11825,14.0,155.0,157.0,EUPHONY ACE,IMO9293595,3EDG6,70.0,0.0,199.0,32.0,9.8,70.0,B
367600030,2019-05-08T00:14:20,38.94865,-75.11633,2.2,163.5,511.0,SUSAN CELESTE,,WDH2672,37.0,,12.0,,,,B
311073800,2019-05-08T00:14:34,38.98871,-75.21562,0.0,-96.9,150.0,EURO,IMO9567702,C6AA5,84.0,1.0,274.0,48.0,-11.5,84.0,A
538004030,2019-05-08T00:14:15,38.9316,-75.16308,0.0,-154.4,153.0,FRIO,IMO9596985,V7UU3,80.0,1.0,274.0,48.0,17.1,89.0,A
366914190,2019-05-08T00:14:45,38.85737,-75.08692,13.4,37.5,43.0,NEW JERSEY,IMO8643078,WYU8850,60.0,0.0,86.0,20.0,,,B
367600030,2019-05-08T00:12:47,38.94941,-75.1167,1.9,166.8,511.0,SUSAN CELESTE,,WDH2672,37.0,,12.0,,,,B
371618000,2019-05-08T00:15:47,38.95648,-75.11575,14.0,155.0,157.0,EUPHONY ACE,IMO9293595,3EDG6,70.0,0.0,199.0,32.0,9.8,70.0,B
367563930,2019-05-08T00:15:07,39.03225,-75.15619,11.2,-72.8,337.0,DEAN REINAUER,IMO9653264,WDG7107,31.0,0.0,35.0,10.0,4.9,,B
338447000,2019-05-08T00:15:42,39.26323,-75.33823,10.2,138.3,137.0,OSG HORIZON,IMO9436549,WDF6180,31.0,0.0,46.0,15.0,6.5,57.0,B
367797720,2019-05-08T00:12:54,38.99642,-75.14203,6.1,153.2,155.0,DAISY MAE,,WDJ6432,,15.0,,,,,B
367797720,2019-05-08T00:15:14,38.99329,-75.1401,5.0,154.5,155.0,DAISY MAE,,WDJ6432,,15.0,,,,,B
369235000,2019-05-08T00:15:24,38.91954,-75.13805,0.0,46.6,162.0,OSG VISION,IMO9436537,WDF2493,31.0,1.0,46.0,15.0,6.5,57.0,A
367730710,2019-05-08T00:14:54,39.04604,-75.03655,5.5,123.3,146.0,GODSPEED,,WDI7643,37.0,,,,,,B
367600030,2019-05-08T00:15:46,38.94795,-75.11596,1.0,159.5,511.0,SUSAN CELESTE,,WDH2672,37.0,,12.0,,,,B
367730710,2019-05-08T00:15:55,39.04523,-75.035,5.2,126.8,146.0,GODSPEED,,WDI7643,37.0,,,,,,B
367563930,2019-05-08T00:16:46,39.03698,-75.15878,11.0,-72.9,337.0,DEAN REINAUER,IMO9653264,WDG7107,31.0,0.0,35.0,10.0,4.9,,B
240463000,2019-05-08T00:16:03,38.9444,-75.17445,0.0,-142.6,149.0,BOUBOULINA,IMO9298753,SZIS,80.0,1.0,274.0,50.0,17.0,80.0,A
366914190,2019-05-08T00:15:55,38.8608,-75.08365,13.4,33.8,41.0,NEW JERSEY,IMO8643078,WYU8850,60.0,0.0,86.0,20.0,,,B
371618000,2019-05-08T00:17:10,38.95153,-75.11285,13.9,156.0,159.0,EUPHONY ACE,IMO9293595,3EDG6,70.0,0.0,199.0,32.0,9.8,70.0,B
367797720,2019-05-08T00:16:15,38.99191,-75.13923,5.6,153.1,155.0,DAISY MAE,,WDJ6432,,15.0,,,,,B
538004030,2019-05-08T00:17:16,38.93159,-75.1631,0.0,-154.2,152.0,FRIO,IMO9596985,V7UU3,80.0,1.0,274.0,48.0,17.1,89.0,A
338447000,2019-05-08T00:16:53,39.26073,-75.33533,10.1,137.9,138.0,OSG HORIZON,IMO9436549,WDF6180,31.0,0.0,46.0,15.0,6.5,57.0,B
311073800,2019-05-08T00:17:35,38.98874,-75.21566,0.0,-113.5,149.0,EURO,IMO9567702,C6AA5,84.0,1.0,274.0,48.0,-11.5,84.0,A
367797720,2019-05-08T00:14:05,38.99483,-75.14106,5.1,152.3,155.0,DAISY MAE,,WDJ6432,,15.0,,,,,B
366914190,2019-05-08T00:17:45,38.8663,-75.07846,13.1,42.1,49.0,NEW JERSEY,IMO8643078,WYU8850,60.0,0.0,86.0,20.0,,,B
367797720,2019-05-08T00:18:05,38.98945,-75.13771,4.8,150.3,156.0,DAISY MAE,,WDJ6432,,15.0,,,,,B
338447000,2019-05-08T00:17:54,39.25862,-75.33285,10.1,139.1,139.0,OSG HORIZON,IMO9436549,WDF6180,31.0,0.0,46.0,15.0,6.5,57.0,B
367730710,2019-05-08T00:17:24,39.04391,-75.03267,6.0,129.7,146.0,GODSPEED,,WDI7643,37.0,,,,,,B
367600030,2019-05-08T00:17:16,38.9472,-75.11557,1.8,149.6,511.0,SUSAN CELESTE,,WDH2672,37.0,,12.0,,,,B
367563930,2019-05-08T00:17:58,39.04032,-75.16059,11.0,-72.2,336.0,DEAN REINAUER,IMO9653264,WDG7107,31.0,0.0,35.0,10.0,4.9,,A
367699890,2019-05-08T00:18:39,38.81183,-75.09383,23.8,-129.5,511.0,J P VIRDEN,,WDI4560,,15.0,16.0,,,,B
367600030,2019-05-08T00:18:20,38.9467,-75.1153,2.3,166.6,511.0,SUSAN CELESTE,,WDH2672,37.0,,12.0,,,,B
367730710,2019-05-08T00:18:25,39.04292,-75.03109,6.2,132.4,147.0,GODSPEED,,WDI7643,37.0,,,,,,B
371618000,2019-05-08T00:18:34,38.9466,-75.1102,13.9,157.0,159.0,EUPHONY ACE,IMO9293595,3EDG6,70.0,0.0,199.0,32.0,9.8,70.0,B
367797720,2019-05-08T00:19:15,38.98791,-75.13675,6.1,155.8,156.0,DAISY MAE,,WDJ6432,,15.0,,,,,B
338447000,2019-05-08T00:19:34,39.2551,-75.32887,10.0,138.6,139.0,OSG HORIZON,IMO9436549,WDF6180,31.0,0.0,46.0,15.0,6.5,57.0,B
371618000,2019-05-08T00:19:40,38.94265,-75.10808,13.9,157.0,159.0,EUPHONY ACE,IMO9293595,3EDG6,70.0,0.0,199.0,32.0,9.8,70.0,A
367563930,2019-05-08T00:19:46,39.04539,-75.16344,11.0,-73.0,337.0,DEAN REINAUER,IMO9653264,WDG7107,31.0,0.0,35.0,10.0,4.9,,B
366914190,2019-05-08T00:18:55,38.86976,-75.07503,13.7,38.4,42.0,NEW JERSEY,IMO8643078,WYU8850,60.0,0.0,86.0,20.0,,,A
366914190,2019-05-08T00:20:01,38.87323,-75.07181,13.8,32.8,42.0,NEW JERSEY,IMO8643078,WYU8850,60.0,0.0,86.0,20.0,,,B
367699890,2019-05-08T00:19:41,38.81167,-75.10233,23.5,-149.1,511.0,J P VIRDEN,,WDI4560,,15.0,16.0,,,,B
367797720,2019-05-08T00:20:34,38.98615,-75.13565,6.1,153.3,155.0,DAISY MAE,,WDJ6432,,15.0,,,,,B
367600030,2019-05-08T00:19:47,38.94584,-75.11483,1.6,153.3,511.0,SUSAN CELESTE,,WDH2672,37.0,,12.0,,,,B
538004030,2019-05-08T00:20:14,38.9316,-75.1631,0.0,-156.7,151.0,FRIO,IMO9596985,V7UU3,80.0,1.0,274.0,48.0,17.1,89.0,A
311073800,2019-05-08T00:20:32,38.98878,-75.21568,0.1,-68.5,149.0,EURO,IMO9567702,C6AA5,84.0,1.0,274.0,48.0,-11.5,84.0,A
369235000,2019-05-08T00:18:24,38.91952,-75.13818,0.1,46.6,161.0,OSG VISION,IMO9436537,WDF2493,31.0,1.0,46.0,15.0,6.5,57.0,A
240463000,2019-05-08T00:19:06,38.94438,-75.17442,0.0,-142.6,149.0,BOUBOULINA,IMO9298753,SZIS,80.0,1.0,274.0,50.0,17.0,80.0,A
367699890,2019-05-08T00:20:49,38.809,-75.1115,23.7,-167.4,511.0,J P VIRDEN,,WDI4560,,15.0,16.0,,,,B
338447000,2019-05-08T00:20:54,39.25233,-75.32574,10.1,138.0,139.0,OSG HORIZON,IMO9436549,WDF6180,31.0,0.0,46.0,15.0,6.5,57.0,B
367730710,2019-05-08T00:19:53,39.04156,-75.02883,5.2,126.4,146.0,GODSPEED,,WDI7643,37.0,,,,,,B
366914190,2019-05-08T00:21:09,38.87679,-75.0687,12.9,34.1,49.0,NEW JERSEY,IMO8643078,WYU8850,60.0,0.0,86.0,20.0,,,A
371618000,2019-05-08T00:20:51,38.93843,-75.10582,13.8,157.0,159.0,EUPHONY ACE,IMO9293595,3EDG6,70.0,0.0,199.0,32.0,9.8,70.0,B
367563930,2019-05-08T00:21:06,39.04913,-75.16556,11.0,-73.7,337.0,DEAN REINAUER,IMO9653264,WDG7107,31.0,0.0,35.0,10.0,4.9,,B
367600030,2019-05-08T00:21:16,38.94489,-75.1143,2.8,161.1,511.0,SUSAN CELESTE,,WDH2672,37.0,,12.0,,,,B
367730710,2019-05-08T00:21:23,39.0402,-75.0265,5.7,125.4,143.0,GODSPEED,,WDI7643,37.0,,,,,,B
366914190,2019-05-08T00:22:19,38.88003,-75.0653,13.5,38.1,45.0,NEW JERSEY,IMO8643078,WYU8850,60.0,0.0,86.0,20.0,,,B
338447000,2019-05-08T00:22:34,39.24885,-75.32176,10.1,137.6,139.0,OSG HORIZON,IMO9436549,WDF6180,31.0,0.0,46.0,15.0,6.5,57.0,B
367797720,2019-05-08T00:21:45,38.98462,-75.13469,4.8,150.0,156.0,DAISY MAE,,WDJ6432,,15.0,,,,,B
367797720,2019-05-08T00:22:55,38.98305,-75.13372,4.8,150.7,155.0,DAISY MAE,,WDJ6432,,15.0,,,,,B
371618000,2019-05-08T00:22:31,38.93243,-75.10262,13.8,157.0,159.0,EUPHONY ACE,IMO9293595,3EDG6,70.0,0.0,199.0,32.0,9.8,70.0,B
229208000,2019-05-08T00:23:10,39.5187,-75.55075,11.8,195.0,195.0,HELLAS ENTERPRISE,IMO9397468,9HA3151,80.0,5.0,183.0,32.0,12.9,80.0,B
367563930,2019-05-08T00:22:46,39.05383,-75.16812,11.0,-72.7,338.0,DEAN REINAUER,IMO9653264,WDG7107,31.0,0.0,35.0,10.0,4.9,,B
240463000,2019-05-08T00:22:02,38.9444,-75.17442,0.0,-142.6,149.0,BOUBOULINA,IMO9298753,SZIS,80.0,1.0,274.0,50.0,17.0,80.0,A
367600030,2019-05-08T00:22:46,38.94379,-75.11364,2.6,157.1,511.0,SUSAN CELESTE,,WDH2672,37.0,,12.0,,,,B
367699890,2019-05-08T00:21:53,38.80483,-75.118,22.9,-195.1,511.0,J P VIRDEN,,WDI4560,,15.0,16.0,,,,B
367699890,2019-05-08T00:22:55,38.79883,-75.12017,21.6,175.4,511.0,J P VIRDEN,,WDI4560,,15.0,16.0,,,,B
366914190,2019-05-08T00:23:31,38.88373,-75.06182,13.5,35.1,49.0,NEW JERSEY,IMO8643078,WYU8850,60.0,0.0,86.0,20.0,,,B
311073800,2019-05-08T00:23:35,38.98883,-75.21565,0.0,-59.2,149.0,EURO,IMO9567702,C6AA5,84.0,1.0,274.0,48.0,-11.5,84.0,A
371618000,2019-05-08T00:23:40,38.9282,-75.10035,13.9,157.0,159.0,EUPHONY ACE,IMO9293595,3EDG6,70.0,0.0,199.0,32.0,9.8,70.0,B
538004030,2019-05-08T00:23:16,38.9316,-75.16309,0.0,-126.6,151.0,FRIO,IMO9596985,V7UU3,80.0,1.0,274.0,48.0,17.1,89.0,A
367797720,2019-05-08T00:24:04,38.98152,-75.13277,5.5,152.1,156.0,DAISY MAE,,WDJ6432,,15.0,,,,,B
229208000,2019-05-08T00:24:19,39.5151,-75.552,11.8,195.0,195.0,HELLAS ENTERPRISE,IMO9397468,9HA3151,80.0,5.0,183.0,32.0,12.9,80.0,B
338447000,2019-05-08T00:24:34,39.24458,-75.31706,10.0,142.5,143.0,OSG HORIZON,IMO9436549,WDF6180,31.0,0.0,46.0,15.0,6.5,57.0,B
367699890,2019-05-08T00:23:57,38.79283,-75.11833,21.8,157.7,511.0,J P VIRDEN,,WDI4560,,15.0,16.0,,,,B
367730710,2019-05-08T00:23:24,39.03832,-75.02355,4.3,124.6,143.0,GODSPEED,,WDI7643,37.0,,,,,,B
367600030,2019-05-08T00:24:16,38.94288,-75.11313,1.9,159.7,511.0,SUSAN CELESTE,,WDH2672,37.0,,12.0,,,,B
369235000,2019-05-08T00:24:24,38.91947,-75.13823,0.0,46.6,154.0,OSG VISION,IMO9436537,WDF2493,31.0,1.0,46.0,15.0,6.5,57.0,A
366914190,2019-05-08T00:24:37,38.88707,-75.0586,13.7,33.9,42.0,NEW JERSEY,IMO8643078,WYU8850,60.0,0.0,86.0,20.0,,,B
371618000,2019-05-08T00:25:40,38.921,-75.0972,13.7,166.0,168.0,EUPHONY ACE,IMO9293595,3EDG6,70.0,0.0,199.0,32.0,9.8,70.0,B
367699890,2019-05-08T00:24:59,38.78667,-75.117,22.0,201.7,511.0,J P VIRDEN,,WDI4560,,15.0,16.0,,,,B
367563930,2019-05-08T00:25:57,39.06281,-75.17295,11.0,-72.6,337.0,DEAN REINAUER,IMO9653264,WDG7107,31.0,0.0,35.0,10.0,4.9,,B
338447000,2019-05-08T00:25:43,39.24207,-75.31455,10.0,142.7,143.0,OSG HORIZON,IMO9436549,WDF6180,31.0,0.0,46.0,15.0,6.5,57.0,B
367600030,2019-05-08T00:25:46,38.94189,-75.11277,3.7,167.3,511.0,SUSAN CELESTE,,WDH2672,37.0,,12.0,,,,B
229208000,2019-05-08T00:25:29,39.51145,-75.5533,11.8,195.0,195.0,HELLAS ENTERPRISE,IMO9397468,9HA3151,80.0,5.0,183.0,32.0,12.9,80.0,B
367563930,2019-05-08T00:23:57,39.05717,-75.1699,11.0,-72.5,337.0,DEAN REINAUER,IMO9653264,WDG7107,31.0,0.0,35.0,10.0,4.9,,B
367797720,2019-05-08T00:25:15,38.97993,-75.13171,5.3,152.8,155.0,DAISY MAE,,WDJ6432,,15.0,,,,,B
366914190,2019-05-08T00:26:01,38.89146,-75.0546,13.9,37.5,45.0,NEW JERSEY,IMO8643078,WYU8850,60.0,0.0,86.0,20.0,,,B
229208000,2019-05-08T00:26:40,39.50767,-75.55463,11.7,195.0,195.0,HELLAS ENTERPRISE,IMO9397468,9HA3151,80.0,5.0,183.0,32.0,12.9,80.0,B
338447000,2019-05-08T00:27:13,39.2387,-75.31132,10.1,142.9,145.0,OSG HORIZON,IMO9436549,WDF6180,31.0,0.0,46.0,15.0,6.5,57.0,B
367730710,2019-05-08T00:25:56,39.03595,-75.01959,6.1,130.4,145.0,GODSPEED,,WDI7643,37.0,,,,,,B
367797720,2019-05-08T00:27:04,38.97752,-75.13014,4.8,151.8,155.0,DAISY MAE,,WDJ6432,,15.0,,,,,B
538004030,2019-05-08T00:26:14,38.93161,-75.16308,0.0,-186.3,151.0,FRIO,IMO9596985,V7UU3,80.0,1.0,274.0,48.0,17.1,89.0,A
371618000,2019-05-08T00:26:42,38.9171,-75.0961,13.9,167.0,168.0,EUPHONY ACE,IMO9293595,3EDG6,70.0,0.0,199.0,32.0,9.8,70.0,B
366914190,2019-05-08T00:27:39,38.89648,-75.04978,13.4,38.8,53.0,NEW JERSEY,IMO8643078,WYU8850,60.0,0.0,86.0,20.0,,,A
229208000,2019-05-08T00:27:49,39.50395,-75.55597,11.7,195.0,195.0,HELLAS ENTERPRISE,IMO9397468,9HA3151,80.0,5.0,183.0,32.0,12.9,80.0,B
367730710,2019-05-08T00:24:54,39.03695,-75.02127,5.2,128.7,146.0,GODSPEED,,WDI7643,37.0,,,,,,B
311073800,2019-05-08T00:26:35,38.98889,-75.21563,0.0,13.1,149.0,EURO,IMO9567702,C6AA5,84.0,1.0,274.0,48.0,-11.5,84.0,A
367563930,2019-05-08T00:27:06,39.06605,-75.1747,11.0,-72.2,338.0,DEAN REINAUER,IMO9653264,WDG7107,31.0,0.0,35.0,10.0,4.9,,B
367600030,2019-05-08T00:27:16,38.94086,-75.11261,2.7,179.9,511.0,SUSAN CELESTE,,WDH2672,37.0,,12.0,,,,B
367730710,2019-05-08T00:27:25,39.03449,-75.01731,5.7,133.4,149.0,GODSPEED,,WDI7643,37.0,,,,,,B
367797720,2019-05-08T00:28:35,38.97553,-75.12883,5.1,156.6,157.0,DAISY MAE,,WDJ6432,,15.0,,,,,B
369235000,2019-05-08T00:27:24,38.91949,-75.13818,0.1,46.6,155.0,OSG VISION,IMO9436537,WDF2493,31.0,1.0,46.0,15.0,6.5,57.0,A
636018106,2019-05-08T00:27:26,38.83921,-75.06149,14.4,-65.1,345.0,,,,,0.0,,,,,B
338447000,2019-05-08T00:28:34,39.23561,-75.30851,10.1,144.9,145.0,OSG HORIZON,IMO9436549,WDF6180,31.0,0.0,46.0,15.0,6.5,57.0,B
366914190,2019-05-08T00:28:49,38.89995,-75.04628,13.7,35.8,47.0,NEW JERSEY,IMO8643078,WYU8850,60.0,0.0,86.0,20.0,,,B
371618000,2019-05-08T00:29:20,38.90708,-75.09332,13.9,167.0,168.0,EUPHONY ACE,IMO9293595,3EDG6,70.0,0.0,199.0,32.0,9.8,70.0,B
240463000,2019-05-08T00:28:04,38.94437,-75.17447,0.0,-142.6,148.0,BOUBOULINA,IMO9298753,SZIS,80.0,1.0,274.0,50.0,17.0,80.0,A
367100370,2019-05-08T00:29:16,38.78482,-75.11867,20.5,42.2,511.0,LEWES,,WDC9301,50.0,0.0,16.0,5.0,,50.0,A
366914190,2019-05-08T00:29:53,38.90304,-75.04313,12.9,38.8,52.0,NEW JERSEY,IMO8643078,WYU8850,60.0,0.0,86.0,20.0,,,A
367563930,2019-05-08T00:28:07,39.06886,-75.17618,10.9,-72.2,337.0,DEAN REINAUER,IMO9653264,WDG7107,31.0,0.0,35.0,10.0,4.9,,B
636018106,2019-05-08T00:28:38,38.84382,-75.06309,14.5,-65.1,345.0,,,,,0.0,,,,,B
636018106,2019-05-08T00:29:44,38.84811,-75.06454,14.5,-64.4,345.0,,,,,0.0,,,,,B
367600030,2019-05-08T00:28:46,38.93976,-75.11239,2.9,175.4,511.0,SUSAN CELESTE,,WDH2672,37.0,,12.0,,,,B
538004030,2019-05-08T00:29:16,38.93161,-75.16307,0.0,-179.0,151.0,FRIO,IMO9596985,V7UU3,80.0,1.0,274.0,48.0,17.1,89.0,A
371618000,2019-05-08T00:30:31,38.90272,-75.09208,13.6,167.0,168.0,EUPHONY ACE,IMO9293595,3EDG6,70.0,0.0,199.0,32.0,9.8,70.0,B
367563930,2019-05-08T00:29:18,39.07218,-75.17799,10.9,-72.8,337.0,DEAN REINAUER,IMO9653264,WDG7107,31.0,0.0,35.0,10.0,4.9,,B
369235000,2019-05-08T00:30:24,38.91953,-75.1381,0.0,46.6,159.0,OSG VISION,IMO9436537,WDF2493,31.0,1.0,46.0,15.0,6.5,57.0,A
338447000,2019-05-08T00:30:13,39.2318,-75.30504,10.1,145.9,146.0,OSG HORIZON,IMO9436549,WDF6180,31.0,0.0,46.0,15.0,6.5,57.0,B
229208000,2019-05-08T00:29:00,39.50018,-75.55732,11.6,195.0,195.0,HELLAS ENTERPRISE,IMO9397468,9HA3151,80.0,5.0,183.0,32.0,12.9,80.0,B
367600030,2019-05-08T00:29:47,38.93916,-75.11234,2.2,178.2,511.0,SUSAN CELESTE,,WDH2672,37.0,,12.0,,,,B
367730710,2019-05-08T00:29:23,39.03252,-75.01431,4.9,133.7,150.0,GODSPEED,,WDI7643,37.0,,,,,,B
229208000,2019-05-08T00:30:49,39.49455,-75.55933,11.5,195.0,195.0,HELLAS ENTERPRISE,IMO9397468,9HA3151,80.0,5.0,183.0,32.0,12.9,80.0,B
367797720,2019-05-08T00:30:24,38.97306,-75.12743,5.0,155.8,158.0,DAISY MAE,,WDJ6432,,15.0,,,,,B
371618000,2019-05-08T00:28:13,38.91132,-75.09448,14.0,167.0,168.0,EUPHONY ACE,IMO9293595,3EDG6,70.0,0.0,199.0,32.0,9.8,70.0,B
367100370,2019-05-08T00:30:22,38.79037,-75.11572,20.9,-56.2,511.0,LEWES,,WDC9301,50.0,0.0,16.0,5.0,,50.0,A
311073800,2019-05-08T00:29:35,38.98893,-75.21556,0.0,17.4,151.0,EURO,IMO9567702,C6AA5,84.0,1.0,274.0,48.0,-11.5,84.0,A
366914190,2019-05-08T00:31:13,38.9062,-75.03862,12.5,52.8,60.0,NEW JERSEY,IMO8643078,WYU8850,60.0,0.0,86.0,20.0,,,B
367563930,2019-05-08T00:30:27,39.07544,-75.17976,10.9,-72.4,338.0,DEAN REINAUER,IMO9653264,WDG7107,31.0,0.0,35.0,10.0,4.9,,B
636018106,2019-05-08T00:31:14,38.85402,-75.06655,14.6,-64.2,344.0,,,,,0.0,,,,,B
240463000,2019-05-08T00:31:04,38.94442,-75.17445,0.0,-142.6,148.0,BOUBOULINA,IMO9298753,SZIS,80.0,1.0,274.0,50.0,17.0,80.0,A
367730710,2019-05-08T00:30:55,39.03102,-75.01195,5.6,123.8,143.0,GODSPEED,,WDI7643,37.0,,,,,,B
338447000,2019-05-08T00:31:23,39.22904,-75.30267,10.0,146.0,149.0,OSG HORIZON,IMO9436549,WDF6180,31.0,0.0,46.0,15.0,6.5,57.0,B
367600030,2019-05-08T00:31:15,38.93803,-75.11206,3.4,170.5,511.0,SUSAN CELESTE,,WDH2672,37.0,,12.0,,,,B
367797720,2019-05-08T00:31:34,38.97148,-75.12654,5.6,160.1,158.0,DAISY MAE,,WDJ6432,,15.0,,,,,B
367100370,2019-05-08T00:31:34,38.79722,-75.11805,21.1,-74.2,511.0,LEWES,,WDC9301,50.0,0.0,16.0,5.0,,50.0,B
371618000,2019-05-08T00:31:44,38.89815,-75.09077,13.3,167.0,168.0,EUPHONY ACE,IMO9293595,3EDG6,70.0,0.0,199.0,32.0,9.8,70.0,B
366914190,2019-05-08T00:32:41,38.90941,-75.03368,12.2,44.6,48.0,NEW JERSEY,IMO8643078,WYU8850,60.0,0.0,86.0,20.0,,,B
367563930,2019-05-08T00:31:36,39.07866,-75.18152,10.9,-73.0,338.0,DEAN REINAUER,IMO9653264,WDG7107,31.0,0.0,35.0,10.0,4.9,,B
371618000,2019-05-08T00:33:05,38.89345,-75.0894,12.8,167.0,168.0,EUPHONY ACE,IMO9293595,3EDG6,70.0,0.0,199.0,32.0,9.8,70.0,B
229208000,2019-05-08T00:31:59,39.4911,-75.56057,11.4,195.0,195.0,HELLAS ENTERPRISE,IMO9397468,9HA3151,80.0,5.0,183.0,32.0,12.9,80.0,B
538004030,2019-05-08T00:32:15,38.93162,-75.16309,0.0,-162.7,151.0,FRIO,IMO9596985,V7UU3,80.0,1.0,274.0,48.0,17.1,89.0,A
636018106,2019-05-08T00:32:21,38.85831,-75.06801,14.6,-64.5,345.0,,,,,0.0,,,,,B
311073800,2019-05-08T00:32:34,38.98896,-75.21548,0.0,62.5,153.0,EURO,IMO9567702,C6AA5,84.0,1.0,274.0,48.0,-11.5,84.0,A
367600030,2019-05-08T00:33:47,38.93597,-75.11165,3.1,172.1,511.0,SUSAN CELESTE,,WDH2672,37.0,,12.0,,,,B
367100370,2019-05-08T00:32:40,38.80319,-75.11915,19.3,19.0,511.0,LEWES,,WDC9301,50.0,0.0,16.0,5.0,,50.0,B
367563930,2019-05-08T00:32:47,39.08194,-75.18332,10.7,-77.4,330.0,DEAN REINAUER,IMO9653264,WDG7107,31.0,0.0,35.0,10.0,4.9,,B
338447000,2019-05-08T00:32:43,39.22589,-75.30022,10.0,150.6,152.0,OSG HORIZON,IMO9436549,WDF6180,31.0,0.0,46.0,15.0,6.5,57.0,B
367797720,2019-05-08T00:32:45,38.96989,-75.12565,5.1,159.5,158.0,DAISY MAE,,WDJ6432,,15.0,,,,,B
636018106,2019-05-08T00:34:14,38.86577,-75.07048,14.6,-64.6,343.0,,,,,0.0,,,,,B
229208000,2019-05-08T00:33:09,39.48737,-75.56187,11.4,195.0,195.0,HELLAS ENTERPRISE,IMO9397468,9HA3151,80.0,5.0,183.0,32.0,12.9,80.0,B
367730710,2019-05-08T00:33:23,39.02872,-75.00795,5.7,122.7,142.0,GODSPEED,,WDI7643,37.0,,,,,,B
367563930,2019-05-08T00:34:26,39.08619,-75.18657,10.7,-82.2,325.0,DEAN REINAUER,IMO9653264,WDG7107,31.0,0.0,35.0,10.0,4.9,,B
371618000,2019-05-08T00:34:35,38.88828,-75.08792,12.3,167.0,168.0,EUPHONY ACE,IMO9293595,3EDG6,70.0,0.0,199.0,32.0,9.8,70.0,B
369235000,2019-05-08T00:33:24,38.91951,-75.13813,0.1,46.6,159.0,OSG VISION,IMO9436537,WDF2493,31.0,1.0,46.0,15.0,6.5,57.0,A
338447000,2019-05-08T00:34:54,39.2205,-75.29648,10.0,153.0,153.0,OSG HORIZON,IMO9436549,WDF6180,31.0,0.0,46.0,15.0,6.5,57.0,B
366914190,2019-05-08T00:33:45,38.91223,-75.03082,11.9,36.5,40.0,NEW JERSEY,IMO8643078,WYU8850,60.0,0.0,86.0,20.0,,,A
367100370,2019-05-08T00:33:46,38.80597,-75.11289,18.7,81.6,511.0,LEWES,,WDC9301,50.0,0.0,16.0,5.0,,50.0,B
367797720,2019-05-08T00:33:54,38.96831,-75.12479,4.6,157.3,158.0,DAISY MAE,,WDJ6432,,15.0,,,,,B
240463000,2019-05-08T00:34:05,38.94443,-75.17438,0.0,-142.6,149.0,BOUBOULINA,IMO9298753,SZIS,80.0,1.0,274.0,50.0,17.0,80.0,A
367563930,2019-05-08T00:35:36,39.08908,-75.18913,10.7,-85.2,325.0,DEAN REINAUER,IMO9653264,WDG7107,31.0,0.0,35.0,10.0,4.9,,B
366914190,2019-05-08T00:34:50,38.91544,-75.02814,12.8,28.6,38.0,NEW JERSEY,IMO8643078,WYU8850,60.0,0.0,86.0,20.0,,,B
367730710,2019-05-08T00:34:55,39.02736,-75.00537,5.5,121.1,142.0,GODSPEED,,WDI7643,37.0,,,,,,B
636018106,2019-05-08T00:36:08,38.87314,-75.07334,14.6,-66.6,342.0,,,,,0.0,,,,,B
367100370,2019-05-08T00:35:58,38.80876,-75.09849,19.0,66.4,511.0,LEWES,,WDC9301,50.0,0.0,16.0,5.0,,50.0,B
367600030,2019-05-08T00:35:16,38.93477,-75.11145,2.7,178.9,511.0,SUSAN CELESTE,,WDH2672,37.0,,12.0,,,,B
229208000,2019-05-08T00:35:09,39.4813,-75.5631,11.0,182.0,177.0,HELLAS ENTERPRISE,IMO9397468,9HA3151,80.0,5.0,183.0,32.0,12.9,80.0,B
538004030,2019-05-08T00:35:16,38.9316,-75.16311,0.0,-188.4,150.0,FRIO,IMO9596985,V7UU3,80.0,1.0,274.0,48.0,17.1,89.0,A
371618000,2019-05-08T00:35:46,38.88445,-75.08683,11.9,167.0,168.0,EUPHONY ACE,IMO9293595,3EDG6,70.0,0.0,199.0,32.0,9.8,70.0,B
367100370,2019-05-08T00:37:04,38.81154,-75.09192,19.9,42.5,511.0,LEWES,,WDC9301,50.0,0.0,16.0,5.0,,50.0,B
371618000,2019-05-08T00:37:05,38.88028,-75.08562,11.5,167.0,169.0,EUPHONY ACE,IMO9293595,3EDG6,70.0,0.0,199.0,32.0,9.8,70.0,B
311073800,2019-05-08T00:35:35,38.98899,-75.21542,0.0,88.0,154.0,EURO,IMO9567702,C6AA5,84.0,1.0,274.0,48.0,-11.5,84.0,A
366914190,2019-05-08T00:36:11,38.91964,-75.0251,12.7,31.8,41.0,NEW JERSEY,IMO8643078,WYU8850,60.0,0.0,86.0,20.0,,,B
338447000,2019-05-08T00:36:02,39.21773,-75.29467,9.9,152.9,152.0,OSG HORIZON,IMO9436549,WDF6180,31.0,0.0,46.0,15.0,6.5,57.0,B
367797720,2019-05-08T00:36:15,38.96501,-75.12315,5.6,162.7,159.0,DAISY MAE,,WDJ6432,,15.0,,,,,B
369235000,2019-05-08T00:36:24,38.91949,-75.13828,0.0,46.6,154.0,OSG VISION,IMO9436537,WDF2493,31.0,1.0,46.0,15.0,6.5,57.0,A
338447000,2019-05-08T00:37:23,39.21444,-75.29243,9.8,154.0,155.0,OSG HORIZON,IMO9436549,WDF6180,31.0,0.0,46.0,15.0,6.5,57.0,B
636018106,2019-05-08T00:37:38,38.87897,-75.07566,14.7,-67.5,339.0,,,,,0.0,,,,,B
229208000,2019-05-08T00:36:18,39.4779,-75.56295,10.9,176.0,175.0,HELLAS ENTERPRISE,IMO9397468,9HA3151,80.0,5.0,183.0,32.0,12.9,80.0,B
367563930,2019-05-08T00:37:26,39.09365,-75.19305,10.7,-83.1,326.0,DEAN REINAUER,IMO9653264,WDG7107,31.0,0.0,35.0,10.0,4.9,,B
367600030,2019-05-08T00:36:47,38.93356,-75.11121,2.6,170.7,511.0,SUSAN CELESTE,,WDH2672,37.0,,12.0,,,,B
367730710,2019-05-08T00:36:55,39.02548,-75.00197,5.9,128.4,147.0,GODSPEED,,WDI7643,37.0,,,,,,B
366914190,2019-05-08T00:38:21,38.92614,-75.01975,13.0,33.1,43.0,NEW JERSEY,IMO8643078,WYU8850,60.0,0.0,86.0,20.0,,,B
240463000,2019-05-08T00:37:03,38.9445,-75.17435,0.0,-142.6,152.0,BOUBOULINA,IMO9298753,SZIS,80.0,1.0,274.0,50.0,17.0,80.0,A
367797720,2019-05-08T00:37:24,38.9634,-75.12231,5.3,158.3,160.0,DAISY MAE,,WDJ6432,,15.0,,,,,B
367100370,2019-05-08T00:38:58,38.82216,-75.09149,22.1,-67.4,511.0,LEWES,,WDC9301,50.0,0.0,16.0,5.0,,50.0,B
367797720,2019-05-08T00:35:05,38.96667,-75.12393,5.5,159.7,159.0,DAISY MAE,,WDJ6432,,15.0,,,,,B
367797720,2019-05-08T00:38:34,38.96174,-75.12152,5.6,163.6,161.0,DAISY MAE,,WDJ6432,,15.0,,,,,A
366914190,2019-05-08T00:39:51,38.93055,-75.01599,12.7,34.9,40.0,NEW JERSEY,IMO8643078,WYU8850,60.0,0.0,86.0,20.0,,,B
311073800,2019-05-08T00:38:34,38.98902,-75.21537,0.0,65.7,155.0,EURO,IMO9567702,C6AA5,84.0,1.0,274.0,48.0,-11.5,84.0,A
538004030,2019-05-08T00:38:14,38.93159,-75.16311,0.0,-157.2,149.0,FRIO,IMO9596985,V7UU3,80.0,1.0,274.0,48.0,17.1,89.0,A
371618000,2019-05-08T00:38:15,38.87688,-75.08465,11.1,167.0,168.0,EUPHONY ACE,IMO9293595,3EDG6,70.0,0.0,199.0,32.0,9.8,70.0,B
636018106,2019-05-08T00:40:32,38.89021,-75.08045,14.8,-70.0,337.0,,,,,0.0,,,,,B
367600030,2019-05-08T00:38:16,38.93236,-75.11096,1.2,171.6,511.0,SUSAN CELESTE,,WDH2672,37.0,,12.0,,,,B
338447000,2019-05-08T00:38:44,39.21113,-75.29047,9.6,155.0,154.0,OSG HORIZON,IMO9436549,WDF6180,31.0,0.0,46.0,15.0,6.5,57.0,B
367100370,2019-05-08T00:40:28,38.8311,-75.09434,22.9,-65.1,511.0,LEWES,,WDC9301,50.0,0.0,16.0,5.0,,50.0,B
371618000,2019-05-08T00:39:26,38.87327,-75.08362,10.6,167.0,168.0,EUPHONY ACE,IMO9293595,3EDG6,70.0,0.0,199.0,32.0,9.8,70.0,B
338447000,2019-05-08T00:40:23,39.20723,-75.28816,9.2,157.1,156.0,OSG HORIZON,IMO9436549,WDF6180,31.0,0.0,46.0,15.0,6.5,57.0,B
367600030,2019-05-08T00:40:47,38.93024,-75.11075,3.2,186.0,511.0,SUSAN CELESTE,,WDH2672,37.0,,12.0,,,,B
371618000,2019-05-08T00:41:05,38.86868,-75.08233,9.9,167.0,168.0,EUPHONY ACE,IMO9293595,3EDG6,70.0,0.0,199.0,32.0,9.8,70.0,B
229208000,2019-05-08T00:40:09,39.46597,-75.56172,11.1,174.0,174.0,HELLAS ENTERPRISE,IMO9397468,9HA3151,80.0,5.0,183.0,32.0,12.9,80.0,B
369235000,2019-05-08T00:39:24,38.91945,-75.13825,0.1,46.6,151.0,OSG VISION,IMO9436537,WDF2493,31.0,1.0,46.0,15.0,6.5,57.0,A
367797720,2019-05-08T00:39:44,38.96008,-75.12077,5.4,159.1,161.0,DAISY MAE,,WDJ6432,,15.0,,,,,B
240463000,2019-05-08T00:40:04,38.94448,-75.17433,0.0,-142.6,153.0,BOUBOULINA,IMO9298753,SZIS,80.0,1.0,274.0,50.0,17.0,80.0,A
538004030,2019-05-08T00:41:17,38.93159,-75.16308,0.0,-148.1,149.0,FRIO,IMO9596985,V7UU3,80.0,1.0,274.0,48.0,17.1,89.0,A
367563930,2019-05-08T00:41:27,39.10374,-75.2015,10.8,-82.2,327.0,DEAN REINAUER,IMO9653264,WDG7107,31.0,0.0,35.0,10.0,4.9,,B
367797720,2019-05-08T00:41:15,38.9579,-75.11975,4.6,157.3,160.0,DAISY MAE,,WDJ6432,,15.0,,,,,B
367100370,2019-05-08T00:41:42,38.83872,-75.09581,22.4,3.3,511.0,LEWES,,WDC9301,50.0,0.0,16.0,5.0,,50.0,A
636018106,2019-05-08T00:42:32,38.89795,-75.08415,14.9,-70.2,337.0,,,,,0.0,,,,,B
229208000,2019-05-08T00:41:49,39.46073,-75.56102,11.2,175.0,171.0,HELLAS ENTERPRISE,IMO9397468,9HA3151,80.0,5.0,183.0,32.0,12.9,80.0,B
366914190,2019-05-08T00:41:26,38.93508,-75.01201,12.5,35.7,46.0,NEW JERSEY,IMO8643078,WYU8850,60.0,0.0,86.0,20.0,,,A
367730710,2019-05-08T00:40:54,39.02163,-74.99503,6.1,130.7,146.0,GODSPEED,,WDI7643,37.0,,,,,,B
229208000,2019-05-08T00:38:20,39.47152,-75.56238,11.0,175.0,174.0,HELLAS ENTERPRISE,IMO9397468,9HA3151,80.0,5.0,183.0,32.0,12.9,80.0,B
338447000,2019-05-08T00:42:53,39.20146,-75.28488,9.0,155.8,155.0,OSG HORIZON,IMO9436549,WDF6180,31.0,0.0,46.0,15.0,6.5,57.0,B
311073800,2019-05-08T00:41:35,38.98904,-75.21532,0.0,64.9,156.0,EURO,IMO9567702,C6AA5,84.0,1.0,274.0,48.0,-11.5,84.0,A
367100370,2019-05-08T00:43:04,38.84703,-75.09658,21.4,1.4,511.0,LEWES,,WDC9301,50.0,0.0,16.0,5.0,,50.0,B
367563930,2019-05-08T00:38:46,39.09699,-75.19584,10.8,-82.4,326.0,DEAN REINAUER,IMO9653264,WDG7107,31.0,0.0,35.0,10.0,4.9,,B
367797720,2019-05-08T00:42:24,38.9563,-75.11895,5.6,159.5,159.0,DAISY MAE,,WDJ6432,,15.0,,,,,B
371618000,2019-05-08T00:42:15,38.86567,-75.0815,9.4,167.0,168.0,EUPHONY ACE,IMO9293595,3EDG6,70.0,0.0,199.0,32.0,9.8,70.0,B
367600030,2019-05-08T00:42:17,38.92888,-75.11095,3.2,185.6,511.0,SUSAN CELESTE,,WDH2672,37.0,,12.0,,,,B
229208000,2019-05-08T00:43:00,39.4573,-75.55998,10.4,156.0,146.0,HELLAS ENTERPRISE,IMO9397468,9HA3151,80.0,5.0,183.0,32.0,12.9,80.0,B
367730710,2019-05-08T00:42:24,39.02022,-74.99248,5.5,124.9,147.0,GODSPEED,,WDI7643,37.0,,,,,,B
636018106,2019-05-08T00:39:20,38.88549,-75.07841,14.7,-68.3,339.0,,,,,0.0,,,,,B
240463000,2019-05-08T00:43:04,38.94447,-75.17437,0.0,-142.6,154.0,BOUBOULINA,IMO9298753,SZIS,80.0,1.0,274.0,50.0,17.0,80.0,A
367730710,2019-05-08T00:38:25,39.02413,-74.99938,6.3,126.4,143.0,GODSPEED,,WDI7643,37.0,,,,,,B
367730710,2019-05-08T00:39:53,39.02268,-74.99677,6.3,126.2,142.0,GODSPEED,,WDI7643,37.0,,,,,,B
367563930,2019-05-08T00:40:07,39.10037,-75.19868,10.9,-82.6,326.0,DEAN REINAUER,IMO9653264,WDG7107,31.0,0.0,35.0,10.0,4.9,,B
367563930,2019-05-08T00:42:38,39.10668,-75.20394,10.8,-83.2,325.0,DEAN REINAUER,IMO9653264,WDG7107,31.0,0.0,35.0,10.0,4.9,,B
366914190,2019-05-08T00:43:22,38.94046,-75.00668,13.0,38.5,46.0,NEW JERSEY,IMO8643078,WYU8850,60.0,0.0,86.0,20.0,,,B
367797720,2019-05-08T00:44:15,38.95369,-75.11765,5.4,158.2,159.0,DAISY MAE,,WDJ6432,,15.0,,,,,B
367600030,2019-05-08T00:44:16,38.92708,-75.11119,3.8,181.1,511.0,SUSAN CELESTE,,WDH2672,37.0,,12.0,,,,B
371618000,2019-05-08T00:44:25,38.8603,-75.08,8.7,167.0,168.0,EUPHONY ACE,IMO9293595,3EDG6,70.0,0.0,199.0,32.0,9.8,70.0,B
366914190,2019-05-08T00:44:28,38.94318,-75.0033,11.8,51.3,61.0,NEW JERSEY,IMO8643078,WYU8850,60.0,0.0,86.0,20.0,,,A
367563930,2019-05-08T00:44:27,39.11127,-75.20786,10.8,-83.4,326.0,DEAN REINAUER,IMO9653264,WDG7107,31.0,0.0,35.0,10.0,4.9,,B
636018106,2019-05-08T00:44:20,38.90488,-75.08765,14.9,-72.0,335.0,,,,,0.0,,,,,B
367730710,2019-05-08T00:43:26,39.01928,-74.99075,5.8,121.6,144.0,GODSPEED,,WDI7643,37.0,,,,,,B
229208000,2019-05-08T00:44:49,39.45305,-75.55625,10.2,143.0,142.0,HELLAS ENTERPRISE,IMO9397468,9HA3151,80.0,5.0,183.0,32.0,12.9,80.0,B
338447000,2019-05-08T00:45:04,39.19646,-75.28203,9.0,157.2,154.0,OSG HORIZON,IMO9436549,WDF6180,31.0,0.0,46.0,15.0,6.5,57.0,B
367100370,2019-05-08T00:44:42,38.85636,-75.09279,21.1,11.1,511.0,LEWES,,WDC9301,50.0,0.0,16.0,5.0,,50.0,B
636018106,2019-05-08T00:45:38,38.90986,-75.09029,14.9,-72.5,335.0,,,,,0.0,,,,,B
538004030,2019-05-08T00:44:14,38.93163,-75.16308,0.0,-119.6,149.0,FRIO,IMO9596985,V7UU3,80.0,1.0,274.0,48.0,17.1,89.0,A
366914190,2019-05-08T00:45:30,38.94557,-75.00004,12.9,46.6,51.0,NEW JERSEY,IMO8643078,WYU8850,60.0,0.0,86.0,20.0,,,B
311073800,2019-05-08T00:44:35,38.98904,-75.21526,0.0,64.9,157.0,EURO,IMO9567702,C6AA5,84.0,1.0,274.0,48.0,-11.5,84.0,A
367797720,2019-05-08T00:46:14,38.95094,-75.11629,5.8,158.3,159.0,DAISY MAE,,WDJ6432,,15.0,,,,,B
367100370,2019-05-08T00:46:14,38.85988,-75.0844,18.3,103.7,511.0,LEWES,,WDC9301,50.0,0.0,16.0,5.0,,50.0,B
367730710,2019-05-08T00:44:55,39.01791,-74.98809,5.5,120.7,144.0,GODSPEED,,WDI7643,37.0,,,,,,B
367563930,2019-05-08T00:46:27,39.11632,-75.21217,10.9,-83.2,326.0,DEAN REINAUER,IMO9653264,WDG7107,31.0,0.0,35.0,10.0,4.9,,B
366914190,2019-05-08T00:46:41,38.94868,-74.99615,12.8,46.2,56.0,NEW JERSEY,IMO8643078,WYU8850,60.0,0.0,86.0,20.0,,,B
636018106,2019-05-08T00:46:56,38.91481,-75.09291,14.8,-72.3,336.0,,,,,0.0,,,,,B
369235000,2019-05-08T00:45:24,38.91954,-75.13801,0.0,46.6,161.0,OSG VISION,IMO9436537,WDF2493,31.0,1.0,46.0,15.0,6.5,57.0,A
367730710,2019-05-08T00:45:56,39.017,-74.98622,5.8,123.8,147.0,GODSPEED,,WDI7643,37.0,,,,,,B
367600030,2019-05-08T00:45:17,38.9262,-75.1112,2.7,182.8,511.0,SUSAN CELESTE,,WDH2672,37.0,,12.0,,,,B
338447000,2019-05-08T00:47:04,39.19194,-75.27945,8.9,155.2,153.0,OSG HORIZON,IMO9436549,WDF6180,31.0,0.0,46.0,15.0,6.5,57.0,B
371618000,2019-05-08T00:45:35,38.85778,-75.0793,8.0,167.0,168.0,EUPHONY ACE,IMO9293595,3EDG6,70.0,0.0,199.0,32.0,9.8,70.0,B
229208000,2019-05-08T00:46:59,39.44808,-75.55128,10.7,140.0,140.0,HELLAS ENTERPRISE,IMO9397468,9HA3151,80.0,5.0,183.0,32.0,12.9,80.0,B
367600030,2019-05-08T00:47:17,38.92441,-75.11128,3.6,185.2,511.0,SUSAN CELESTE,,WDH2672,37.0,,12.0,,,,B
367797720,2019-05-08T00:47:24,38.94933,-75.11549,5.1,157.0,159.0,DAISY MAE,,WDJ6432,,15.0,,,,,B
367100370,2019-05-08T00:47:32,38.85562,-75.07951,13.8,165.9,511.0,LEWES,,WDC9301,50.0,0.0,16.0,5.0,,50.0,B
371618000,2019-05-08T00:48:02,38.85265,-75.07823,7.1,186.0,187.0,EUPHONY ACE,IMO9293595,3EDG6,70.0,0.0,199.0,32.0,9.8,70.0,A
366914190,2019-05-08T00:48:30,38.95313,-74.98993,13.0,47.2,54.0,NEW JERSEY,IMO8643078,WYU8850,60.0,0.0,86.0,20.0,,,B
367563930,2019-05-08T00:48:07,39.12054,-75.21574,10.9,-83.4,325.0,DEAN REINAUER,IMO9653264,WDG7107,31.0,0.0,35.0,10.0,4.9,,A
636018106,2019-05-08T00:48:32,38.92085,-75.09617,14.8,-72.8,336.0,,,,,0.0,,,,,B
538004030,2019-05-08T00:47:14,38.93161,-75.16302,0.0,139.1,149.0,FRIO,IMO9596985,V7UU3,80.0,1.0,274.0,48.0,17.1,89.0,A
229208000,2019-05-08T00:48:49,39.44367,-75.54655,11.2,140.0,140.0,HELLAS ENTERPRISE,IMO9397468,9HA3151,80.0,5.0,183.0,32.0,12.9,80.0,B
367100370,2019-05-08T00:49:20,38.85086,-75.07915,7.4,-204.4,511.0,LEWES,,WDC9301,50.0,0.0,16.0,5.0,,50.0,B
367730710,2019-05-08T00:47:56,39.01526,-74.9827,5.4,121.9,146.0,GODSPEED,,WDI7643,37.0,,,,,,B
366914190,2019-05-08T00:49:51,38.95653,-74.98532,13.3,41.9,44.0,NEW JERSEY,IMO8643078,WYU8850,60.0,0.0,86.0,20.0,,,A
338447000,2019-05-08T00:49:54,39.18566,-75.27571,8.8,154.8,153.0,OSG HORIZON,IMO9436549,WDF6180,31.0,0.0,46.0,15.0,6.5,57.0,B
636018106,2019-05-08T00:50:14,38.92729,-75.09965,14.8,-72.7,336.0,,,,,0.0,,,,,B
338447000,2019-05-08T00:51:03,39.18311,-75.27415,8.7,151.8,150.0,OSG HORIZON,IMO9436549,WDF6180,31.0,0.0,46.0,15.0,6.5,57.0,B
240463000,2019-05-08T00:49:04,38.94445,-75.17448,0.0,-142.6,153.0,BOUBOULINA,IMO9298753,SZIS,80.0,1.0,274.0,50.0,17.0,80.0,A
367600030,2019-05-08T00:48:45,38.92302,-75.11135,3.0,182.8,511.0,SUSAN CELESTE,,WDH2672,37.0,,12.0,,,,B
367100370,2019-05-08T00:50:56,38.84788,-75.08168,7.8,-204.2,511.0,LEWES,,WDC9301,50.0,0.0,16.0,5.0,,50.0,B
371618000,2019-05-08T00:50:26,38.84808,-75.08113,8.0,-196.6,205.0,EUPHONY ACE,IMO9293595,3EDG6,70.0,0.0,199.0,32.0,9.8,70.0,B
367563930,2019-05-08T00:49:17,39.12349,-75.21831,11.0,-83.5,325.0,DEAN REINAUER,IMO9653264,WDG7107,31.0,0.0,35.0,10.0,4.9,,B
367600030,2019-05-08T00:49:46,38.92213,-75.11141,3.6,186.0,511.0,SUSAN CELESTE,,WDH2672,37.0,,12.0,,,,B
229208000,2019-05-08T00:49:59,39.44098,-75.54358,11.4,139.0,139.0,HELLAS ENTERPRISE,IMO9397468,9HA3151,80.0,5.0,183.0,32.0,12.9,80.0,B
367563930,2019-05-08T00:51:46,39.12971,-75.22374,10.9,-84.1,324.0,DEAN REINAUER,IMO9653264,WDG7107,31.0,0.0,35.0,10.0,4.9,,B
366914190,2019-05-08T00:51:21,38.96082,-74.98084,13.2,40.7,45.0,NEW JERSEY,IMO8643078,WYU8850,60.0,0.0,86.0,20.0,,,B
367797720,2019-05-08T00:49:44,38.94619,-75.11387,5.1,149.3,158.0,DAISY MAE,,WDJ6432,,15.0,,,,,B
371618000,2019-05-08T00:52:15,38.84482,-75.08407,7.8,-194.6,205.0,EUPHONY ACE,IMO9293595,3EDG6,70.0,0.0,199.0,32.0,9.8,70.0,B
538004030,2019-05-08T00:50:17,38.93167,-75.16303,0.1,194.6,148.0,FRIO,IMO9596985,V7UU3,80.0,1.0,274.0,48.0,17.1,89.0,A
367730710,2019-05-08T00:49:55,39.01337,-74.97957,5.3,130.2,151.0,GODSPEED,,WDI7643,37.0,,,,,,B
229208000,2019-05-08T00:51:49,39.43643,-75.53852,11.6,139.0,139.0,HELLAS ENTERPRISE,IMO9397468,9HA3151,80.0,5.0,183.0,32.0,12.9,80.0,B
367797720,2019-05-08T00:52:05,38.94302,-75.11217,5.0,165.7,158.0,DAISY MAE,,WDJ6432,,15.0,,,,,B
311073800,2019-05-08T00:50:33,38.98911,-75.21519,0.0,77.4,160.0,EURO,IMO9567702,C6AA5,84.0,1.0,274.0,48.0,-11.5,84.0,A
636018106,2019-05-08T00:52:32,38.936,-75.10438,14.8,-72.6,336.0,,,,,0.0,,,,,B
367797720,2019-05-08T00:48:35,38.94771,-75.11469,5.1,156.0,158.0,DAISY MAE,,WDJ6432,,15.0,,,,,B
367600030,2019-05-08T00:51:16,38.92091,-75.11153,1.9,180.5,511.0,SUSAN CELESTE,,WDH2672,37.0,,12.0,,,,B
338447000,2019-05-08T00:53:03,39.17903,-75.27109,8.4,144.4,144.0,OSG HORIZON,IMO9436549,WDF6180,31.0,0.0,46.0,15.0,6.5,57.0,B
367730710,2019-05-08T00:51:25,39.01272,-74.97788,3.1,107.2,146.0,GODSPEED,,WDI7643,37.0,,,,,,B
369235000,2019-05-08T00:51:24,38.91949,-75.13812,0.0,46.6,160.0,OSG VISION,IMO9436537,WDF2493,31.0,1.0,46.0,15.0,6.5,57.0,A
538004030,2019-05-08T00:53:17,38.93171,-75.16301,0.1,28.0,148.0,FRIO,IMO9596985,V7UU3,80.0,1.0,274.0,48.0,17.1,89.0,A
366914190,2019-05-08T00:52:34,38.96425,-74.97721,12.8,40.6,50.0,NEW JERSEY,IMO8643078,WYU8850,60.0,0.0,86.0,20.0,,,A
367100370,2019-05-08T00:52:54,38.84398,-75.08754,20.5,-149.7,511.0,LEWES,,WDC9301,50.0,0.0,16.0,5.0,,50.0,A
367563930,2019-05-08T00:52:57,39.13267,-75.22637,10.9,-84.9,323.0,DEAN REINAUER,IMO9653264,WDG7107,31.0,0.0,35.0,10.0,4.9,,B
371618000,2019-05-08T00:53:52,38.84193,-75.08542,5.5,172.0,161.0,EUPHONY ACE,IMO9293595,3EDG6,70.0,0.0,199.0,32.0,9.8,70.0,A
367600030,2019-05-08T00:54:46,38.91799,-75.11096,2.1,167.4,511.0,SUSAN CELESTE,,WDH2672,37.0,,12.0,,,,B
338447000,2019-05-08T00:54:24,39.17639,-75.26875,8.5,148.8,147.0,OSG HORIZON,IMO9436549,WDF6180,31.0,0.0,46.0,15.0,6.5,57.0,B
229208000,2019-05-08T00:53:49,39.43148,-75.53298,11.7,139.0,139.0,HELLAS ENTERPRISE,IMO9397468,9HA3151,80.0,5.0,183.0,32.0,12.9,80.0,B
311073800,2019-05-08T00:53:35,38.98911,-75.21513,0.0,59.3,161.0,EURO,IMO9567702,C6AA5,84.0,1.0,274.0,48.0,-11.5,84.0,A
366914190,2019-05-08T00:54:24,38.96716,-74.97051,11.1,83.6,95.0,NEW JERSEY,IMO8643078,WYU8850,60.0,0.0,86.0,20.0,,,A
367600030,2019-05-08T00:52:46,38.91966,-75.11146,2.3,178.3,511.0,SUSAN CELESTE,,WDH2672,37.0,,12.0,,,,B
367100370,2019-05-08T00:55:02,38.84013,-75.10216,20.3,-165.4,511.0,LEWES,,WDC9301,50.0,0.0,16.0,5.0,,50.0,B
367797720,2019-05-08T00:53:16,38.94146,-75.11125,5.6,155.8,157.0,DAISY MAE,,WDJ6432,,15.0,,,,,B
367730710,2019-05-08T00:52:55,39.01222,-74.97633,3.2,114.7,152.0,GODSPEED,,WDI7643,37.0,,,,,,B
367563930,2019-05-08T00:54:07,39.13553,-75.22901,11.0,-85.1,324.0,DEAN REINAUER,IMO9653264,WDG7107,31.0,0.0,35.0,10.0,4.9,,B
369235000,2019-05-08T00:54:24,38.91952,-75.13812,0.0,46.6,155.0,OSG VISION,IMO9436537,WDF2493,31.0,1.0,46.0,15.0,6.5,57.0,A
367797720,2019-05-08T00:54:24,38.94001,-75.11022,5.6,130.2,140.0,DAISY MAE,,WDJ6432,,15.0,,,,,A
636018106,2019-05-08T00:53:38,38.94018,-75.10667,14.8,-72.7,335.0,,,,,0.0,,,,,B
367100370,2019-05-08T00:53:58,38.84239,-75.09499,20.6,-157.2,511.0,LEWES,,WDC9301,50.0,0.0,16.0,5.0,,50.0,B
371618000,2019-05-08T00:55:05,38.84077,-75.08427,4.6,134.0,138.0,EUPHONY ACE,IMO9293595,3EDG6,70.0,0.0,199.0,32.0,9.8,70.0,B
367730710,2019-05-08T00:54:55,39.01163,-74.97427,3.1,108.7,150.0,GODSPEED,,WDI7643,37.0,,,,,,B
636018106,2019-05-08T00:55:26,38.947,-75.11038,14.9,-72.8,336.0,,,,,0.0,,,,,B
229208000,2019-05-08T00:55:49,39.42655,-75.52755,11.7,139.0,138.0,HELLAS ENTERPRISE,IMO9397468,9HA3151,80.0,5.0,183.0,32.0,12.9,80.0,B
338447000,2019-05-08T00:56:04,39.17304,-75.26607,8.5,143.9,143.0,OSG HORIZON,IMO9436549,WDF6180,31.0,0.0,46.0,15.0,6.5,57.0,B
367100370,2019-05-08T00:56:06,38.83731,-75.10892,20.2,-174.9,511.0,LEWES,,WDC9301,50.0,0.0,16.0,5.0,,50.0,B
636018106,2019-05-08T00:56:38,38.95157,-75.11289,14.9,-72.8,336.0,,,,,0.0,,,,,B
367563930,2019-05-08T00:55:27,39.13887,-75.23212,11.1,-85.5,324.0,DEAN REINAUER,IMO9653264,WDG7107,31.0,0.0,35.0,10.0,4.9,,B
240463000,2019-05-08T00:55:06,38.94443,-75.17453,0.0,-142.6,152.0,BOUBOULINA,IMO9298753,SZIS,80.0,1.0,274.0,50.0,17.0,80.0,A
371618000,2019-05-08T00:57:05,38.83852,-75.08113,6.5,137.0,145.0,EUPHONY ACE,IMO9293595,3EDG6,70.0,0.0,199.0,32.0,9.8,70.0,B
366914190,2019-05-08T00:57:11,38.9673,-74.96204,5.6,81.1,82.0,NEW JERSEY,IMO8643078,WYU8850,60.0,0.0,86.0,20.0,,,B
367797720,2019-05-08T00:55:34,38.93884,-75.10841,5.6,128.7,139.0,DAISY MAE,,WDJ6432,,15.0,,,,,B
538004030,2019-05-08T00:56:15,38.93173,-75.16291,0.0,47.9,149.0,FRIO,IMO9596985,V7UU3,80.0,1.0,274.0,48.0,17.1,89.0,A
338447000,2019-05-08T00:57:53,39.16956,-75.26284,8.5,145.7,144.0,OSG HORIZON,IMO9436549,WDF6180,31.0,0.0,46.0,15.0,6.5,57.0,B
367730710,2019-05-08T00:56:24,39.01107,-74.97271,3.2,107.4,148.0,GODSPEED,,WDI7643,37.0,,,,,,B
311073800,2019-05-08T00:56:33,38.98912,-75.21509,0.0,115.4,162.0,EURO,IMO9567702,C6AA5,84.0,1.0,274.0,48.0,-11.5,84.0,A
367563930,2019-05-08T00:56:38,39.14184,-75.23486,11.1,-85.0,325.0,DEAN REINAUER,IMO9653264,WDG7107,31.0,0.0,35.0,10.0,4.9,,B
367797720,2019-05-08T00:56:45,38.9377,-75.10671,5.1,132.6,138.0,DAISY MAE,,WDJ6432,,15.0,,,,,A
636018106,2019-05-08T00:58:50,38.95997,-75.11751,15.0,-73.3,335.0,,,,,0.0,,,,,B
229208000,2019-05-08T00:56:59,39.42372,-75.52433,11.7,138.0,138.0,HELLAS ENTERPRISE,IMO9397468,9HA3151,80.0,5.0,183.0,32.0,12.9,80.0,B
367600030,2019-05-08T00:56:19,38.91681,-75.11055,2.7,170.1,511.0,SUSAN CELESTE,,WDH2672,37.0,,12.0,,,,B
367600030,2019-05-08T00:57:46,38.9156,-75.11017,3.0,168.0,511.0,SUSAN CELESTE,,WDH2672,37.0,,12.0,,,,B
369235000,2019-05-08T00:57:24,38.91952,-75.13803,0.0,46.6,157.0,OSG VISION,IMO9436537,WDF2493,31.0,1.0,46.0,15.0,6.5,57.0,A
367730710,2019-05-08T00:57:53,39.01071,-74.97129,2.9,86.1,135.0,GODSPEED,,WDI7643,37.0,,,,,,B
229208000,2019-05-08T00:58:00,39.42127,-75.52153,11.7,138.0,137.0,HELLAS ENTERPRISE,IMO9397468,9HA3151,80.0,5.0,183.0,32.0,12.9,80.0,B
367100370,2019-05-08T00:58:18,38.82746,-75.11687,19.6,198.5,511.0,LEWES,,WDC9301,50.0,0.0,16.0,5.0,,50.0,B
367100370,2019-05-08T00:57:12,38.83298,-75.11421,20.0,-197.6,511.0,LEWES,,WDC9301,50.0,0.0,16.0,5.0,,50.0,B
240463000,2019-05-08T00:58:06,38.94447,-75.17457,0.0,-142.6,152.0,BOUBOULINA,IMO9298753,SZIS,80.0,1.0,274.0,50.0,17.0,80.0,A
371618000,2019-05-08T00:58:15,38.83677,-75.07945,7.2,144.0,150.0,EUPHONY ACE,IMO9293595,3EDG6,70.0,0.0,199.0,32.0,9.8,70.0,B
367730710,2019-05-08T00:58:54,39.01075,-74.97006,3.4,86.1,134.0,GODSPEED,,WDI7643,37.0,,,,,,B
367563930,2019-05-08T00:58:58,39.14774,-75.24016,11.2,-84.8,324.0,DEAN REINAUER,IMO9653264,WDG7107,31.0,0.0,35.0,10.0,4.9,,B
367797720,2019-05-08T00:59:05,38.93545,-75.10332,5.6,130.6,138.0,DAISY MAE,,WDJ6432,,15.0,,,,,B
367600030,2019-05-08T00:59:16,38.9144,-75.10977,3.1,175.6,511.0,SUSAN CELESTE,,WDH2672,37.0,,12.0,,,,B
367100370,2019-05-08T00:59:24,38.82157,-75.11883,19.5,191.6,511.0,LEWES,,WDC9301,50.0,0.0,16.0,5.0,,50.0,B
371618000,2019-05-08T00:59:25,38.83457,-75.07748,8.1,145.0,150.0,EUPHONY ACE,IMO9293595,3EDG6,70.0,0.0,199.0,32.0,9.8,70.0,B
229208000,2019-05-08T00:59:09,39.41842,-75.51818,11.6,137.0,137.0,HELLAS ENTERPRISE,IMO9397468,9HA3151,80.0,5.0,183.0,32.0,12.9,80.0,B
367730710,2019-05-08T00:59:55,39.01077,-74.96904,2.4,66.1,135.0,GODSPEED,,WDI7643,37.0,,,,,,B
367563930,2019-05-08T00:57:46,39.14473,-75.23745,11.2,-84.7,325.0,DEAN REINAUER,IMO9653264,WDG7107,31.0,0.0,35.0,10.0,4.9,,B
636018106,2019-05-08T00:59:56,38.96415,-75.11982,15.1,-73.2,335.0,,,,,0.0,,,,,B
367797720,2019-05-08T00:57:54,38.9366,-75.10505,5.1,128.0,138.0,DAISY MAE,,WDJ6432,,15.0,,,,,B
311073800,2019-05-08T00:59:32,38.98911,-75.21507,0.0,-171.9,163.0,EURO,IMO9567702,C6AA5,84.0,1.0,274.0,48.0,-11.5,84.0,A
229208000,2019-05-08T01:00:00,39.41632,-75.51573,11.6,137.0,137.0,HELLAS ENTERPRISE,IMO9397468,9HA3151,80.0,5.0,183.0,32.0,12.9,80.0,B
338447000,2019-05-08T01:00:04,39.16549,-75.25907,8.3,144.9,145.0,OSG HORIZON,IMO9436549,WDF6180,31.0,0.0,46.0,15.0,6.5,57.0,B
371618000,2019-05-08T01:00:05,38.83332,-75.07637,8.3,145.0,150.0,EUPHONY ACE,IMO9293595,3EDG6,70.0,0.0,199.0,32.0,9.8,70.0,B
636018106,2019-05-08T01:00:02,38.96461,-75.12008,15.1,-73.1,335.0,,,,,0.0,,,,,B
367797720,2019-05-08T01:00:05,38.93449,-75.10185,5.1,131.3,138.0,DAISY MAE,,WDJ6432,,15.0,,,,,B
367563930,2019-05-08T01:00:07,39.15073,-75.24286,11.2,-84.6,325.0,DEAN REINAUER,IMO9653264,WDG7107,31.0,0.0,35.0,10.0,4.9,,A
367730710,2019-05-08T01:00:24,39.01095,-74.96865,3.1,56.9,95.0,GODSPEED,,WDI7643,37.0,,,,,,B
338447000,2019-05-08T00:59:04,39.16731,-75.26078,8.3,145.1,145.0,OSG HORIZON,IMO9436549,WDF6180,31.0,0.0,46.0,15.0,6.5,57.0,B
367100370,2019-05-08T01:00:18,38.81677,-75.12034,20.2,192.0,511.0,LEWES,,WDC9301,50.0,0.0,16.0,5.0,,50.0,B
367600030,2019-05-08T01:00:16,38.91365,-75.10947,2.5,159.7,511.0,SUSAN CELESTE,,WDH2672,37.0,,12.0,,,,B
538004030,2019-05-08T00:59:14,38.93176,-75.16282,0.1,67.8,149.0,FRIO,IMO9596985,V7UU3,80.0,1.0,274.0,48.0,17.1,89.0,A
240463000,2019-05-08T01:01:03,38.94447,-75.1746,0.0,-142.6,151.0,BOUBOULINA,IMO9298753,SZIS,80.0,1.0,274.0,50.0,17.0,80.0,A
229208000,2019-05-08T01:01:10,39.41363,-75.5126,11.6,138.0,137.0,HELLAS ENTERPRISE,IMO9397468,9HA3151,80.0,5.0,183.0,32.0,12.9,80.0,B
367797720,2019-05-08T01:01:14,38.93331,-75.10026,4.9,137.0,145.0,DAISY MAE,,WDJ6432,,15.0,,,,,B
636018106,2019-05-08T01:01:08,38.96881,-75.12244,15.1,-73.2,335.0,,,,,0.0,,,,,B
367563930,2019-05-08T01:01:18,39.15373,-75.24556,11.3,-84.9,324.0,DEAN REINAUER,IMO9653264,WDG7107,31.0,0.0,35.0,10.0,4.9,,B
371618000,2019-05-08T01:01:15,38.83107,-75.0744,8.7,145.0,150.0,EUPHONY ACE,IMO9293595,3EDG6,70.0,0.0,199.0,32.0,9.8,70.0,B
367100370,2019-05-08T01:01:24,38.81051,-75.1219,20.8,189.1,511.0,LEWES,,WDC9301,50.0,0.0,16.0,5.0,,50.0,B
367600030,2019-05-08T01:01:46,38.91241,-75.109,1.9,161.8,511.0,SUSAN CELESTE,,WDH2672,37.0,,12.0,,,,B
338447000,2019-05-08T01:01:12,39.16333,-75.25713,8.2,144.7,145.0,OSG HORIZON,IMO9436549,WDF6180,31.0,0.0,46.0,15.0,6.5,57.0,B
367730710,2019-05-08T01:01:54,39.01213,-74.96699,3.9,54.5,76.0,GODSPEED,,WDI7643,37.0,,,,,,B
367797720,2019-05-08T01:02:24,38.93194,-75.09904,5.4,149.5,152.0,DAISY MAE,,WDJ6432,,15.0,,,,,B
367100370,2019-05-08T01:02:30,38.8043,-75.12291,20.9,176.6,511.0,LEWES,,WDC9301,50.0,0.0,16.0,5.0,,50.0,B
338447000,2019-05-08T01:02:23,39.16112,-75.25514,8.2,144.2,145.0,OSG HORIZON,IMO9436549,WDF6180,31.0,0.0,46.0,15.0,6.5,57.0,B
371618000,2019-05-08T01:02:25,38.82872,-75.0723,9.0,145.0,150.0,EUPHONY ACE,IMO9293595,3EDG6,70.0,0.0,199.0,32.0,9.8,70.0,B
367563930,2019-05-08T01:02:28,39.15672,-75.2483,11.3,-85.0,324.0,DEAN REINAUER,IMO9653264,WDG7107,31.0,0.0,35.0,10.0,4.9,,B
636018106,2019-05-08T01:02:14,38.97306,-75.1248,15.2,-73.0,336.0,,,,,0.0,,,,,B
538004030,2019-05-08T01:02:15,38.93177,-75.16268,0.1,87.5,152.0,FRIO,IMO9596985,V7UU3,80.0,1.0,274.0,48.0,17.1,89.0,A
229208000,2019-05-08T01:02:19,39.4108,-75.50935,11.6,138.0,137.0,HELLAS ENTERPRISE,IMO9397468,9HA3151,80.0,5.0,183.0,32.0,12.9,80.0,B
311073800,2019-05-08T01:02:33,38.9891,-75.21509,0.0,-178.3,162.0,EURO,IMO9567702,C6AA5,84.0,1.0,274.0,48.0,-11.5,84.0,A
367600030,2019-05-08T01:03:15,38.91131,-75.10862,1.9,175.3,511.0,SUSAN CELESTE,,WDH2672,37.0,,12.0,,,,B
369235000,2019-05-08T01:03:24,38.91953,-75.13799,0.0,46.6,161.0,OSG VISION,IMO9436537,WDF2493,31.0,1.0,46.0,15.0,6.5,57.0,A
367797720,2019-05-08T01:03:35,38.93048,-75.09794,5.1,149.3,152.0,DAISY MAE,,WDJ6432,,15.0,,,,,B
229208000,2019-05-08T01:03:29,39.40793,-75.50605,11.6,138.0,137.0,HELLAS ENTERPRISE,IMO9397468,9HA3151,80.0,5.0,183.0,32.0,12.9,80.0,B
367730710,2019-05-08T01:03:27,39.01313,-74.96519,3.3,66.4,94.0,GODSPEED,,WDI7643,37.0,,,,,,B
636018106,2019-05-08T01:03:20,38.97726,-75.1271,15.2,-72.8,336.0,,,,,0.0,,,,,B
367100370,2019-05-08T01:03:36,38.79811,-75.12156,20.7,162.8,511.0,LEWES,,WDC9301,50.0,0.0,16.0,5.0,,50.0,B
367600030,2019-05-08T01:04:18,38.91053,-75.10845,3.1,169.0,511.0,SUSAN CELESTE,,WDH2672,37.0,,12.0,,,,B
367100370,2019-05-08T01:04:42,38.79235,-75.11814,20.3,152.2,511.0,LEWES,,WDC9301,50.0,0.0,16.0,5.0,,50.0,B
367563930,2019-05-08T01:04:38,39.1622,-75.2536,11.4,-87.7,321.0,DEAN REINAUER,IMO9653264,WDG7107,31.0,0.0,35.0,10.0,4.9,,B
636018106,2019-05-08T01:04:26,38.98154,-75.12948,15.3,-73.1,336.0,,,,,0.0,,,,,B
367797720,2019-05-08T01:04:45,38.92902,-75.09687,5.6,149.8,153.0,DAISY MAE,,WDJ6432,,15.0,,,,,B
538004030,2019-05-08T01:05:14,38.93187,-75.16259,0.0,49.7,154.0,FRIO,IMO9596985,V7UU3,80.0,1.0,274.0,48.0,17.1,89.0,A
338447000,2019-05-08T01:04:54,39.15644,-75.25078,8.2,145.4,146.0,OSG HORIZON,IMO9436549,WDF6180,31.0,0.0,46.0,15.0,6.5,57.0,B
367730710,2019-05-08T01:05:24,39.01381,-74.96316,2.5,68.6,136.0,GODSPEED,,WDI7643,37.0,,,,,,B
338447000,2019-05-08T01:03:33,39.15895,-75.2531,8.2,144.4,145.0,OSG HORIZON,IMO9436549,WDF6180,31.0,0.0,46.0,15.0,6.5,57.0,B
367563930,2019-05-08T01:03:37,39.15969,-75.2511,11.4,-86.6,321.0,DEAN REINAUER,IMO9653264,WDG7107,31.0,0.0,35.0,10.0,4.9,,B
229208000,2019-05-08T01:05:00,39.40423,-75.50173,11.6,138.0,137.0,HELLAS ENTERPRISE,IMO9397468,9HA3151,80.0,5.0,183.0,32.0,12.9,80.0,B
311073800,2019-05-08T01:05:33,38.98909,-75.21509,0.0,-178.3,162.0,EURO,IMO9567702,C6AA5,84.0,1.0,274.0,48.0,-11.5,84.0,A
636018106,2019-05-08T01:05:33,38.98594,-75.13192,15.2,-73.0,336.0,,,,,0.0,,,,,B
367563930,2019-05-08T01:05:47,39.16506,-75.25653,11.4,-88.0,322.0,DEAN REINAUER,IMO9653264,WDG7107,31.0,0.0,35.0,10.0,4.9,,B
367100370,2019-05-08T01:05:43,38.78705,-75.1165,20.6,204.5,511.0,LEWES,,WDC9301,50.0,0.0,16.0,5.0,,50.0,B
367600030,2019-05-08T01:05:47,38.90933,-75.1082,3.2,181.1,511.0,SUSAN CELESTE,,WDH2672,37.0,,12.0,,,,B
367797720,2019-05-08T01:05:54,38.92757,-75.09578,5.5,150.5,153.0,DAISY MAE,,WDJ6432,,15.0,,,,,B
229208000,2019-05-08T01:06:20,39.40112,-75.49813,11.7,138.0,137.0,HELLAS ENTERPRISE,IMO9397468,9HA3151,80.0,5.0,183.0,32.0,12.9,80.0,B
367730710,2019-05-08T01:06:25,39.01405,-74.96236,2.6,65.0,135.0,GODSPEED,,WDI7643,37.0,,,,,,B
369235000,2019-05-08T01:06:25,38.91953,-75.13806,0.0,46.6,158.0,OSG VISION,IMO9436537,WDF2493,31.0,1.0,46.0,15.0,6.5,57.0,A
636018106,2019-05-08T01:06:44,38.9905,-75.13445,15.2,-73.0,336.0,,,,,0.0,,,,,B
367563930,2019-05-08T01:07:07,39.16844,-75.25998,11.5,-88.6,321.0,DEAN REINAUER,IMO9653264,WDG7107,31.0,0.0,35.0,10.0,4.9,,B
367797720,2019-05-08T01:06:55,38.92627,-75.09481,6.1,154.5,153.0,DAISY MAE,,WDJ6432,,15.0,,,,,B
338447000,2019-05-08T01:06:02,39.15432,-75.24891,8.2,145.2,146.0,OSG HORIZON,IMO9436549,WDF6180,31.0,0.0,46.0,15.0,6.5,57.0,B
367600030,2019-05-08T01:07:17,38.90795,-75.10792,3.1,179.6,511.0,SUSAN CELESTE,,WDH2672,37.0,,12.0,,,,B
338447000,2019-05-08T01:07:12,39.15215,-75.24695,8.2,145.2,145.0,OSG HORIZON,IMO9436549,WDF6180,31.0,0.0,46.0,15.0,6.5,57.0,B
240463000,2019-05-08T01:07:06,38.94445,-75.1746,0.0,-142.6,150.0,BOUBOULINA,IMO9298753,SZIS,80.0,1.0,274.0,50.0,17.0,80.0,A
636018106,2019-05-08T01:07:50,38.9947,-75.13679,15.1,-73.3,335.0,,,,,0.0,,,,,B
229208000,2019-05-08T01:07:30,39.39818,-75.49478,11.6,138.0,137.0,HELLAS ENTERPRISE,IMO9397468,9HA3151,80.0,5.0,183.0,32.0,12.9,80.0,B
367730710,2019-05-08T01:07:53,39.01444,-74.96198,1.8,-84.9,255.0,GODSPEED,,WDI7643,37.0,,,,,,B
538004030,2019-05-08T01:08:17,38.93189,-75.16251,0.0,21.2,156.0,FRIO,IMO9596985,V7UU3,80.0,1.0,274.0,48.0,17.1,89.0,A
367797720,2019-05-08T01:08:04,38.92481,-75.09369,4.3,152.8,155.0,DAISY MAE,,WDJ6432,,15.0,,,,,B
367563930,2019-05-08T01:08:17,39.17133,-75.26296,11.6,-88.8,322.0,DEAN REINAUER,IMO9653264,WDG7107,31.0,0.0,35.0,10.0,4.9,,B
229208000,2019-05-08T01:08:39,39.39547,-75.49168,11.6,138.0,137.0,HELLAS ENTERPRISE,IMO9397468,9HA3151,80.0,5.0,183.0,32.0,12.9,80.0,B
636018106,2019-05-08T01:08:56,38.99894,-75.13909,15.1,-72.9,336.0,,,,,0.0,,,,,B
367797720,2019-05-08T01:09:15,38.92328,-75.09262,6.1,151.5,155.0,DAISY MAE,,WDJ6432,,15.0,,,,,B
338447000,2019-05-08T01:09:23,39.14805,-75.24323,8.2,144.7,146.0,OSG HORIZON,IMO9436549,WDF6180,31.0,0.0,46.0,15.0,6.5,57.0,B
369235000,2019-05-08T01:09:24,38.91954,-75.13802,0.1,46.6,155.0,OSG VISION,IMO9436537,WDF2493,31.0,1.0,46.0,15.0,6.5,57.0,A
367600030,2019-05-08T01:08:46,38.90674,-75.10771,2.2,175.8,511.0,SUSAN CELESTE,,WDH2672,37.0,,12.0,,,,B
367563930,2019-05-08T01:09:26,39.1743,-75.26593,11.6,-86.5,324.0,DEAN REINAUER,IMO9653264,WDG7107,31.0,0.0,35.0,10.0,4.9,,B
229208000,2019-05-08T01:09:48,39.39257,-75.48835,11.5,138.0,137.0,HELLAS ENTERPRISE,IMO9397468,9HA3151,80.0,5.0,183.0,32.0,12.9,80.0,B
367600030,2019-05-08T01:09:47,38.90586,-75.10757,3.0,174.7,511.0,SUSAN CELESTE,,WDH2672,37.0,,12.0,,,,B
367730710,2019-05-08T01:09:54,39.0152,-74.96154,1.4,12.6,185.0,GODSPEED,,WDI7643,37.0,,,,,,B
240463000,2019-05-08T01:10:03,38.94452,-75.1746,0.0,-142.6,150.0,BOUBOULINA,IMO9298753,SZIS,80.0,1.0,274.0,50.0,17.0,80.0,A
636018106,2019-05-08T01:10:08,39.00365,-75.14157,15.1,-72.1,337.0,,,,,0.0,,,,,B
367797720,2019-05-08T01:10:24,38.92181,-75.09156,5.6,146.8,156.0,DAISY MAE,,WDJ6432,,15.0,,,,,B
338447000,2019-05-08T01:10:33,39.14588,-75.24124,8.3,145.6,147.0,OSG HORIZON,IMO9436549,WDF6180,31.0,0.0,46.0,15.0,6.5,57.0,B
367563930,2019-05-08T01:10:36,39.17728,-75.26879,11.3,-86.4,323.0,DEAN REINAUER,IMO9653264,WDG7107,31.0,0.0,35.0,10.0,4.9,,B
229208000,2019-05-08T01:10:49,39.39027,-75.48573,11.5,138.0,136.0,HELLAS ENTERPRISE,IMO9397468,9HA3151,80.0,5.0,183.0,32.0,12.9,80.0,B
338447000,2019-05-08T01:08:13,39.15021,-75.24523,8.2,145.1,146.0,OSG HORIZON,IMO9436549,WDF6180,31.0,0.0,46.0,15.0,6.5,57.0,B
367600030,2019-05-08T01:11:16,38.90459,-75.10737,2.1,165.6,511.0,SUSAN CELESTE,,WDH2672,37.0,,12.0,,,,B
538004030,2019-05-08T01:11:13,38.9319,-75.16243,0.0,41.9,158.0,FRIO,IMO9596985,V7UU3,80.0,1.0,274.0,48.0,17.1,89.0,A
636018106,2019-05-08T01:11:14,39.00788,-75.1438,15.1,-72.1,336.0,,,,,0.0,,,,,B
367797720,2019-05-08T01:11:34,38.92035,-75.09051,5.1,154.5,155.0,DAISY MAE,,WDJ6432,,15.0,,,,,B
367730710,2019-05-08T01:11:25,39.01623,-74.96127,2.4,-58.5,271.0,GODSPEED,,WDI7643,37.0,,,,,,B
367563930,2019-05-08T01:11:48,39.18024,-75.2716,10.9,-80.5,334.0,DEAN REINAUER,IMO9653264,WDG7107,31.0,0.0,35.0,10.0,4.9,,B
311073800,2019-05-08T01:11:34,38.98908,-75.21519,0.0,-125.6,161.0,EURO,IMO9567702,C6AA5,84.0,1.0,274.0,48.0,-11.5,84.0,A
311073800,2019-05-08T01:08:33,38.98909,-75.21512,0.0,-194.4,162.0,EURO,IMO9567702,C6AA5,84.0,1.0,274.0,48.0,-11.5,84.0,A
229208000,2019-05-08T01:11:59,39.38747,-75.48237,11.4,136.0,136.0,HELLAS ENTERPRISE,IMO9397468,9HA3151,80.0,5.0,183.0,32.0,12.9,80.0,B
369235000,2019-05-08T01:12:24,38.91954,-75.13791,0.1,46.6,158.0,OSG VISION,IMO9436537,WDF2493,31.0,1.0,46.0,15.0,6.5,57.0,A
338447000,2019-05-08T01:11:44,39.14365,-75.23933,8.3,145.5,147.0,OSG HORIZON,IMO9436549,WDF6180,31.0,0.0,46.0,15.0,6.5,57.0,B
636018106,2019-05-08T01:12:38,39.0133,-75.14665,15.0,-71.9,336.0,,,,,0.0,,,,,B
367600030,2019-05-08T01:12:17,38.90373,-75.10721,3.4,174.0,511.0,SUSAN CELESTE,,WDH2672,37.0,,12.0,,,,B
367730710,2019-05-08T01:12:54,39.0169,-74.96075,3.2,50.7,104.0,GODSPEED,,WDI7643,37.0,,,,,,B
338447000,2019-05-08T01:13:24,39.14045,-75.23646,8.3,144.9,145.0,OSG HORIZON,IMO9436549,WDF6180,31.0,0.0,46.0,15.0,6.5,57.0,B
367563930,2019-05-08T01:13:07,39.18378,-75.27404,10.9,-76.7,339.0,DEAN REINAUER,IMO9653264,WDG7107,31.0,0.0,35.0,10.0,4.9,,B
229208000,2019-05-08T01:13:10,39.38472,-75.47905,11.4,136.0,136.0,HELLAS ENTERPRISE,IMO9397468,9HA3151,80.0,5.0,183.0,32.0,12.9,80.0,B
240463000,2019-05-08T01:13:05,38.9445,-75.17452,0.0,-142.6,150.0,BOUBOULINA,IMO9298753,SZIS,80.0,1.0,274.0,50.0,17.0,80.0,A
636018106,2019-05-08T01:13:44,39.01751,-75.14884,15.0,-72.0,336.0,,,,,0.0,,,,,B
367797720,2019-05-08T01:13:45,38.91761,-75.08853,5.4,158.6,159.0,DAISY MAE,,WDJ6432,,15.0,,,,,B
367600030,2019-05-08T01:13:45,38.90252,-75.10699,2.2,163.1,511.0,SUSAN CELESTE,,WDH2672,37.0,,12.0,,,,B
367563930,2019-05-08T01:14:16,39.18696,-75.27582,10.9,-73.1,340.0,DEAN REINAUER,IMO9653264,WDG7107,31.0,0.0,35.0,10.0,4.9,,B
538004030,2019-05-08T01:14:17,38.93193,-75.16241,0.0,-61.0,160.0,FRIO,IMO9596985,V7UU3,80.0,1.0,274.0,48.0,17.1,89.0,A
311073800,2019-05-08T01:14:36,38.98904,-75.21525,0.0,-133.8,160.0,EURO,IMO9567702,C6AA5,84.0,1.0,274.0,48.0,-11.5,84.0,A
338447000,2019-05-08T01:14:33,39.13829,-75.23447,8.3,144.1,147.0,OSG HORIZON,IMO9436549,WDF6180,31.0,0.0,46.0,15.0,6.5,57.0,B
229208000,2019-05-08T01:14:19,39.38208,-75.47585,11.4,137.0,136.0,HELLAS ENTERPRISE,IMO9397468,9HA3151,80.0,5.0,183.0,32.0,12.9,80.0,B
367563930,2019-05-08T01:15:36,39.19067,-75.27778,10.7,-72.1,341.0,DEAN REINAUER,IMO9653264,WDG7107,31.0,0.0,35.0,10.0,4.9,,B
369235000,2019-05-08T01:15:24,38.91958,-75.13784,0.0,46.6,162.0,OSG VISION,IMO9436537,WDF2493,31.0,1.0,46.0,15.0,6.5,57.0,A
636018106,2019-05-08T01:14:50,39.02175,-75.15104,15.0,-72.0,336.0,,,,,0.0,,,,,B
367600030,2019-05-08T01:15:18,38.90122,-75.10678,2.8,174.9,511.0,SUSAN CELESTE,,WDH2672,37.0,,12.0,,,,B
367730710,2019-05-08T01:15:24,39.01753,-74.9598,1.2,116.4,177.0,GODSPEED,,WDI7643,37.0,,,,,,B
229208000,2019-05-08T01:15:29,39.37927,-75.47245,11.4,137.0,136.0,HELLAS ENTERPRISE,IMO9397468,9HA3151,80.0,5.0,183.0,32.0,12.9,80.0,B
367797720,2019-05-08T01:12:44,38.91887,-75.08941,5.1,142.6,156.0,DAISY MAE,,WDJ6432,,15.0,,,,,B
367730710,2019-05-08T01:14:23,39.01739,-74.95998,1.3,30.8,188.0,GODSPEED,,WDI7643,37.0,,,,,,B
367797720,2019-05-08T01:14:54,38.91611,-75.08764,5.6,153.6,160.0,DAISY MAE,,WDJ6432,,15.0,,,,,B
338447000,2019-05-08T01:15:43,39.13612,-75.23251,8.3,145.2,147.0,OSG HORIZON,IMO9436549,WDF6180,31.0,0.0,46.0,15.0,6.5,57.0,B
240463000,2019-05-08T01:16:03,38.94452,-75.17443,0.0,-142.6,150.0,BOUBOULINA,IMO9298753,SZIS,80.0,1.0,274.0,50.0,17.0,80.0,A
636018106,2019-05-08T01:16:08,39.02687,-75.15371,15.0,-72.0,336.0,,,,,0.0,,,,,B
367797720,2019-05-08T01:16:04,38.9146,-75.08676,5.5,150.0,159.0,DAISY MAE,,WDJ6432,,15.0,,,,,B
229208000,2019-05-08T01:16:40,39.37663,-75.46928,11.3,136.0,136.0,HELLAS ENTERPRISE,IMO9397468,9HA3151,80.0,5.0,183.0,32.0,12.9,80.0,B
367600030,2019-05-08T01:16:47,38.9,-75.1066,2.1,174.3,511.0,SUSAN CELESTE,,WDH2672,37.0,,12.0,,,,B
367563930,2019-05-08T01:16:48,39.19394,-75.27946,10.6,-71.9,339.0,DEAN REINAUER,IMO9653264,WDG7107,31.0,0.0,35.0,10.0,4.9,,B
367730710,2019-05-08T01:16:54,39.01698,-74.95951,1.8,119.8,164.0,GODSPEED,,WDI7643,37.0,,,,,,B
636018106,2019-05-08T01:17:32,39.03225,-75.15653,15.0,-71.8,336.0,,,,,0.0,,,,,B
338447000,2019-05-08T01:17:02,39.13356,-75.23021,8.3,146.8,148.0,OSG HORIZON,IMO9436549,WDF6180,31.0,0.0,46.0,15.0,6.5,57.0,B
367797720,2019-05-08T01:17:14,38.91311,-75.0859,5.1,158.0,159.0,DAISY MAE,,WDJ6432,,15.0,,,,,B
538004030,2019-05-08T01:17:13,38.93196,-75.16239,0.1,-82.4,162.0,FRIO,IMO9596985,V7UU3,80.0,1.0,274.0,48.0,17.1,89.0,A
311073800,2019-05-08T01:17:33,38.98902,-75.21527,0.0,-135.1,158.0,EURO,IMO9567702,C6AA5,84.0,1.0,274.0,48.0,-11.5,84.0,A
229208000,2019-05-08T01:17:49,39.37392,-75.46598,11.3,137.0,137.0,HELLAS ENTERPRISE,IMO9397468,9HA3151,80.0,5.0,183.0,32.0,12.9,80.0,B
367563930,2019-05-08T01:18:27,39.19848,-75.28202,10.6,-73.7,339.0,DEAN REINAUER,IMO9653264,WDG7107,31.0,0.0,35.0,10.0,4.9,,B
338447000,2019-05-08T01:18:03,39.13167,-75.22863,8.3,145.1,147.0,OSG HORIZON,IMO9436549,WDF6180,31.0,0.0,46.0,15.0,6.5,57.0,B
367600030,2019-05-08T01:18:16,38.89889,-75.10637,2.7,158.4,511.0,SUSAN CELESTE,,WDH2672,37.0,,12.0,,,,B
636018106,2019-05-08T01:18:44,39.03681,-75.15883,15.0,-71.9,336.0,,,,,0.0,,,,,B
367797720,2019-05-08T01:18:54,38.91101,-75.08461,5.5,147.1,160.0,DAISY MAE,,WDJ6432,,15.0,,,,,B
240463000,2019-05-08T01:19:02,38.94462,-75.17438,0.0,43.0,151.0,BOUBOULINA,IMO9298753,SZIS,80.0,1.0,274.0,50.0,17.0,80.0,A
367600030,2019-05-08T01:19:17,38.89808,-75.10608,2.7,160.7,511.0,SUSAN CELESTE,,WDH2672,37.0,,12.0,,,,B
636018106,2019-05-08T01:20:02,39.04187,-75.16154,15.0,-72.7,335.0,,,,,0.0,,,,,B
369235000,2019-05-08T01:18:24,38.9196,-75.13789,0.0,46.6,161.0,OSG VISION,IMO9436537,WDF2493,31.0,1.0,46.0,15.0,6.5,57.0,A
367730710,2019-05-08T01:19:24,39.01659,-74.95903,1.0,172.3,191.0,GODSPEED,,WDI7643,37.0,,,,,,B
367563930,2019-05-08T01:19:36,39.20161,-75.28378,10.6,-73.2,337.0,DEAN REINAUER,IMO9653264,WDG7107,31.0,0.0,35.0,10.0,4.9,,B
229208000,2019-05-08T01:20:20,39.3682,-75.45923,11.1,137.0,138.0,HELLAS ENTERPRISE,IMO9397468,9HA3151,80.0,5.0,183.0,32.0,12.9,80.0,B
367730710,2019-05-08T01:18:23,39.01681,-74.95915,1.0,151.0,181.0,GODSPEED,,WDI7643,37.0,,,,,,B
538004030,2019-05-08T01:20:13,38.93191,-75.16233,0.1,49.9,165.0,FRIO,IMO9596985,V7UU3,80.0,1.0,274.0,48.0,17.1,89.0,A
367797720,2019-05-08T01:20:04,38.90955,-75.08368,5.1,153.8,159.0,DAISY MAE,,WDJ6432,,15.0,,,,,B
229208000,2019-05-08T01:19:09,39.37085,-75.46235,11.2,137.0,137.0,HELLAS ENTERPRISE,IMO9397468,9HA3151,80.0,5.0,183.0,32.0,12.9,80.0,B
367600030,2019-05-08T01:20:46,38.89689,-75.10565,2.9,162.0,511.0,SUSAN CELESTE,,WDH2672,37.0,,12.0,,,,B
338447000,2019-05-08T01:20:33,39.12691,-75.22424,8.4,144.2,145.0,OSG HORIZON,IMO9436549,WDF6180,31.0,0.0,46.0,15.0,6.5,57.0,B
367563930,2019-05-08T01:20:37,39.20437,-75.28539,10.7,-73.7,337.0,DEAN REINAUER,IMO9653264,WDG7107,31.0,0.0,35.0,10.0,4.9,,B
636018106,2019-05-08T01:21:26,39.04727,-75.16443,15.0,-72.5,335.0,,,,,0.0,,,,,B
338447000,2019-05-08T01:22:04,39.12405,-75.22157,8.3,145.8,147.0,OSG HORIZON,IMO9436549,WDF6180,31.0,0.0,46.0,15.0,6.5,57.0,B
367797720,2019-05-08T01:21:14,38.90809,-75.08273,5.0,158.2,160.0,DAISY MAE,,WDJ6432,,15.0,,,,,B
367563930,2019-05-08T01:21:38,39.20708,-75.28696,10.7,-74.1,338.0,DEAN REINAUER,IMO9653264,WDG7107,31.0,0.0,35.0,10.0,4.9,,B
229208000,2019-05-08T01:21:29,39.36545,-75.456,11.1,137.0,137.0,HELLAS ENTERPRISE,IMO9397468,9HA3151,80.0,5.0,183.0,32.0,12.9,80.0,B
369235000,2019-05-08T01:21:24,38.91954,-75.13791,0.0,46.6,160.0,OSG VISION,IMO9436537,WDF2493,31.0,1.0,46.0,15.0,6.5,57.0,A
338447000,2019-05-08T01:19:24,39.1291,-75.2263,8.4,144.0,146.0,OSG HORIZON,IMO9436549,WDF6180,31.0,0.0,46.0,15.0,6.5,57.0,B
240463000,2019-05-08T01:22:06,38.94463,-75.17432,0.0,43.0,153.0,BOUBOULINA,IMO9298753,SZIS,80.0,1.0,274.0,50.0,17.0,80.0,A
636018106,2019-05-08T01:22:38,39.05194,-75.1669,15.0,-72.1,336.0,,,,,0.0,,,,,B
367797720,2019-05-08T01:22:16,38.9068,-75.08189,5.3,152.8,160.0,DAISY MAE,,WDJ6432,,15.0,,,,,B
229208000,2019-05-08T01:22:39,39.3629,-75.45302,11.0,137.0,138.0,HELLAS ENTERPRISE,IMO9397468,9HA3151,80.0,5.0,183.0,32.0,12.9,80.0,B
367563930,2019-05-08T01:22:48,39.21029,-75.28879,10.7,-73.7,337.0,DEAN REINAUER,IMO9653264,WDG7107,31.0,0.0,35.0,10.0,4.9,,B
367730710,2019-05-08T01:22:54,39.01611,-74.95871,0.5,49.0,180.0,GODSPEED,,WDI7643,37.0,,,,,,B
338447000,2019-05-08T01:23:33,39.12124,-75.21906,8.3,144.7,147.0,OSG HORIZON,IMO9436549,WDF6180,31.0,0.0,46.0,15.0,6.5,57.0,B
538004030,2019-05-08T01:23:15,38.9319,-75.16234,0.1,-130.1,168.0,FRIO,IMO9596985,V7UU3,80.0,1.0,274.0,48.0,17.1,89.0,A
367797720,2019-05-08T01:23:24,38.90537,-75.08096,5.0,154.6,160.0,DAISY MAE,,WDJ6432,,15.0,,,,,B
367563930,2019-05-08T01:23:57,39.21346,-75.29062,10.6,-73.5,338.0,DEAN REINAUER,IMO9653264,WDG7107,31.0,0.0,35.0,10.0,4.9,,B
311073800,2019-05-08T01:23:34,38.98904,-75.21521,0.0,48.9,159.0,EURO,IMO9567702,C6AA5,84.0,1.0,274.0,48.0,-11.5,84.0,A
367797720,2019-05-08T01:24:44,38.90367,-75.07989,6.0,152.7,159.0,DAISY MAE,,WDJ6432,,15.0,,,,,B
636018106,2019-05-08T01:24:14,39.05813,-75.17021,15.1,-72.3,335.0,,,,,0.0,,,,,B
367600030,2019-05-08T01:23:46,38.8945,-75.10483,3.3,164.9,511.0,SUSAN CELESTE,,WDH2672,37.0,,12.0,,,,B
229208000,2019-05-08T01:23:49,39.36015,-75.44987,10.9,138.0,138.0,HELLAS ENTERPRISE,IMO9397468,9HA3151,80.0,5.0,183.0,32.0,12.9,80.0,B
367730710,2019-05-08T01:24:23,39.0161,-74.95869,0.2,50.8,187.0,GODSPEED,,WDI7643,37.0,,,,,,B
338447000,2019-05-08T01:25:04,39.1183,-75.21654,8.3,147.1,151.0,OSG HORIZON,IMO9436549,WDF6180,31.0,0.0,46.0,15.0,6.5,57.0,B
369235000,2019-05-08T01:24:25,38.91954,-75.13796,0.0,46.6,160.0,OSG VISION,IMO9436537,WDF2493,31.0,1.0,46.0,15.0,6.5,57.0,A
367600030,2019-05-08T01:24:48,38.89372,-75.10457,2.5,166.7,511.0,SUSAN CELESTE,,WDH2672,37.0,,12.0,,,,B
636018106,2019-05-08T01:25:38,39.06351,-75.17316,15.0,-73.4,335.0,,,,,0.0,,,,,B
229208000,2019-05-08T01:24:59,39.35753,-75.44688,10.9,138.0,138.0,HELLAS ENTERPRISE,IMO9397468,9HA3151,80.0,5.0,183.0,32.0,12.9,80.0,B
367563930,2019-05-08T01:25:07,39.21658,-75.29239,10.6,-73.4,336.0,DEAN REINAUER,IMO9653264,WDG7107,31.0,0.0,35.0,10.0,4.9,,B
240463000,2019-05-08T01:25:04,38.94465,-75.17425,0.0,43.0,154.0,BOUBOULINA,IMO9298753,SZIS,80.0,1.0,274.0,50.0,17.0,80.0,A
538004030,2019-05-08T01:26:17,38.9319,-75.16243,0.1,-177.4,169.0,FRIO,IMO9596985,V7UU3,80.0,1.0,274.0,48.0,17.1,89.0,A
229208000,2019-05-08T01:26:00,39.35525,-75.44428,10.9,138.0,138.0,HELLAS ENTERPRISE,IMO9397468,9HA3151,80.0,5.0,183.0,32.0,12.9,80.0,B
367730710,2019-05-08T01:25:55,39.01612,-74.95873,2.3,24.8,207.0,GODSPEED,,WDI7643,37.0,,,,,,B
338447000,2019-05-08T01:26:12,39.11605,-75.21491,8.1,148.7,147.0,OSG HORIZON,IMO9436549,WDF6180,31.0,0.0,46.0,15.0,6.5,57.0,B
367563930,2019-05-08T01:26:16,39.21964,-75.2942,10.5,-74.2,337.0,DEAN REINAUER,IMO9653264,WDG7107,31.0,0.0,35.0,10.0,4.9,,B
367600030,2019-05-08T01:22:15,38.89568,-75.10527,2.7,159.0,511.0,SUSAN CELESTE,,WDH2672,37.0,,12.0,,,,B
367600030,2019-05-08T01:26:16,38.89257,-75.10421,3.1,161.9,511.0,SUSAN CELESTE,,WDH2672,37.0,,12.0,,,,B
367797720,2019-05-08T01:26:24,38.90151,-75.07853,5.1,154.1,160.0,DAISY MAE,,WDJ6432,,15.0,,,,,B
311073800,2019-05-08T01:26:35,38.98908,-75.21518,0.0,48.9,159.0,EURO,IMO9567702,C6AA5,84.0,1.0,274.0,48.0,-11.5,84.0,A
636018106,2019-05-08T01:26:45,39.06768,-75.17551,15.0,-73.4,334.0,,,,,0.0,,,,,B
636018106,2019-05-08T01:27:50,39.07192,-75.17791,15.0,-73.3,335.0,,,,,0.0,,,,,A
229208000,2019-05-08T01:27:39,39.3515,-75.43998,10.8,138.0,138.0,HELLAS ENTERPRISE,IMO9397468,9HA3151,80.0,5.0,183.0,32.0,12.9,80.0,B
369235000,2019-05-08T01:27:24,38.91955,-75.13803,0.0,46.6,160.0,OSG VISION,IMO9436537,WDF2493,31.0,1.0,46.0,15.0,6.5,57.0,A
367730710,2019-05-08T01:27:23,39.01621,-74.95863,0.7,24.8,196.0,GODSPEED,,WDI7643,37.0,,,,,,B
367600030,2019-05-08T01:28:16,38.89101,-75.10369,3.3,165.6,511.0,SUSAN CELESTE,,WDH2672,37.0,,12.0,,,,B
367563930,2019-05-08T01:27:27,39.22274,-75.29602,10.4,-74.1,336.0,DEAN REINAUER,IMO9653264,WDG7107,31.0,0.0,35.0,10.0,4.9,,B
338447000,2019-05-08T01:27:13,39.11415,-75.2133,8.2,143.2,145.0,OSG HORIZON,IMO9436549,WDF6180,31.0,0.0,46.0,15.0,6.5,57.0,B
367797720,2019-05-08T01:27:35,38.89998,-75.07751,5.5,146.3,159.0,DAISY MAE,,WDJ6432,,15.0,,,,,B
240463000,2019-05-08T01:28:05,38.94467,-75.1742,0.0,43.0,155.0,BOUBOULINA,IMO9298753,SZIS,80.0,1.0,274.0,50.0,17.0,80.0,A
338447000,2019-05-08T01:29:04,39.11069,-75.20999,8.3,146.7,148.0,OSG HORIZON,IMO9436549,WDF6180,31.0,0.0,46.0,15.0,6.5,57.0,B
636018106,2019-05-08T01:29:08,39.07687,-75.1807,15.1,-73.4,335.0,,,,,0.0,,,,,B
367797720,2019-05-08T01:29:24,38.89763,-75.07596,6.0,154.1,160.0,DAISY MAE,,WDJ6432,,15.0,,,,,B
367563930,2019-05-08T01:28:37,39.22583,-75.29782,10.2,-75.0,332.0,DEAN REINAUER,IMO9653264,WDG7107,31.0,0.0,35.0,10.0,4.9,,B
229208000,2019-05-08T01:29:19,39.34773,-75.4356,10.7,138.0,138.0,HELLAS ENTERPRISE,IMO9397468,9HA3151,80.0,5.0,183.0,32.0,12.9,80.0,B
367730710,2019-05-08T01:28:54,39.01621,-74.95864,0.6,24.8,195.0,GODSPEED,,WDI7643,37.0,,,,,,B
538004030,2019-05-08T01:29:15,38.9318,-75.16252,0.1,-177.8,169.0,FRIO,IMO9596985,V7UU3,80.0,1.0,274.0,48.0,17.1,89.0,A
338447000,2019-05-08T01:30:33,39.10783,-75.20764,8.3,145.7,146.0,OSG HORIZON,IMO9436549,WDF6180,31.0,0.0,46.0,15.0,6.5,57.0,B
367563930,2019-05-08T01:30:37,39.23069,-75.30142,10.0,-83.8,325.0,DEAN REINAUER,IMO9653264,WDG7107,31.0,0.0,35.0,10.0,4.9,,B
367600030,2019-05-08T01:30:46,38.88903,-75.10312,2.9,172.1,511.0,SUSAN CELESTE,,WDH2672,37.0,,12.0,,,,B
311073800,2019-05-08T01:29:33,38.98909,-75.21515,0.0,-128.6,160.0,EURO,IMO9567702,C6AA5,84.0,1.0,274.0,48.0,-11.5,84.0,A
636018106,2019-05-08T01:30:50,39.08335,-75.18453,15.0,-77.7,329.0,,,,,0.0,,,,,B
369235000,2019-05-08T01:30:24,38.91956,-75.13805,0.1,46.6,160.0,OSG VISION,IMO9436537,WDF2493,31.0,1.0,46.0,15.0,6.5,57.0,A
338447000,2019-05-08T01:31:43,39.10562,-75.2056,8.3,143.5,145.0,OSG HORIZON,IMO9436549,WDF6180,31.0,0.0,46.0,15.0,6.5,57.0,B
229208000,2019-05-08T01:31:00,39.34392,-75.43117,10.7,137.0,138.0,HELLAS ENTERPRISE,IMO9397468,9HA3151,80.0,5.0,183.0,32.0,12.9,80.0,B
240463000,2019-05-08T01:31:05,38.94467,-75.1742,0.0,43.0,155.0,BOUBOULINA,IMO9298753,SZIS,80.0,1.0,274.0,50.0,17.0,80.0,A
367563930,2019-05-08T01:32:37,39.23522,-75.30554,9.9,-88.4,319.0,DEAN REINAUER,IMO9653264,WDG7107,31.0,0.0,35.0,10.0,4.9,,B
367797720,2019-05-08T01:30:34,38.89613,-75.07496,5.4,156.8,160.0,DAISY MAE,,WDJ6432,,15.0,,,,,B
367600030,2019-05-08T01:32:16,38.88786,-75.10277,3.5,173.0,511.0,SUSAN CELESTE,,WDH2672,37.0,,12.0,,,,B
636018106,2019-05-08T01:31:57,39.08725,-75.18757,14.8,-82.8,325.0,,,,,0.0,,,,,B
338447000,2019-05-08T01:33:23,39.10244,-75.20279,8.2,146.7,149.0,OSG HORIZON,IMO9436549,WDF6180,31.0,0.0,46.0,15.0,6.5,57.0,B
229208000,2019-05-08T01:32:10,39.34137,-75.42822,10.6,137.0,138.0,HELLAS ENTERPRISE,IMO9397468,9HA3151,80.0,5.0,183.0,32.0,12.9,80.0,B
636018106,2019-05-08T01:33:14,39.09166,-75.19133,14.7,-83.2,325.0,,,,,0.0,,,,,B
538004030,2019-05-08T01:32:15,38.93167,-75.16261,0.1,-176.9,168.0,FRIO,IMO9596985,V7UU3,80.0,1.0,274.0,48.0,17.1,89.0,A
369235000,2019-05-08T01:33:24,38.91953,-75.13811,0.0,46.6,158.0,OSG VISION,IMO9436537,WDF2493,31.0,1.0,46.0,15.0,6.5,57.0,A
229208000,2019-05-08T01:34:00,39.3373,-75.42348,10.6,137.0,139.0,HELLAS ENTERPRISE,IMO9397468,9HA3151,80.0,5.0,183.0,32.0,12.9,80.0,B
367797720,2019-05-08T01:33:35,38.89223,-75.07235,5.4,152.7,160.0,DAISY MAE,,WDJ6432,,15.0,,,,,B
367730710,2019-05-08T01:32:55,39.01621,-74.95865,0.4,196.5,195.0,GODSPEED,,WDI7643,37.0,,,,,,B
367797720,2019-05-08T01:32:25,38.89374,-75.07336,4.6,153.2,160.0,DAISY MAE,,WDJ6432,,15.0,,,,,A
338447000,2019-05-08T01:34:33,39.10018,-75.20101,8.2,148.7,150.0,OSG HORIZON,IMO9436549,WDF6180,31.0,0.0,46.0,15.0,6.5,57.0,B
311073800,2019-05-08T01:32:34,38.98908,-75.21513,0.0,-128.6,160.0,EURO,IMO9567702,C6AA5,84.0,1.0,274.0,48.0,-11.5,84.0,A
636018106,2019-05-08T01:35:14,39.09849,-75.1972,14.8,-83.4,324.0,,,,,0.0,,,,,B
240463000,2019-05-08T01:34:05,38.94465,-75.17415,0.0,43.0,155.0,BOUBOULINA,IMO9298753,SZIS,80.0,1.0,274.0,50.0,17.0,80.0,A
367600030,2019-05-08T01:34:18,38.88619,-75.10228,3.1,167.5,511.0,SUSAN CELESTE,,WDH2672,37.0,,12.0,,,,B
229208000,2019-05-08T01:35:30,39.3341,-75.41982,10.5,138.0,139.0,HELLAS ENTERPRISE,IMO9397468,9HA3151,80.0,5.0,183.0,32.0,12.9,80.0,B
338447000,2019-05-08T01:35:54,39.09757,-75.1989,8.2,142.7,143.0,OSG HORIZON,IMO9436549,WDF6180,31.0,0.0,46.0,15.0,6.5,57.0,B
367563930,2019-05-08T01:34:56,39.24026,-75.31075,10.0,-87.5,321.0,DEAN REINAUER,IMO9653264,WDG7107,31.0,0.0,35.0,10.0,4.9,,B
367797720,2019-05-08T01:35:44,38.88945,-75.07053,4.6,153.7,159.0,DAISY MAE,,WDJ6432,,15.0,,,,,B
367563930,2019-05-08T01:33:47,39.23774,-75.30815,10.0,-89.6,320.0,DEAN REINAUER,IMO9653264,WDG7107,31.0,0.0,35.0,10.0,4.9,,B
538004030,2019-05-08T01:35:17,38.9316,-75.16269,0.0,-131.9,166.0,FRIO,IMO9596985,V7UU3,80.0,1.0,274.0,48.0,17.1,89.0,A
367563930,2019-05-08T01:36:56,39.24467,-75.31524,10.2,-88.0,319.0,DEAN REINAUER,IMO9653264,WDG7107,31.0,0.0,35.0,10.0,4.9,,B
636018106,2019-05-08T01:36:26,39.10248,-75.20069,14.7,-84.4,323.0,,,,,0.0,,,,,B
311073800,2019-05-08T01:35:35,38.98908,-75.21515,0.0,-119.1,160.0,EURO,IMO9567702,C6AA5,84.0,1.0,274.0,48.0,-11.5,84.0,A
367600030,2019-05-08T01:33:17,38.88702,-75.1025,3.0,171.3,511.0,SUSAN CELESTE,,WDH2672,37.0,,12.0,,,,B
367600030,2019-05-08T01:35:46,38.885,-75.10195,2.2,170.4,511.0,SUSAN CELESTE,,WDH2672,37.0,,12.0,,,,B
367730710,2019-05-08T01:35:54,39.01622,-74.95864,0.1,196.5,192.0,GODSPEED,,WDI7643,37.0,,,,,,B
367600030,2019-05-08T01:36:47,38.88415,-75.10179,3.2,177.4,511.0,SUSAN CELESTE,,WDH2672,37.0,,12.0,,,,B
369235000,2019-05-08T01:36:24,38.91954,-75.13813,0.0,46.6,158.0,OSG VISION,IMO9436537,WDF2493,31.0,1.0,46.0,15.0,6.5,57.0,A
338447000,2019-05-08T01:37:14,39.09526,-75.19638,8.1,137.9,140.0,OSG HORIZON,IMO9436549,WDF6180,31.0,0.0,46.0,15.0,6.5,57.0,B
240463000,2019-05-08T01:37:06,38.94467,-75.17405,0.0,55.0,157.0,BOUBOULINA,IMO9298753,SZIS,80.0,1.0,274.0,50.0,17.0,80.0,A
229208000,2019-05-08T01:37:30,39.32962,-75.41472,10.5,138.0,139.0,HELLAS ENTERPRISE,IMO9397468,9HA3151,80.0,5.0,183.0,32.0,12.9,80.0,B
367797720,2019-05-08T01:37:35,38.88706,-75.06895,5.3,144.7,159.0,DAISY MAE,,WDJ6432,,15.0,,,,,B
636018106,2019-05-08T01:38:08,39.10824,-75.20592,14.8,-85.3,322.0,,,,,0.0,,,,,B
229208000,2019-05-08T01:38:59,39.32638,-75.4111,10.5,139.0,139.0,HELLAS ENTERPRISE,IMO9397468,9HA3151,80.0,5.0,183.0,32.0,12.9,80.0,B
367563930,2019-05-08T01:38:06,39.24722,-75.31798,10.3,-89.9,318.0,DEAN REINAUER,IMO9653264,WDG7107,31.0,0.0,35.0,10.0,4.9,,B
338447000,2019-05-08T01:39:33,39.09141,-75.19167,8.3,137.4,143.0,OSG HORIZON,IMO9436549,WDF6180,31.0,0.0,46.0,15.0,6.5,57.0,B
367797720,2019-05-08T01:38:44,38.88558,-75.06795,5.1,152.8,160.0,DAISY MAE,,WDJ6432,,15.0,,,,,B
367600030,2019-05-08T01:38:16,38.88295,-75.10159,3.5,171.1,511.0,SUSAN CELESTE,,WDH2672,37.0,,12.0,,,,B
538004030,2019-05-08T01:38:15,38.93163,-75.16274,0.0,-56.0,165.0,FRIO,IMO9596985,V7UU3,80.0,1.0,274.0,48.0,17.1,89.0,A
311073800,2019-05-08T01:38:35,38.9891,-75.21516,0.0,-105.8,160.0,EURO,IMO9567702,C6AA5,84.0,1.0,274.0,48.0,-11.5,84.0,A
636018106,2019-05-08T01:40:08,39.11492,-75.21208,14.9,-85.4,322.0,,,,,0.0,,,,,B
367797720,2019-05-08T01:40:05,38.88386,-75.06678,5.6,155.1,160.0,DAISY MAE,,WDJ6432,,15.0,,,,,B
367563930,2019-05-08T01:39:17,39.24981,-75.32081,10.3,-90.5,317.0,DEAN REINAUER,IMO9653264,WDG7107,31.0,0.0,35.0,10.0,4.9,,B
367563930,2019-05-08T01:41:06,39.25374,-75.32516,10.3,-90.7,317.0,DEAN REINAUER,IMO9653264,WDG7107,31.0,0.0,35.0,10.0,4.9,,B
240463000,2019-05-08T01:40:04,38.9447,-75.17395,0.0,54.0,159.0,BOUBOULINA,IMO9298753,SZIS,80.0,1.0,274.0,50.0,17.0,80.0,A
338447000,2019-05-08T01:41:23,39.08813,-75.18843,7.9,147.3,153.0,OSG HORIZON,IMO9436549,WDF6180,31.0,0.0,46.0,15.0,6.5,57.0,B
229208000,2019-05-08T01:40:10,39.32377,-75.40817,10.5,138.0,139.0,HELLAS ENTERPRISE,IMO9397468,9HA3151,80.0,5.0,183.0,32.0,12.9,80.0,B
229208000,2019-05-08T01:41:50,39.32002,-75.40393,10.5,138.0,139.0,HELLAS ENTERPRISE,IMO9397468,9HA3151,80.0,5.0,183.0,32.0,12.9,80.0,B
367600030,2019-05-08T01:42:17,38.87965,-75.10099,2.8,167.6,511.0,SUSAN CELESTE,,WDH2672,37.0,,12.0,,,,B
636018106,2019-05-08T01:41:14,39.11861,-75.21544,14.8,-85.4,322.0,,,,,0.0,,,,,B
367797720,2019-05-08T01:41:15,38.8824,-75.06577,5.6,150.3,159.0,DAISY MAE,,WDJ6432,,15.0,,,,,B
367563930,2019-05-08T01:42:37,39.25705,-75.32882,10.3,-90.1,317.0,DEAN REINAUER,IMO9653264,WDG7107,31.0,0.0,35.0,10.0,4.9,,B
367730710,2019-05-08T01:41:55,39.0162,-74.95864,0.2,183.6,195.0,GODSPEED,,WDI7643,37.0,,,,,,B
338447000,2019-05-08T01:42:43,39.08555,-75.18673,7.8,158.7,157.0,OSG HORIZON,IMO9436549,WDF6180,31.0,0.0,46.0,15.0,6.5,57.0,B
636018106,2019-05-08T01:43:08,39.12494,-75.22118,14.9,-84.5,323.0,,,,,0.0,,,,,B
367563930,2019-05-08T01:43:46,39.25956,-75.33161,10.4,-90.5,318.0,DEAN REINAUER,IMO9653264,WDG7107,31.0,0.0,35.0,10.0,4.9,,B
311073800,2019-05-08T01:41:34,38.98909,-75.21513,0.0,30.9,160.0,EURO,IMO9567702,C6AA5,84.0,1.0,274.0,48.0,-11.5,84.0,A
369235000,2019-05-08T01:42:24,38.91952,-75.13812,0.0,46.6,157.0,OSG VISION,IMO9436537,WDF2493,31.0,1.0,46.0,15.0,6.5,57.0,A
240463000,2019-05-08T01:43:05,38.94475,-75.1739,0.0,54.0,162.0,BOUBOULINA,IMO9298753,SZIS,80.0,1.0,274.0,50.0,17.0,80.0,A
229208000,2019-05-08T01:42:59,39.31755,-75.40118,10.4,138.0,139.0,HELLAS ENTERPRISE,IMO9397468,9HA3151,80.0,5.0,183.0,32.0,12.9,80.0,B
367797720,2019-05-08T01:43:24,38.8797,-75.06387,5.6,147.5,160.0,DAISY MAE,,WDJ6432,,15.0,,,,,B
367563930,2019-05-08T01:44:47,39.26179,-75.33407,10.4,-90.4,317.0,DEAN REINAUER,IMO9653264,WDG7107,31.0,0.0,35.0,10.0,4.9,,B
367797720,2019-05-08T01:44:45,38.878,-75.06267,5.3,152.6,160.0,DAISY MAE,,WDJ6432,,15.0,,,,,B
369235000,2019-05-08T01:45:24,38.91951,-75.13808,0.0,46.6,156.0,OSG VISION,IMO9436537,WDF2493,31.0,1.0,46.0,15.0,6.5,57.0,A
338447000,2019-05-08T01:43:54,39.08319,-75.18539,8.0,156.0,157.0,OSG HORIZON,IMO9436549,WDF6180,31.0,0.0,46.0,15.0,6.5,57.0,B
367600030,2019-05-08T01:43:46,38.87845,-75.1008,3.3,168.9,511.0,SUSAN CELESTE,,WDH2672,37.0,,12.0,,,,B
229208000,2019-05-08T01:45:10,39.3127,-75.39575,10.3,138.0,139.0,HELLAS ENTERPRISE,IMO9397468,9HA3151,80.0,5.0,183.0,32.0,12.9,80.0,B
636018106,2019-05-08T01:44:14,39.12863,-75.22453,14.9,-84.8,322.0,,,,,0.0,,,,,B
538004030,2019-05-08T01:44:15,38.93171,-75.16271,0.0,11.9,165.0,FRIO,IMO9596985,V7UU3,80.0,1.0,274.0,48.0,17.1,89.0,A
311073800,2019-05-08T01:44:34,38.9891,-75.21508,0.0,29.0,160.0,EURO,IMO9567702,C6AA5,84.0,1.0,274.0,48.0,-11.5,84.0,A
367563930,2019-05-08T01:45:58,39.26439,-75.33695,10.4,-90.4,318.0,DEAN REINAUER,IMO9653264,WDG7107,31.0,0.0,35.0,10.0,4.9,,B
338447000,2019-05-08T01:45:33,39.07979,-75.18343,8.1,157.8,158.0,OSG HORIZON,IMO9436549,WDF6180,31.0,0.0,46.0,15.0,6.5,57.0,B
367730710,2019-05-08T01:44:54,39.01621,-74.95865,0.1,165.3,192.0,GODSPEED,,WDI7643,37.0,,,,,,B
636018106,2019-05-08T01:46:08,39.13506,-75.23043,14.8,-85.3,323.0,,,,,0.0,,,,,B
367797720,2019-05-08T01:46:04,38.87633,-75.06149,5.9,155.1,160.0,DAISY MAE,,WDJ6432,,15.0,,,,,B
338447000,2019-05-08T01:46:43,39.07731,-75.18215,8.2,157.0,158.0,OSG HORIZON,IMO9436549,WDF6180,31.0,0.0,46.0,15.0,6.5,57.0,B
229208000,2019-05-08T01:47:10,39.3084,-75.39098,10.1,139.0,139.0,HELLAS ENTERPRISE,IMO9397468,9HA3151,80.0,5.0,183.0,32.0,12.9,80.0,B
367797720,2019-05-08T01:47:45,38.87418,-75.05999,6.0,141.1,160.0,DAISY MAE,,WDJ6432,,15.0,,,,,B
240463000,2019-05-08T01:46:06,38.94473,-75.17392,0.0,54.0,163.0,BOUBOULINA,IMO9298753,SZIS,80.0,1.0,274.0,50.0,17.0,80.0,A
636018106,2019-05-08T01:47:44,39.14044,-75.2354,14.8,-85.2,323.0,,,,,0.0,,,,,B
338447000,2019-05-08T01:48:43,39.07306,-75.17983,8.2,156.9,158.0,OSG HORIZON,IMO9436549,WDF6180,31.0,0.0,46.0,15.0,6.5,57.0,B
367600030,2019-05-08T01:47:16,38.87566,-75.1004,2.6,178.0,511.0,SUSAN CELESTE,,WDH2672,37.0,,12.0,,,,B
367563930,2019-05-08T01:47:08,39.26694,-75.33977,10.5,-90.1,317.0,DEAN REINAUER,IMO9653264,WDG7107,31.0,0.0,35.0,10.0,4.9,,B
311073800,2019-05-08T01:47:36,38.98911,-75.21506,0.1,-136.9,162.0,EURO,IMO9567702,C6AA5,84.0,1.0,274.0,48.0,-11.5,84.0,A
538004030,2019-05-08T01:47:15,38.93176,-75.16268,0.0,41.6,165.0,FRIO,IMO9596985,V7UU3,80.0,1.0,274.0,48.0,17.1,89.0,A
367563930,2019-05-08T01:48:47,39.27062,-75.34387,10.5,-90.9,316.0,DEAN REINAUER,IMO9653264,WDG7107,31.0,0.0,35.0,10.0,4.9,,B
229208000,2019-05-08T01:49:09,39.3041,-75.38622,10.0,138.0,138.0,HELLAS ENTERPRISE,IMO9397468,9HA3151,80.0,5.0,183.0,32.0,12.9,80.0,B
367730710,2019-05-08T01:47:54,39.01621,-74.95864,0.4,178.1,198.0,GODSPEED,,WDI7643,37.0,,,,,,B
367600030,2019-05-08T01:45:47,38.87681,-75.10055,3.3,174.3,511.0,SUSAN CELESTE,,WDH2672,37.0,,12.0,,,,B
240463000,2019-05-08T01:49:06,38.94463,-75.17398,0.0,-160.6,163.0,BOUBOULINA,IMO9298753,SZIS,80.0,1.0,274.0,50.0,17.0,80.0,A
367600030,2019-05-08T01:48:47,38.87453,-75.10022,2.8,170.6,511.0,SUSAN CELESTE,,WDH2672,37.0,,12.0,,,,B
369235000,2019-05-08T01:48:24,38.91951,-75.13801,0.0,46.6,157.0,OSG VISION,IMO9436537,WDF2493,31.0,1.0,46.0,15.0,6.5,57.0,A
636018106,2019-05-08T01:48:50,39.1441,-75.23874,14.8,-85.3,323.0,,,,,0.0,,,,,B
367797720,2019-05-08T01:48:54,38.87264,-75.05906,6.0,161.5,160.0,DAISY MAE,,WDJ6432,,15.0,,,,,B
338447000,2019-05-08T01:50:43,39.06881,-75.17749,8.3,156.8,157.0,OSG HORIZON,IMO9436549,WDF6180,31.0,0.0,46.0,15.0,6.5,57.0,B
367563930,2019-05-08T01:50:47,39.27496,-75.34887,10.4,-91.9,315.0,DEAN REINAUER,IMO9653264,WDG7107,31.0,0.0,35.0,10.0,4.9,,B
636018106,2019-05-08T01:50:44,39.15045,-75.24462,14.8,-85.3,322.0,,,,,0.0,,,,,B
538004030,2019-05-08T01:50:17,38.93169,-75.16262,0.0,124.0,167.0,FRIO,IMO9596985,V7UU3,80.0,1.0,274.0,48.0,17.1,89.0,A
229208000,2019-05-08T01:51:09,39.29998,-75.38155,9.8,138.0,138.0,HELLAS ENTERPRISE,IMO9397468,9HA3151,80.0,5.0,183.0,32.0,12.9,80.0,B
367797720,2019-05-08T01:50:04,38.87103,-75.05826,5.5,148.5,160.0,DAISY MAE,,WDJ6432,,15.0,,,,,B
367600030,2019-05-08T01:50:17,38.87335,-75.09984,2.6,162.0,511.0,SUSAN CELESTE,,WDH2672,37.0,,12.0,,,,B
311073800,2019-05-08T01:50:35,38.98909,-75.21509,0.2,-144.5,162.0,EURO,IMO9567702,C6AA5,84.0,1.0,274.0,48.0,-11.5,84.0,A
367730710,2019-05-08T01:50:54,39.01619,-74.95863,0.1,178.1,195.0,GODSPEED,,WDI7643,37.0,,,,,,B
338447000,2019-05-08T01:52:43,39.06448,-75.17516,8.4,156.9,158.0,OSG HORIZON,IMO9436549,WDF6180,31.0,0.0,46.0,15.0,6.5,57.0,B
367797720,2019-05-08T01:51:15,38.86936,-75.05743,5.8,160.3,160.0,DAISY MAE,,WDJ6432,,15.0,,,,,B
369235000,2019-05-08T01:51:24,38.9195,-75.13804,0.0,46.6,159.0,OSG VISION,IMO9436537,WDF2493,31.0,1.0,46.0,15.0,6.5,57.0,A
367600030,2019-05-08T01:51:46,38.87225,-75.09947,3.3,161.5,511.0,SUSAN CELESTE,,WDH2672,37.0,,12.0,,,,B
636018106,2019-05-08T01:51:50,39.15413,-75.24791,14.8,-85.1,323.0,,,,,0.0,,,,,A
367563930,2019-05-08T01:51:58,39.27746,-75.35184,10.4,-92.6,316.0,DEAN REINAUER,IMO9653264,WDG7107,31.0,0.0,35.0,10.0,4.9,,B
367797720,2019-05-08T01:52:34,38.86746,-75.05655,6.0,162.0,160.0,DAISY MAE,,WDJ6432,,15.0,,,,,B
636018106,2019-05-08T01:53:44,39.16063,-75.25366,14.9,-84.6,323.0,,,,,0.0,,,,,B
229208000,2019-05-08T01:52:19,39.29762,-75.37887,9.8,138.0,138.0,HELLAS ENTERPRISE,IMO9397468,9HA3151,80.0,5.0,183.0,32.0,12.9,80.0,B
367563930,2019-05-08T01:54:26,39.28276,-75.35822,10.5,-92.1,316.0,DEAN REINAUER,IMO9653264,WDG7107,31.0,0.0,35.0,10.0,4.9,,B
338447000,2019-05-08T01:53:54,39.06188,-75.17376,8.4,156.8,158.0,OSG HORIZON,IMO9436549,WDF6180,31.0,0.0,46.0,15.0,6.5,57.0,B
538004030,2019-05-08T01:53:15,38.93173,-75.1626,0.0,-166.8,168.0,FRIO,IMO9596985,V7UU3,80.0,1.0,274.0,48.0,17.1,89.0,A
367600030,2019-05-08T01:53:16,38.87112,-75.09908,2.6,162.3,511.0,SUSAN CELESTE,,WDH2672,37.0,,12.0,,,,B
311073800,2019-05-08T01:53:33,38.98909,-75.21512,0.1,-145.6,162.0,EURO,IMO9567702,C6AA5,84.0,1.0,274.0,48.0,-11.5,84.0,A
367797720,2019-05-08T01:53:44,38.86571,-75.05578,5.3,155.8,160.0,DAISY MAE,,WDJ6432,,15.0,,,,,B
338447000,2019-05-08T01:55:53,39.05756,-75.17143,8.5,157.0,157.0,OSG HORIZON,IMO9436549,WDF6180,31.0,0.0,46.0,15.0,6.5,57.0,B
369235000,2019-05-08T01:54:24,38.91951,-75.13807,0.0,46.6,158.0,OSG VISION,IMO9436537,WDF2493,31.0,1.0,46.0,15.0,6.5,57.0,A
367730710,2019-05-08T01:53:53,39.01618,-74.95862,0.2,178.1,201.0,GODSPEED,,WDI7643,37.0,,,,,,B
229208000,2019-05-08T01:54:40,39.29283,-75.37332,9.6,137.0,137.0,HELLAS ENTERPRISE,IMO9397468,9HA3151,80.0,5.0,183.0,32.0,12.9,80.0,B
367600030,2019-05-08T01:54:45,38.86997,-75.09864,3.2,166.4,511.0,SUSAN CELESTE,,WDH2672,37.0,,12.0,,,,B
367563930,2019-05-08T01:56:26,39.28707,-75.36339,10.6,-93.3,316.0,DEAN REINAUER,IMO9653264,WDG7107,31.0,0.0,35.0,10.0,4.9,,B
636018106,2019-05-08T01:56:44,39.17096,-75.26283,15.1,-84.2,324.0,,,,,0.0,,,,,B
369235000,2019-05-08T01:57:24,38.91949,-75.13813,0.0,46.6,156.0,OSG VISION,IMO9436537,WDF2493,31.0,1.0,46.0,15.0,6.5,57.0,A
367563930,2019-05-08T01:57:37,39.28961,-75.36657,10.7,-96.0,314.0,DEAN REINAUER,IMO9653264,WDG7107,31.0,0.0,35.0,10.0,4.9,,B
367797720,2019-05-08T01:57:54,38.85947,-75.05306,6.9,163.6,159.0,DAISY MAE,,WDJ6432,,15.0,,,,,B
240463000,2019-05-08T01:55:04,38.94458,-75.17405,0.0,-160.6,162.0,BOUBOULINA,IMO9298753,SZIS,80.0,1.0,274.0,50.0,17.0,80.0,A
367797720,2019-05-08T01:56:05,38.86222,-75.05422,4.4,150.0,159.0,DAISY MAE,,WDJ6432,,15.0,,,,,B
229208000,2019-05-08T01:53:30,39.29518,-75.37608,9.6,137.0,137.0,HELLAS ENTERPRISE,IMO9397468,9HA3151,80.0,5.0,183.0,32.0,12.9,80.0,B
367600030,2019-05-08T01:56:18,38.86879,-75.09817,2.6,165.1,511.0,SUSAN CELESTE,,WDH2672,37.0,,12.0,,,,B
229208000,2019-05-08T01:55:49,39.29058,-75.37065,9.6,137.0,137.0,HELLAS ENTERPRISE,IMO9397468,9HA3151,80.0,5.0,183.0,32.0,12.9,80.0,B
338447000,2019-05-08T01:57:53,39.0532,-75.16904,8.5,156.9,158.0,OSG HORIZON,IMO9436549,WDF6180,31.0,0.0,46.0,15.0,6.5,57.0,B
538004030,2019-05-08T01:56:14,38.93167,-75.16264,0.0,-165.3,168.0,FRIO,IMO9596985,V7UU3,80.0,1.0,274.0,48.0,17.1,89.0,A
240463000,2019-05-08T01:58:04,38.94465,-75.17407,0.0,-160.6,161.0,BOUBOULINA,IMO9298753,SZIS,80.0,1.0,274.0,50.0,17.0,80.0,A
367600030,2019-05-08T01:58:16,38.86724,-75.09759,2.9,168.1,511.0,SUSAN CELESTE,,WDH2672,37.0,,12.0,,,,B
367730710,2019-05-08T01:56:56,39.01618,-74.95861,0.3,180.6,198.0,GODSPEED,,WDI7643,37.0,,,,,,B
311073800,2019-05-08T01:56:36,38.98904,-75.21517,0.0,-138.6,162.0,EURO,IMO9567702,C6AA5,84.0,1.0,274.0,48.0,-11.5,84.0,A
229208000,2019-05-08T01:56:50,39.28857,-75.36827,9.6,137.0,137.0,HELLAS ENTERPRISE,IMO9397468,9HA3151,80.0,5.0,183.0,32.0,12.9,80.0,B
367797720,2019-05-08T01:59:05,38.85766,-75.05229,5.8,164.5,157.0,DAISY MAE,,WDJ6432,,15.0,,,,,B
636018106,2019-05-08T01:59:14,39.17959,-75.27031,14.9,-79.7,330.0,,,,,0.0,,,,,B
367563930,2019-05-08T01:59:18,39.2931,-75.37127,10.8,-96.4,314.0,DEAN REINAUER,IMO9653264,WDG7107,31.0,0.0,35.0,10.0,4.9,,B
229208000,2019-05-08T01:57:59,39.28633,-75.36555,9.7,136.0,137.0,HELLAS ENTERPRISE,IMO9397468,9HA3151,80.0,5.0,183.0,32.0,12.9,80.0,B
229208000,2019-05-08T01:59:59,39.28223,-75.36058,9.8,136.0,138.0,HELLAS ENTERPRISE,IMO9397468,9HA3151,80.0,5.0,183.0,32.0,12.9,80.0,B
636018106,2019-05-08T01:54:50,39.16433,-75.25696,15.0,-84.3,324.0,,,,,0.0,,,,,B
367797720,2019-05-08T01:54:54,38.86398,-75.05501,6.4,155.6,159.0,DAISY MAE,,WDJ6432,,15.0,,,,,B
538004030,2019-05-08T01:59:15,38.9316,-75.16269,0.0,-197.8,167.0,FRIO,IMO9596985,V7UU3,80.0,1.0,274.0,48.0,17.1,89.0,A
338447000,2019-05-08T01:59:04,39.0506,-75.16759,8.4,156.5,158.0,OSG HORIZON,IMO9436549,WDF6180,31.0,0.0,46.0,15.0,6.5,57.0,B
636018106,2019-05-08T02:00:03,39.18261,-75.27231,14.9,-75.6,334.0,,,,,0.0,,,,,B
367730710,2019-05-08T01:59:56,39.0162,-74.95863,0.3,149.2,199.0,GODSPEED,,WDI7643,37.0,,,,,,B
338447000,2019-05-08T02:00:04,39.04844,-75.16639,8.5,156.8,158.0,OSG HORIZON,IMO9436549,WDF6180,31.0,0.0,46.0,15.0,6.5,57.0,B
311073800,2019-05-08T01:59:32,38.98905,-75.21522,0.0,-79.7,161.0,EURO,IMO9567702,C6AA5,84.0,1.0,274.0,48.0,-11.5,84.0,A
229208000,2019-05-08T01:59:59,39.28223,-75.36058,9.8,136.0,138.0,HELLAS ENTERPRISE,IMO9397468,9HA3151,80.0,5.0,183.0,32.0,12.9,80.0,B
367797720,2019-05-08T02:00:05,38.85616,-75.0515,5.1,163.3,157.0,DAISY MAE,,WDJ6432,,15.0,,,,,B
636018106,2019-05-08T01:58:08,39.17575,-75.26712,15.0,-84.9,323.0,,,,,0.0,,,,,B
367563930,2019-05-08T02:00:08,39.29483,-75.37354,10.8,-94.8,316.0,DEAN REINAUER,IMO9653264,WDG7107,31.0,0.0,35.0,10.0,4.9,,A
367600030,2019-05-08T02:00:45,38.86526,-75.09688,3.2,164.5,511.0,SUSAN CELESTE,,WDH2672,37.0,,12.0,,,,B
240463000,2019-05-08T02:01:05,38.94467,-75.17407,0.0,-160.6,160.0,BOUBOULINA,IMO9298753,SZIS,80.0,1.0,274.0,50.0,17.0,80.0,A
636018106,2019-05-08T02:01:08,39.18676,-75.27475,15.1,-74.3,334.0,,,,,0.0,,,,,B
229208000,2019-05-08T02:01:09,39.27995,-75.35788,9.9,137.0,139.0,HELLAS ENTERPRISE,IMO9397468,9HA3151,80.0,5.0,183.0,32.0,12.9,80.0,B
367563930,2019-05-08T02:01:18,39.29736,-75.37679,10.8,-95.1,316.0,DEAN REINAUER,IMO9653264,WDG7107,31.0,0.0,35.0,10.0,4.9,,B
338447000,2019-05-08T02:01:13,39.04592,-75.16498,8.5,156.0,158.0,OSG HORIZON,IMO9436549,WDF6180,31.0,0.0,46.0,15.0,6.5,57.0,B
367797720,2019-05-08T02:01:14,38.85442,-75.05059,6.5,156.6,157.0,DAISY MAE,,WDJ6432,,15.0,,,,,B
636018106,2019-05-08T02:02:14,39.19093,-75.2772,15.2,-74.3,334.0,,,,,0.0,,,,,B
538004030,2019-05-08T02:02:14,38.93158,-75.16272,0.0,-165.7,167.0,FRIO,IMO9596985,V7UU3,80.0,1.0,274.0,48.0,17.1,89.0,A
367797720,2019-05-08T02:02:15,38.8529,-75.04982,6.0,155.7,156.0,DAISY MAE,,WDJ6432,,15.0,,,,,B
367600030,2019-05-08T02:02:15,38.86401,-75.09653,3.4,175.8,511.0,SUSAN CELESTE,,WDH2672,37.0,,12.0,,,,B
367563930,2019-05-08T02:02:27,39.29981,-75.37996,10.9,-93.2,318.0,DEAN REINAUER,IMO9653264,WDG7107,31.0,0.0,35.0,10.0,4.9,,B
338447000,2019-05-08T02:02:23,39.04339,-75.16359,8.6,157.6,159.0,OSG HORIZON,IMO9436549,WDF6180,31.0,0.0,46.0,15.0,6.5,57.0,B
229208000,2019-05-08T02:02:19,39.27755,-75.35508,10.0,137.0,138.0,HELLAS ENTERPRISE,IMO9397468,9HA3151,80.0,5.0,183.0,32.0,12.9,80.0,B
311073800,2019-05-08T02:02:33,38.98908,-75.21524,0.1,10.3,159.0,EURO,IMO9567702,C6AA5,84.0,1.0,274.0,48.0,-11.5,84.0,A
338447000,2019-05-08T02:03:24,39.04126,-75.16248,8.6,158.0,159.0,OSG HORIZON,IMO9436549,WDF6180,31.0,0.0,46.0,15.0,6.5,57.0,B
367797720,2019-05-08T02:03:25,38.85112,-75.04891,6.1,162.2,156.0,DAISY MAE,,WDJ6432,,15.0,,,,,B
229208000,2019-05-08T02:03:29,39.27508,-75.35227,9.9,139.0,139.0,HELLAS ENTERPRISE,IMO9397468,9HA3151,80.0,5.0,183.0,32.0,12.9,80.0,B
367600030,2019-05-08T02:03:18,38.86312,-75.09637,3.0,166.1,511.0,SUSAN CELESTE,,WDH2672,37.0,,12.0,,,,B
367730710,2019-05-08T02:02:53,39.01622,-74.95862,0.1,156.2,198.0,GODSPEED,,WDI7643,37.0,,,,,,B
369235000,2019-05-08T02:03:24,38.91951,-75.13815,0.0,46.6,157.0,OSG VISION,IMO9436537,WDF2493,31.0,1.0,46.0,15.0,6.5,57.0,A
367563930,2019-05-08T02:03:37,39.3024,-75.38311,11.0,-92.2,318.0,DEAN REINAUER,IMO9653264,WDG7107,31.0,0.0,35.0,10.0,4.9,,B
636018106,2019-05-08T02:03:20,39.19523,-75.27972,15.3,-74.3,335.0,,,,,0.0,,,,,B
240463000,2019-05-08T02:04:05,38.94462,-75.17405,0.0,46.0,161.0,BOUBOULINA,IMO9298753,SZIS,80.0,1.0,274.0,50.0,17.0,80.0,A
338447000,2019-05-08T02:04:33,39.03854,-75.16106,8.6,158.2,159.0,OSG HORIZON,IMO9436549,WDF6180,31.0,0.0,46.0,15.0,6.5,57.0,B
636018106,2019-05-08T02:04:26,39.19957,-75.28225,15.4,-74.0,335.0,,,,,0.0,,,,,B
229208000,2019-05-08T02:04:40,39.27258,-75.34943,9.9,138.0,139.0,HELLAS ENTERPRISE,IMO9397468,9HA3151,80.0,5.0,183.0,32.0,12.9,80.0,B
367600030,2019-05-08T02:04:45,38.86184,-75.09614,3.3,170.5,511.0,SUSAN CELESTE,,WDH2672,37.0,,12.0,,,,B
367730710,2019-05-08T02:05:53,39.0162,-74.95863,0.1,156.2,197.0,GODSPEED,,WDI7643,37.0,,,,,,B
311073800,2019-05-08T02:05:35,38.98907,-75.2152,0.0,37.2,159.0,EURO,IMO9567702,C6AA5,84.0,1.0,274.0,48.0,-11.5,84.0,A
338447000,2019-05-08T02:05:53,39.03555,-75.15953,8.6,158.5,159.0,OSG HORIZON,IMO9436549,WDF6180,31.0,0.0,46.0,15.0,6.5,57.0,B
636018106,2019-05-08T02:05:32,39.20378,-75.28472,15.4,-74.4,335.0,,,,,0.0,,,,,B
367600030,2019-05-08T02:05:46,38.86098,-75.09587,2.8,160.9,511.0,SUSAN CELESTE,,WDH2672,37.0,,12.0,,,,B
538004030,2019-05-08T02:05:14,38.93157,-75.16274,0.0,-171.5,167.0,FRIO,IMO9596985,V7UU3,80.0,1.0,274.0,48.0,17.1,89.0,A
229208000,2019-05-08T02:05:59,39.26993,-75.34642,9.8,138.0,140.0,HELLAS ENTERPRISE,IMO9397468,9HA3151,80.0,5.0,183.0,32.0,12.9,80.0,B
367563930,2019-05-08T02:04:48,39.30503,-75.38624,11.0,-92.4,320.0,DEAN REINAUER,IMO9653264,WDG7107,31.0,0.0,35.0,10.0,4.9,,B
369235000,2019-05-08T02:06:24,38.91947,-75.13819,0.0,46.6,155.0,OSG VISION,IMO9436537,WDF2493,31.0,1.0,46.0,15.0,6.5,57.0,A
636018106,2019-05-08T02:06:38,39.20809,-75.28724,15.3,-74.6,334.0,,,,,0.0,,,,,B
240463000,2019-05-08T02:07:03,38.94463,-75.17388,0.0,21.0,163.0,BOUBOULINA,IMO9298753,SZIS,80.0,1.0,274.0,50.0,17.0,80.0,A
338447000,2019-05-08T02:07:04,39.03291,-75.15817,8.7,158.2,157.0,OSG HORIZON,IMO9436549,WDF6180,31.0,0.0,46.0,15.0,6.5,57.0,B
367600030,2019-05-08T02:07:16,38.85968,-75.09544,3.1,169.7,511.0,SUSAN CELESTE,,WDH2672,37.0,,12.0,,,,B
367563930,2019-05-08T02:07:18,39.31078,-75.39284,11.0,-91.2,320.0,DEAN REINAUER,IMO9653264,WDG7107,31.0,0.0,35.0,10.0,4.9,,B
229208000,2019-05-08T02:07:09,39.26743,-75.34368,9.7,140.0,141.0,HELLAS ENTERPRISE,IMO9397468,9HA3151,80.0,5.0,183.0,32.0,12.9,80.0,B
636018106,2019-05-08T02:07:50,39.21275,-75.28996,15.3,-74.1,335.0,,,,,0.0,,,,,B
367563930,2019-05-08T02:06:07,39.30811,-75.38975,11.1,-91.1,319.0,DEAN REINAUER,IMO9653264,WDG7107,31.0,0.0,35.0,10.0,4.9,,B
229208000,2019-05-08T02:08:20,39.26495,-75.34107,9.7,140.0,141.0,HELLAS ENTERPRISE,IMO9397468,9HA3151,80.0,5.0,183.0,32.0,12.9,80.0,B
538004030,2019-05-08T02:08:17,38.93162,-75.16273,0.1,8.4,167.0,FRIO,IMO9596985,V7UU3,80.0,1.0,274.0,48.0,17.1,89.0,A
338447000,2019-05-08T02:08:13,39.03034,-75.15676,8.7,157.0,157.0,OSG HORIZON,IMO9436549,WDF6180,31.0,0.0,46.0,15.0,6.5,57.0,B
311073800,2019-05-08T02:08:34,38.98909,-75.21515,0.0,41.4,159.0,EURO,IMO9567702,C6AA5,84.0,1.0,274.0,48.0,-11.5,84.0,A
367563930,2019-05-08T02:08:37,39.31382,-75.3963,10.9,-91.2,320.0,DEAN REINAUER,IMO9653264,WDG7107,31.0,0.0,35.0,10.0,4.9,,B
636018106,2019-05-08T02:08:56,39.21697,-75.29242,15.3,-74.2,334.0,,,,,0.0,,,,,B
229208000,2019-05-08T02:09:29,39.26257,-75.33858,9.6,140.0,141.0,HELLAS ENTERPRISE,IMO9397468,9HA3151,80.0,5.0,183.0,32.0,12.9,80.0,B
338447000,2019-05-08T02:09:24,39.02769,-75.15533,8.7,157.1,157.0,OSG HORIZON,IMO9436549,WDF6180,31.0,0.0,46.0,15.0,6.5,57.0,B
367600030,2019-05-08T02:09:18,38.858,-75.09483,2.9,163.2,511.0,SUSAN CELESTE,,WDH2672,37.0,,12.0,,,,B
367563930,2019-05-08T02:09:48,39.31648,-75.39931,10.9,-91.0,319.0,DEAN REINAUER,IMO9653264,WDG7107,31.0,0.0,35.0,10.0,4.9,,B
240463000,2019-05-08T02:10:02,38.94468,-75.17388,0.0,8.0,164.0,BOUBOULINA,IMO9298753,SZIS,80.0,1.0,274.0,50.0,17.0,80.0,A
636018106,2019-05-08T02:10:14,39.22203,-75.29551,15.3,-75.8,333.0,,,,,0.0,,,,,B
229208000,2019-05-08T02:10:39,39.26017,-75.33607,9.6,139.0,140.0,HELLAS ENTERPRISE,IMO9397468,9HA3151,80.0,5.0,183.0,32.0,12.9,80.0,B
538002220,2019-05-08T02:10:39,39.24739,-75.32127,12.7,138.9,138.0,NEW ENGLAND,IMO9298727,V7HF3,80.0,0.0,182.0,27.0,11.2,,B
338447000,2019-05-08T02:10:33,39.02512,-75.15395,8.6,157.9,157.0,OSG HORIZON,IMO9436549,WDF6180,31.0,0.0,46.0,15.0,6.5,57.0,B
367600030,2019-05-08T02:10:46,38.85682,-75.09437,3.0,161.6,511.0,SUSAN CELESTE,,WDH2672,37.0,,12.0,,,,B
367563930,2019-05-08T02:10:58,39.31918,-75.40238,10.9,-90.9,320.0,DEAN REINAUER,IMO9653264,WDG7107,31.0,0.0,35.0,10.0,4.9,,B
636018106,2019-05-08T02:11:20,39.22628,-75.29824,15.4,-76.0,333.0,,,,,0.0,,,,,B
311073800,2019-05-08T02:11:32,38.98911,-75.21511,0.0,55.6,160.0,EURO,IMO9567702,C6AA5,84.0,1.0,274.0,48.0,-11.5,84.0,A
538004030,2019-05-08T02:11:17,38.93169,-75.16269,0.1,6.7,167.0,FRIO,IMO9596985,V7UU3,80.0,1.0,274.0,48.0,17.1,89.0,A
229208000,2019-05-08T02:12:09,39.25698,-75.33267,9.6,139.0,140.0,HELLAS ENTERPRISE,IMO9397468,9HA3151,80.0,5.0,183.0,32.0,12.9,80.0,B
338447000,2019-05-08T02:11:53,39.02217,-75.15233,8.6,157.2,157.0,OSG HORIZON,IMO9436549,WDF6180,31.0,0.0,46.0,15.0,6.5,57.0,B
369235000,2019-05-08T02:12:25,38.91955,-75.13805,0.0,46.6,156.0,OSG VISION,IMO9436537,WDF2493,31.0,1.0,46.0,15.0,6.5,57.0,A
367563930,2019-05-08T02:12:06,39.32176,-75.40528,10.9,-90.8,319.0,DEAN REINAUER,IMO9653264,WDG7107,31.0,0.0,35.0,10.0,4.9,,A
338447000,2019-05-08T02:13:04,39.01953,-75.1509,8.6,157.4,158.0,OSG HORIZON,IMO9436549,WDF6180,31.0,0.0,46.0,15.0,6.5,57.0,B
636018106,2019-05-08T02:12:48,39.2318,-75.30197,15.5,-80.7,326.0,,,,,0.0,,,,,A
229208000,2019-05-08T02:13:39,39.25377,-75.3291,9.6,139.0,139.0,HELLAS ENTERPRISE,IMO9397468,9HA3151,80.0,5.0,183.0,32.0,12.9,80.0,B
240463000,2019-05-08T02:13:05,38.94467,-75.17388,0.0,8.0,164.0,BOUBOULINA,IMO9298753,SZIS,80.0,1.0,274.0,50.0,17.0,80.0,A
367563930,2019-05-08T02:13:27,39.32484,-75.4088,10.9,-91.3,320.0,DEAN REINAUER,IMO9653264,WDG7107,31.0,0.0,35.0,10.0,4.9,,B
636018106,2019-05-08T02:14:08,39.23636,-75.30651,14.9,-89.7,318.0,,,,,0.0,,,,,A
367600030,2019-05-08T02:12:46,38.85522,-75.09369,3.3,155.7,511.0,SUSAN CELESTE,,WDH2672,37.0,,12.0,,,,B
367600030,2019-05-08T02:13:47,38.85445,-75.09335,3.2,155.9,511.0,SUSAN CELESTE,,WDH2672,37.0,,12.0,,,,B
538004030,2019-05-08T02:14:15,38.93178,-75.16261,0.1,38.5,167.0,FRIO,IMO9596985,V7UU3,80.0,1.0,274.0,48.0,17.1,89.0,A
311073800,2019-05-08T02:14:34,38.98912,-75.21508,0.0,-143.0,161.0,EURO,IMO9567702,C6AA5,84.0,1.0,274.0,48.0,-11.5,84.0,A
338447000,2019-05-08T02:14:12,39.01702,-75.1496,8.6,157.9,158.0,OSG HORIZON,IMO9436549,WDF6180,31.0,0.0,46.0,15.0,6.5,57.0,B
229208000,2019-05-08T02:14:40,39.25185,-75.32695,9.6,138.0,139.0,HELLAS ENTERPRISE,IMO9397468,9HA3151,80.0,5.0,183.0,32.0,12.9,80.0,B
367563930,2019-05-08T02:14:37,39.32751,-75.41177,11.0,-90.6,319.0,DEAN REINAUER,IMO9653264,WDG7107,31.0,0.0,35.0,10.0,4.9,,B
636018106,2019-05-08T02:15:15,39.23983,-75.31022,14.8,-89.4,319.0,,,,,0.0,,,,,B
338447000,2019-05-08T02:15:33,39.01401,-75.14798,8.6,157.4,158.0,OSG HORIZON,IMO9436549,WDF6180,31.0,0.0,46.0,15.0,6.5,57.0,B
369235000,2019-05-08T02:15:25,38.91949,-75.13807,0.0,46.6,158.0,OSG VISION,IMO9436537,WDF2493,31.0,1.0,46.0,15.0,6.5,57.0,A
367563930,2019-05-08T02:15:47,39.33021,-75.41482,11.1,-90.8,320.0,DEAN REINAUER,IMO9653264,WDG7107,31.0,0.0,35.0,10.0,4.9,,B
636018106,2019-05-08T02:16:20,39.24333,-75.31395,14.9,-90.4,318.0,,,,,0.0,,,,,B
240463000,2019-05-08T02:16:03,38.94465,-75.17387,0.0,8.0,165.0,BOUBOULINA,IMO9298753,SZIS,80.0,1.0,274.0,50.0,17.0,80.0,A
338447000,2019-05-08T02:17:14,39.0103,-75.146,8.5,157.4,158.0,OSG HORIZON,IMO9436549,WDF6180,31.0,0.0,46.0,15.0,6.5,57.0,B
367600030,2019-05-08T02:16:47,38.85223,-75.09229,2.9,158.2,511.0,SUSAN CELESTE,,WDH2672,37.0,,12.0,,,,B
229208000,2019-05-08T02:16:59,39.24725,-75.3218,9.6,138.0,139.0,HELLAS ENTERPRISE,IMO9397468,9HA3151,80.0,5.0,183.0,32.0,12.9,80.0,B
538004030,2019-05-08T02:17:16,38.93184,-75.1625,0.0,64.2,168.0,FRIO,IMO9596985,V7UU3,80.0,1.0,274.0,48.0,17.1,89.0,A
311073800,2019-05-08T02:17:35,38.98909,-75.21511,0.0,-134.4,160.0,EURO,IMO9567702,C6AA5,84.0,1.0,274.0,48.0,-11.5,84.0,A
367730710,2019-05-08T02:14:54,39.01622,-74.95863,0.4,162.2,202.0,GODSPEED,,WDI7643,37.0,,,,,,B
367600030,2019-05-08T02:18:16,38.85108,-75.09173,3.0,167.5,511.0,SUSAN CELESTE,,WDH2672,37.0,,12.0,,,,B
369235000,2019-05-08T02:18:24,38.91955,-75.13802,0.0,46.6,157.0,OSG VISION,IMO9436537,WDF2493,31.0,1.0,46.0,15.0,6.5,57.0,A
229208000,2019-05-08T02:18:09,39.24482,-75.31905,9.6,136.0,137.0,HELLAS ENTERPRISE,IMO9397468,9HA3151,80.0,5.0,183.0,32.0,12.9,80.0,B
338447000,2019-05-08T02:18:23,39.0078,-75.1447,8.5,157.5,158.0,OSG HORIZON,IMO9436549,WDF6180,31.0,0.0,46.0,15.0,6.5,57.0,B
636018106,2019-05-08T02:19:50,39.2542,-75.32628,14.8,-90.6,317.0,,,,,0.0,,,,,B
229208000,2019-05-08T02:19:19,39.2425,-75.31628,9.5,136.0,137.0,HELLAS ENTERPRISE,IMO9397468,9HA3151,80.0,5.0,183.0,32.0,12.9,80.0,B
240463000,2019-05-08T02:19:05,38.94467,-75.17385,0.0,8.0,166.0,BOUBOULINA,IMO9298753,SZIS,80.0,1.0,274.0,50.0,17.0,80.0,A
367600030,2019-05-08T02:15:46,38.85298,-75.09264,2.8,165.3,511.0,SUSAN CELESTE,,WDH2672,37.0,,12.0,,,,B
229208000,2019-05-08T02:15:50,39.24952,-75.32435,9.6,138.0,139.0,HELLAS ENTERPRISE,IMO9397468,9HA3151,80.0,5.0,183.0,32.0,12.9,80.0,B
367600030,2019-05-08T02:19:47,38.84993,-75.09115,2.9,167.9,511.0,SUSAN CELESTE,,WDH2672,37.0,,12.0,,,,B
367563930,2019-05-08T02:19:38,39.33914,-75.42501,11.1,-91.3,320.0,DEAN REINAUER,IMO9653264,WDG7107,31.0,0.0,35.0,10.0,4.9,,B
338447000,2019-05-08T02:19:24,39.0056,-75.14347,8.4,157.5,158.0,OSG HORIZON,IMO9436549,WDF6180,31.0,0.0,46.0,15.0,6.5,57.0,B
538004030,2019-05-08T02:20:16,38.9319,-75.16238,0.1,115.2,171.0,FRIO,IMO9596985,V7UU3,80.0,1.0,274.0,48.0,17.1,89.0,A
367563930,2019-05-08T02:20:46,39.34184,-75.42803,11.2,-91.6,318.0,DEAN REINAUER,IMO9653264,WDG7107,31.0,0.0,35.0,10.0,4.9,,B
369235000,2019-05-08T02:21:24,38.91954,-75.13795,0.1,46.6,159.0,OSG VISION,IMO9436537,WDF2493,31.0,1.0,46.0,15.0,6.5,57.0,A
229208000,2019-05-08T02:20:29,39.24022,-75.31357,9.5,137.0,136.0,HELLAS ENTERPRISE,IMO9397468,9HA3151,80.0,5.0,183.0,32.0,12.9,80.0,B
367563930,2019-05-08T02:16:57,39.33299,-75.41794,11.1,-91.0,319.0,DEAN REINAUER,IMO9653264,WDG7107,31.0,0.0,35.0,10.0,4.9,,B
636018106,2019-05-08T02:17:21,39.24649,-75.31746,14.9,-90.2,318.0,,,,,0.0,,,,,B
367563930,2019-05-08T02:18:27,39.33646,-75.42192,11.1,-91.3,319.0,DEAN REINAUER,IMO9653264,WDG7107,31.0,0.0,35.0,10.0,4.9,,B
636018106,2019-05-08T02:18:27,39.24988,-75.32133,14.8,-91.3,317.0,,,,,0.0,,,,,B
338447000,2019-05-08T02:20:53,39.00232,-75.14173,8.4,158.2,157.0,OSG HORIZON,IMO9436549,WDF6180,31.0,0.0,46.0,15.0,6.5,57.0,B
311073800,2019-05-08T02:20:33,38.98912,-75.21511,0.0,27.4,160.0,EURO,IMO9567702,C6AA5,84.0,1.0,274.0,48.0,-11.5,84.0,A
636018106,2019-05-08T02:20:56,39.25763,-75.33016,14.9,-90.8,316.0,,,,,0.0,,,,,B
367563930,2019-05-08T02:22:16,39.34534,-75.43206,11.2,-91.7,318.0,DEAN REINAUER,IMO9653264,WDG7107,31.0,0.0,35.0,10.0,4.9,,B
229208000,2019-05-08T02:21:38,39.23808,-75.31092,9.5,135.0,136.0,HELLAS ENTERPRISE,IMO9397468,9HA3151,80.0,5.0,183.0,32.0,12.9,80.0,B
636018106,2019-05-08T02:21:57,39.26068,-75.33371,14.9,-91.5,316.0,,,,,0.0,,,,,B
338447000,2019-05-08T02:22:04,38.99985,-75.14028,8.4,156.5,157.0,OSG HORIZON,IMO9436549,WDF6180,31.0,0.0,46.0,15.0,6.5,57.0,B
240463000,2019-05-08T02:22:05,38.94468,-75.17385,0.0,8.0,166.0,BOUBOULINA,IMO9298753,SZIS,80.0,1.0,274.0,50.0,17.0,80.0,A
367600030,2019-05-08T02:22:16,38.84799,-75.09053,3.1,171.6,511.0,SUSAN CELESTE,,WDH2672,37.0,,12.0,,,,B
538004030,2019-05-08T02:23:17,38.9318,-75.16238,0.2,-189.5,174.0,FRIO,IMO9596985,V7UU3,80.0,1.0,274.0,48.0,17.1,89.0,A
229208000,2019-05-08T02:22:50,39.2357,-75.30795,9.6,135.0,136.0,HELLAS ENTERPRISE,IMO9397468,9HA3151,80.0,5.0,183.0,32.0,12.9,80.0,B
367563930,2019-05-08T02:23:46,39.34883,-75.43611,11.3,-91.2,319.0,DEAN REINAUER,IMO9653264,WDG7107,31.0,0.0,35.0,10.0,4.9,,B
636018106,2019-05-08T02:23:02,39.26402,-75.33768,15.0,-91.9,316.0,,,,,0.0,,,,,B
338447000,2019-05-08T02:23:53,38.99588,-75.13806,8.4,156.1,157.0,OSG HORIZON,IMO9436549,WDF6180,31.0,0.0,46.0,15.0,6.5,57.0,B
367730710,2019-05-08T02:23:53,39.01622,-74.95861,0.3,162.2,197.0,GODSPEED,,WDI7643,37.0,,,,,,B
229208000,2019-05-08T02:24:00,39.23355,-75.30517,9.8,135.0,140.0,HELLAS ENTERPRISE,IMO9397468,9HA3151,80.0,5.0,183.0,32.0,12.9,80.0,B
311073800,2019-05-08T02:23:35,38.98911,-75.21505,0.0,40.4,161.0,EURO,IMO9567702,C6AA5,84.0,1.0,274.0,48.0,-11.5,84.0,A
369235000,2019-05-08T02:24:24,38.91956,-75.13792,0.0,46.6,161.0,OSG VISION,IMO9436537,WDF2493,31.0,1.0,46.0,15.0,6.5,57.0,A
338447000,2019-05-08T02:25:23,38.99267,-75.13628,8.4,157.6,158.0,OSG HORIZON,IMO9436549,WDF6180,31.0,0.0,46.0,15.0,6.5,57.0,B
367600030,2019-05-08T02:24:16,38.84641,-75.09003,2.8,168.1,511.0,SUSAN CELESTE,,WDH2672,37.0,,12.0,,,,B
367563930,2019-05-08T02:24:57,39.3516,-75.43931,11.3,-91.5,318.0,DEAN REINAUER,IMO9653264,WDG7107,31.0,0.0,35.0,10.0,4.9,,B
636018106,2019-05-08T02:25:14,39.27083,-75.34566,15.0,-91.4,316.0,,,,,0.0,,,,,B
636018106,2019-05-08T02:24:08,39.26738,-75.34162,15.0,-91.4,316.0,,,,,0.0,,,,,B
367600030,2019-05-08T02:25:47,38.84521,-75.08968,3.1,168.8,511.0,SUSAN CELESTE,,WDH2672,37.0,,12.0,,,,B
229208000,2019-05-08T02:26:20,39.22802,-75.30055,10.0,152.0,152.0,HELLAS ENTERPRISE,IMO9397468,9HA3151,80.0,5.0,183.0,32.0,12.9,80.0,B
367563930,2019-05-08T02:26:46,39.3559,-75.44424,11.3,-91.1,319.0,DEAN REINAUER,IMO9653264,WDG7107,31.0,0.0,35.0,10.0,4.9,,B
636018106,2019-05-08T02:26:21,39.27426,-75.34965,15.0,-91.9,316.0,,,,,0.0,,,,,B
311073800,2019-05-08T02:26:33,38.98913,-75.21499,0.0,66.0,162.0,EURO,IMO9567702,C6AA5,84.0,1.0,274.0,48.0,-11.5,84.0,A
229208000,2019-05-08T02:25:10,39.23093,-75.30255,9.9,146.0,150.0,HELLAS ENTERPRISE,IMO9397468,9HA3151,80.0,5.0,183.0,32.0,12.9,80.0,B
367600030,2019-05-08T02:27:18,38.84401,-75.08933,3.0,162.3,511.0,SUSAN CELESTE,,WDH2672,37.0,,12.0,,,,B
338447000,2019-05-08T02:26:33,38.99012,-75.13493,8.4,157.7,158.0,OSG HORIZON,IMO9436549,WDF6180,31.0,0.0,46.0,15.0,6.5,57.0,B
229208000,2019-05-08T02:28:00,39.22385,-75.29798,10.1,154.0,154.0,HELLAS ENTERPRISE,IMO9397468,9HA3151,80.0,5.0,183.0,32.0,12.9,80.0,B
369235000,2019-05-08T02:27:25,38.91955,-75.13799,0.0,46.6,161.0,OSG VISION,IMO9436537,WDF2493,31.0,1.0,46.0,15.0,6.5,57.0,A
636018106,2019-05-08T02:27:26,39.27765,-75.35363,15.0,-92.5,315.0,,,,,0.0,,,,,B
338447000,2019-05-08T02:28:34,38.98568,-75.13263,8.5,156.7,156.0,OSG HORIZON,IMO9436549,WDF6180,31.0,0.0,46.0,15.0,6.5,57.0,B
367563930,2019-05-08T02:28:36,39.36016,-75.44915,11.2,-91.7,319.0,DEAN REINAUER,IMO9653264,WDG7107,31.0,0.0,35.0,10.0,4.9,,B
538004030,2019-05-08T02:26:16,38.93165,-75.16254,0.1,-178.1,174.0,FRIO,IMO9596985,V7UU3,80.0,1.0,274.0,48.0,17.1,89.0,A
229208000,2019-05-08T02:29:20,39.22043,-75.29592,10.3,154.0,154.0,HELLAS ENTERPRISE,IMO9397468,9HA3151,80.0,5.0,183.0,32.0,12.9,80.0,B
367600030,2019-05-08T02:29:46,38.84196,-75.08875,3.1,168.8,511.0,SUSAN CELESTE,,WDH2672,37.0,,12.0,,,,B
367730710,2019-05-08T02:26:53,39.0162,-74.95863,0.1,162.2,195.0,GODSPEED,,WDI7643,37.0,,,,,,B
538004030,2019-05-08T02:29:16,38.93154,-75.16271,0.1,-177.9,171.0,FRIO,IMO9596985,V7UU3,80.0,1.0,274.0,48.0,17.1,89.0,A
367563930,2019-05-08T02:30:16,39.36402,-75.45357,11.1,-92.0,318.0,DEAN REINAUER,IMO9653264,WDG7107,31.0,0.0,35.0,10.0,4.9,,B
338447000,2019-05-08T02:30:34,38.98129,-75.13023,8.6,157.5,156.0,OSG HORIZON,IMO9436549,WDF6180,31.0,0.0,46.0,15.0,6.5,57.0,B
311073800,2019-05-08T02:29:35,38.98914,-75.21494,0.0,29.9,163.0,EURO,IMO9567702,C6AA5,84.0,1.0,274.0,48.0,-11.5,84.0,A
636018106,2019-05-08T02:30:14,39.28627,-75.36396,15.1,-92.4,316.0,,,,,0.0,,,,,B
367563930,2019-05-08T02:31:26,39.36669,-75.45669,11.1,-92.0,317.0,DEAN REINAUER,IMO9653264,WDG7107,31.0,0.0,35.0,10.0,4.9,,B
240463000,2019-05-08T02:28:03,38.94467,-75.1741,0.0,-142.6,165.0,BOUBOULINA,IMO9298753,SZIS,80.0,1.0,274.0,50.0,17.0,80.0,A
338447000,2019-05-08T02:31:42,38.97879,-75.1289,8.7,157.7,156.0,OSG HORIZON,IMO9436549,WDF6180,31.0,0.0,46.0,15.0,6.5,57.0,B
636018106,2019-05-08T02:29:08,39.28285,-75.35983,15.0,-92.4,316.0,,,,,0.0,,,,,B
229208000,2019-05-08T02:30:29,39.21728,-75.29402,10.3,154.0,154.0,HELLAS ENTERPRISE,IMO9397468,9HA3151,80.0,5.0,183.0,32.0,12.9,80.0,B
240463000,2019-05-08T02:31:03,38.94462,-75.17422,0.0,-146.6,162.0,BOUBOULINA,IMO9298753,SZIS,80.0,1.0,274.0,50.0,17.0,80.0,A
636018106,2019-05-08T02:32:08,39.29227,-75.37076,15.0,-91.5,317.0,,,,,0.0,,,,,B
367600030,2019-05-08T02:31:16,38.84069,-75.0884,3.2,172.7,511.0,SUSAN CELESTE,,WDH2672,37.0,,12.0,,,,B
338447000,2019-05-08T02:32:44,38.97645,-75.12764,8.7,158.0,157.0,OSG HORIZON,IMO9436549,WDF6180,31.0,0.0,46.0,15.0,6.5,57.0,B
229208000,2019-05-08T02:31:39,39.21427,-75.2922,10.4,154.0,154.0,HELLAS ENTERPRISE,IMO9397468,9HA3151,80.0,5.0,183.0,32.0,12.9,80.0,B
538004030,2019-05-08T02:32:15,38.93148,-75.1628,0.1,-171.9,170.0,FRIO,IMO9596985,V7UU3,80.0,1.0,274.0,48.0,17.1,89.0,A
311073800,2019-05-08T02:32:34,38.98915,-75.21488,0.0,29.0,165.0,EURO,IMO9567702,C6AA5,84.0,1.0,274.0,48.0,-11.5,84.0,A
369235000,2019-05-08T02:30:25,38.91957,-75.13796,0.0,46.6,159.0,OSG VISION,IMO9436537,WDF2493,31.0,1.0,46.0,15.0,6.5,57.0,A
367600030,2019-05-08T02:32:17,38.83983,-75.08817,3.1,165.6,511.0,SUSAN CELESTE,,WDH2672,37.0,,12.0,,,,B
367563930,2019-05-08T02:33:16,39.37092,-75.46152,11.0,-91.5,317.0,DEAN REINAUER,IMO9653264,WDG7107,31.0,0.0,35.0,10.0,4.9,,B
367730710,2019-05-08T02:32:55,39.01624,-74.9586,0.1,-192.9,193.0,GODSPEED,,WDI7643,37.0,,,,,,B
229208000,2019-05-08T02:33:59,39.20812,-75.28847,10.5,154.0,154.0,HELLAS ENTERPRISE,IMO9397468,9HA3151,80.0,5.0,183.0,32.0,12.9,80.0,B
636018106,2019-05-08T02:33:38,39.29692,-75.37616,15.1,-91.6,317.0,,,,,0.0,,,,,B
229208000,2019-05-08T02:32:50,39.21108,-75.29027,10.4,154.0,154.0,HELLAS ENTERPRISE,IMO9397468,9HA3151,80.0,5.0,183.0,32.0,12.9,80.0,B
369235000,2019-05-08T02:33:24,38.91955,-75.13791,0.1,46.6,159.0,OSG VISION,IMO9436537,WDF2493,31.0,1.0,46.0,15.0,6.5,57.0,A
367600030,2019-05-08T02:33:48,38.8385,-75.08785,3.2,177.4,511.0,SUSAN CELESTE,,WDH2672,37.0,,12.0,,,,B
338447000,2019-05-08T02:33:53,38.97393,-75.1263,8.7,158.3,156.0,OSG HORIZON,IMO9436549,WDF6180,31.0,0.0,46.0,15.0,6.5,57.0,B
636018106,2019-05-08T02:35:08,39.30166,-75.38176,15.3,-91.5,317.0,,,,,0.0,,,,,B
229208000,2019-05-08T02:35:10,39.20492,-75.2865,10.6,155.0,154.0,HELLAS ENTERPRISE,IMO9397468,9HA3151,80.0,5.0,183.0,32.0,12.9,80.0,B
240463000,2019-05-08T02:34:06,38.94462,-75.17425,0.0,-146.6,160.0,BOUBOULINA,IMO9298753,SZIS,80.0,1.0,274.0,50.0,17.0,80.0,A
311073800,2019-05-08T02:35:35,38.98914,-75.21487,0.0,51.3,165.0,EURO,IMO9567702,C6AA5,84.0,1.0,274.0,48.0,-11.5,84.0,A
367730710,2019-05-08T02:34:23,39.01623,-74.95862,0.3,-192.9,196.0,GODSPEED,,WDI7643,37.0,,,,,,B
367563930,2019-05-08T02:35:07,39.37511,-75.46637,10.9,-91.2,317.0,DEAN REINAUER,IMO9653264,WDG7107,31.0,0.0,35.0,10.0,4.9,,B
338447000,2019-05-08T02:35:02,38.97132,-75.12494,8.8,157.4,156.0,OSG HORIZON,IMO9436549,WDF6180,31.0,0.0,46.0,15.0,6.5,57.0,B
538004030,2019-05-08T02:35:13,38.93146,-75.16284,0.0,-141.7,168.0,FRIO,IMO9596985,V7UU3,80.0,1.0,274.0,48.0,17.1,89.0,A
367600030,2019-05-08T02:35:16,38.83719,-75.08771,3.0,173.9,511.0,SUSAN CELESTE,,WDH2672,37.0,,12.0,,,,B
636018106,2019-05-08T02:37:08,39.30804,-75.38908,15.2,-91.1,316.0,,,,,0.0,,,,,B
229208000,2019-05-08T02:36:20,39.20182,-75.2846,10.6,154.0,154.0,HELLAS ENTERPRISE,IMO9397468,9HA3151,80.0,5.0,183.0,32.0,12.9,80.0,B
367600030,2019-05-08T02:36:17,38.8363,-75.08759,2.8,169.3,511.0,SUSAN CELESTE,,WDH2672,37.0,,12.0,,,,B
367563930,2019-05-08T02:36:18,39.37777,-75.46939,10.9,-90.9,318.0,DEAN REINAUER,IMO9653264,WDG7107,31.0,0.0,35.0,10.0,4.9,,B
338447000,2019-05-08T02:36:33,38.96788,-75.12302,8.8,155.7,156.0,OSG HORIZON,IMO9436549,WDF6180,31.0,0.0,46.0,15.0,6.5,57.0,B
338447000,2019-05-08T02:37:44,38.96523,-75.12147,8.8,155.5,156.0,OSG HORIZON,IMO9436549,WDF6180,31.0,0.0,46.0,15.0,6.5,57.0,B
367563930,2019-05-08T02:38:07,39.38199,-75.47408,10.9,-90.5,316.0,DEAN REINAUER,IMO9653264,WDG7107,31.0,0.0,35.0,10.0,4.9,,B
229208000,2019-05-08T02:38:20,39.1965,-75.28127,10.7,154.0,154.0,HELLAS ENTERPRISE,IMO9397468,9HA3151,80.0,5.0,183.0,32.0,12.9,80.0,B
538004030,2019-05-08T02:38:17,38.93149,-75.1629,0.1,-106.1,167.0,FRIO,IMO9596985,V7UU3,80.0,1.0,274.0,48.0,17.1,89.0,A
240463000,2019-05-08T02:37:05,38.94463,-75.17423,0.0,-146.6,159.0,BOUBOULINA,IMO9298753,SZIS,80.0,1.0,274.0,50.0,17.0,80.0,A
367730710,2019-05-08T02:37:24,39.01622,-74.95861,0.4,-66.3,197.0,GODSPEED,,WDI7643,37.0,,,,,,B
367600030,2019-05-08T02:37:47,38.83494,-75.08742,3.3,174.4,511.0,SUSAN CELESTE,,WDH2672,37.0,,12.0,,,,B
636018106,2019-05-08T02:38:44,39.31301,-75.39476,15.0,-91.2,317.0,,,,,0.0,,,,,B
311073800,2019-05-08T02:38:35,38.98915,-75.2149,0.0,-64.9,164.0,EURO,IMO9567702,C6AA5,84.0,1.0,274.0,48.0,-11.5,84.0,A
367730710,2019-05-08T02:38:53,39.01622,-74.95863,0.3,-51.7,199.0,GODSPEED,,WDI7643,37.0,,,,,,B
367600030,2019-05-08T02:38:48,38.83403,-75.08731,3.0,175.6,511.0,SUSAN CELESTE,,WDH2672,37.0,,12.0,,,,B
229208000,2019-05-08T02:40:10,39.19152,-75.27813,10.7,153.0,154.0,HELLAS ENTERPRISE,IMO9397468,9HA3151,80.0,5.0,183.0,32.0,12.9,80.0,B
367563930,2019-05-08T02:39:18,39.38463,-75.47712,11.0,-91.4,316.0,DEAN REINAUER,IMO9653264,WDG7107,31.0,0.0,35.0,10.0,4.9,,B
369235000,2019-05-08T02:39:25,38.91961,-75.13775,0.0,46.6,164.0,OSG VISION,IMO9436537,WDF2493,31.0,1.0,46.0,15.0,6.5,57.0,A
636018106,2019-05-08T02:39:50,39.31643,-75.39864,14.9,-91.5,317.0,,,,,0.0,,,,,A
636018106,2019-05-08T02:41:08,39.32045,-75.40342,14.7,-91.9,317.0,,,,,0.0,,,,,B
538004030,2019-05-08T02:41:13,38.93157,-75.1629,0.1,-58.6,166.0,FRIO,IMO9596985,V7UU3,80.0,1.0,274.0,48.0,17.1,89.0,A
338447000,2019-05-08T02:40:03,38.96008,-75.11844,8.7,156.4,157.0,OSG HORIZON,IMO9436549,WDF6180,31.0,0.0,46.0,15.0,6.5,57.0,B
367563930,2019-05-08T02:41:17,39.38917,-75.4824,11.0,-91.5,317.0,DEAN REINAUER,IMO9653264,WDG7107,31.0,0.0,35.0,10.0,4.9,,B
367600030,2019-05-08T02:40:16,38.83269,-75.08717,3.3,175.4,511.0,SUSAN CELESTE,,WDH2672,37.0,,12.0,,,,B
240463000,2019-05-08T02:40:03,38.94467,-75.17418,0.0,-146.6,159.0,BOUBOULINA,IMO9298753,SZIS,80.0,1.0,274.0,50.0,17.0,80.0,A
367600030,2019-05-08T02:41:46,38.8313,-75.08705,3.3,180.5,511.0,SUSAN CELESTE,,WDH2672,37.0,,12.0,,,,B
229208000,2019-05-08T02:41:19,39.18838,-75.27612,10.7,153.0,154.0,HELLAS ENTERPRISE,IMO9397468,9HA3151,80.0,5.0,183.0,32.0,12.9,80.0,B
636018106,2019-05-08T02:43:08,39.32654,-75.41048,14.6,-91.5,317.0,,,,,0.0,,,,,B
338447000,2019-05-08T02:41:13,38.95747,-75.11697,8.6,156.1,157.0,OSG HORIZON,IMO9436549,WDF6180,31.0,0.0,46.0,15.0,6.5,57.0,B
338447000,2019-05-08T02:43:03,38.95348,-75.11472,8.6,156.0,156.0,OSG HORIZON,IMO9436549,WDF6180,31.0,0.0,46.0,15.0,6.5,57.0,B
311073800,2019-05-08T02:41:34,38.98916,-75.21487,0.0,41.9,164.0,EURO,IMO9567702,C6AA5,84.0,1.0,274.0,48.0,-11.5,84.0,A
229208000,2019-05-08T02:43:49,39.1818,-75.27158,10.5,146.0,146.0,HELLAS ENTERPRISE,IMO9397468,9HA3151,80.0,5.0,183.0,32.0,12.9,80.0,B
369235000,2019-05-08T02:42:25,38.91963,-75.13776,0.0,46.6,164.0,OSG VISION,IMO9436537,WDF2493,31.0,1.0,46.0,15.0,6.5,57.0,A
367563930,2019-05-08T02:42:28,39.39188,-75.48552,11.1,-91.3,316.0,DEAN REINAUER,IMO9653264,WDG7107,31.0,0.0,35.0,10.0,4.9,,B
240463000,2019-05-08T02:43:05,38.9447,-75.17405,0.0,-146.6,161.0,BOUBOULINA,IMO9298753,SZIS,80.0,1.0,274.0,50.0,17.0,80.0,A
311073800,2019-05-08T02:44:32,38.98913,-75.21483,0.0,36.4,165.0,EURO,IMO9567702,C6AA5,84.0,1.0,274.0,48.0,-11.5,84.0,A
367600030,2019-05-08T02:42:47,38.83035,-75.08693,3.2,168.9,511.0,SUSAN CELESTE,,WDH2672,37.0,,12.0,,,,B
538004030,2019-05-08T02:44:16,38.93164,-75.16287,0.1,-51.7,165.0,FRIO,IMO9596985,V7UU3,80.0,1.0,274.0,48.0,17.1,89.0,A
367600030,2019-05-08T02:44:18,38.82891,-75.08663,3.6,171.2,511.0,SUSAN CELESTE,,WDH2672,37.0,,12.0,,,,B
367563930,2019-05-08T02:44:47,39.39724,-75.49164,11.2,-91.3,317.0,DEAN REINAUER,IMO9653264,WDG7107,31.0,0.0,35.0,10.0,4.9,,B
367063060,2019-05-08T02:44:58,38.8125,-75.0869,8.7,-136.7,261.0,HUGH R SHARP,IMO9388443,WDC6908,90.0,0.0,44.0,9.0,2.7,,A
636018106,2019-05-08T02:45:08,39.3325,-75.41743,14.4,-91.6,317.0,,,,,0.0,,,,,B
338447000,2019-05-08T02:44:14,38.95095,-75.1132,8.5,154.7,158.0,OSG HORIZON,IMO9436549,WDF6180,31.0,0.0,46.0,15.0,6.5,57.0,B
367063060,2019-05-08T02:46:02,38.81269,-75.09021,8.8,-135.0,265.0,HUGH R SHARP,IMO9388443,WDC6908,90.0,0.0,44.0,9.0,2.7,,B
229208000,2019-05-08T02:46:10,39.1761,-75.26632,10.7,145.0,147.0,HELLAS ENTERPRISE,IMO9397468,9HA3151,80.0,5.0,183.0,32.0,12.9,80.0,B
367730710,2019-05-08T02:44:54,39.01622,-74.95862,0.3,22.0,198.0,GODSPEED,,WDI7643,37.0,,,,,,B
338447000,2019-05-08T02:45:24,38.94837,-75.11178,8.5,156.7,157.0,OSG HORIZON,IMO9436549,WDF6180,31.0,0.0,46.0,15.0,6.5,57.0,B
367600030,2019-05-08T02:45:45,38.82749,-75.08648,3.3,173.1,511.0,SUSAN CELESTE,,WDH2672,37.0,,12.0,,,,B
367063060,2019-05-08T02:47:13,38.81282,-75.09361,6.9,-134.1,263.0,HUGH R SHARP,IMO9388443,WDC6908,90.0,0.0,44.0,9.0,2.7,,A
229208000,2019-05-08T02:47:19,39.1733,-75.26393,10.8,146.0,147.0,HELLAS ENTERPRISE,IMO9397468,9HA3151,80.0,5.0,183.0,32.0,12.9,80.0,B
369235000,2019-05-08T02:45:24,38.9196,-75.13783,0.0,46.6,162.0,OSG VISION,IMO9436537,WDF2493,31.0,1.0,46.0,15.0,6.5,57.0,A
367563930,2019-05-08T02:45:58,39.40001,-75.49482,11.2,-91.9,315.0,DEAN REINAUER,IMO9653264,WDG7107,31.0,0.0,35.0,10.0,4.9,,B
240463000,2019-05-08T02:46:06,38.94472,-75.174,0.0,-146.6,161.0,BOUBOULINA,IMO9298753,SZIS,80.0,1.0,274.0,50.0,17.0,80.0,A
636018106,2019-05-08T02:46:15,39.33581,-75.42124,14.4,-91.7,317.0,,,,,0.0,,,,,B
338447000,2019-05-08T02:46:33,38.94587,-75.11031,8.4,155.4,157.0,OSG HORIZON,IMO9436549,WDF6180,31.0,0.0,46.0,15.0,6.5,57.0,B
367600030,2019-05-08T02:46:46,38.82647,-75.08646,3.6,188.0,511.0,SUSAN CELESTE,,WDH2672,37.0,,12.0,,,,B
229208000,2019-05-08T02:48:40,39.16993,-75.26102,10.9,146.0,147.0,HELLAS ENTERPRISE,IMO9397468,9HA3151,80.0,5.0,183.0,32.0,12.9,80.0,B
636018106,2019-05-08T02:47:20,39.33905,-75.42503,14.3,-92.0,316.0,,,,,0.0,,,,,B
367063060,2019-05-08T02:48:33,38.81302,-75.0966,5.9,-134.8,261.0,HUGH R SHARP,IMO9388443,WDC6908,90.0,0.0,44.0,9.0,2.7,,A
367563930,2019-05-08T02:48:17,39.40531,-75.50113,11.1,-92.8,315.0,DEAN REINAUER,IMO9653264,WDG7107,31.0,0.0,35.0,10.0,4.9,,B
538004030,2019-05-08T02:47:15,38.9317,-75.16288,0.1,49.2,165.0,FRIO,IMO9596985,V7UU3,80.0,1.0,274.0,48.0,17.1,89.0,A
338447000,2019-05-08T02:47:43,38.94337,-75.1088,8.4,155.4,156.0,OSG HORIZON,IMO9436549,WDF6180,31.0,0.0,46.0,15.0,6.5,57.0,B
636018106,2019-05-08T02:48:27,39.34222,-75.42883,14.2,-92.1,316.0,,,,,0.0,,,,,B
369235000,2019-05-08T02:48:25,38.91961,-75.13773,0.0,46.6,162.0,OSG VISION,IMO9436537,WDF2493,31.0,1.0,46.0,15.0,6.5,57.0,A
367063060,2019-05-08T02:50:03,38.81323,-75.09934,4.5,-132.9,260.0,HUGH R SHARP,IMO9388443,WDC6908,90.0,0.0,44.0,9.0,2.7,,B
367600030,2019-05-08T02:48:16,38.82496,-75.08667,3.8,184.0,511.0,SUSAN CELESTE,,WDH2672,37.0,,12.0,,,,B
229208000,2019-05-08T02:49:50,39.1669,-75.25842,11.0,146.0,147.0,HELLAS ENTERPRISE,IMO9397468,9HA3151,80.0,5.0,183.0,32.0,12.9,80.0,B
367730710,2019-05-08T02:48:53,39.0162,-74.95863,0.1,9.7,198.0,GODSPEED,,WDI7643,37.0,,,,,,B
240463000,2019-05-08T02:49:04,38.94477,-75.17392,0.0,40.0,163.0,BOUBOULINA,IMO9298753,SZIS,80.0,1.0,274.0,50.0,17.0,80.0,A
338447000,2019-05-08T02:50:04,38.93839,-75.10587,8.3,155.0,158.0,OSG HORIZON,IMO9436549,WDF6180,31.0,0.0,46.0,15.0,6.5,57.0,B
367563930,2019-05-08T02:49:18,39.40758,-75.50386,11.2,-91.5,316.0,DEAN REINAUER,IMO9653264,WDG7107,31.0,0.0,35.0,10.0,4.9,,B
367563930,2019-05-08T02:51:06,39.41181,-75.50876,11.2,-91.6,316.0,DEAN REINAUER,IMO9653264,WDG7107,31.0,0.0,35.0,10.0,4.9,,B
636018106,2019-05-08T02:49:33,39.3455,-75.43262,14.2,-92.1,317.0,,,,,0.0,,,,,B
229208000,2019-05-08T02:51:10,39.16345,-75.25547,11.1,146.0,147.0,HELLAS ENTERPRISE,IMO9397468,9HA3151,80.0,5.0,183.0,32.0,12.9,80.0,B
538004030,2019-05-08T02:50:13,38.93169,-75.1628,0.0,37.9,166.0,FRIO,IMO9596985,V7UU3,80.0,1.0,274.0,48.0,17.1,89.0,A
311073800,2019-05-08T02:50:36,38.98918,-75.2147,0.0,68.2,167.0,EURO,IMO9567702,C6AA5,84.0,1.0,274.0,48.0,-11.5,84.0,A
367600030,2019-05-08T02:50:16,38.82284,-75.08695,4.1,187.3,511.0,SUSAN CELESTE,,WDH2672,37.0,,12.0,,,,B
636018106,2019-05-08T02:52:50,39.3551,-75.44385,14.1,-91.4,317.0,,,,,0.0,,,,,B
367063060,2019-05-08T02:51:13,38.81342,-75.10111,4.1,-131.2,262.0,HUGH R SHARP,IMO9388443,WDC6908,90.0,0.0,44.0,9.0,2.7,,B
338447000,2019-05-08T02:52:04,38.93415,-75.10355,8.3,157.8,159.0,OSG HORIZON,IMO9436549,WDF6180,31.0,0.0,46.0,15.0,6.5,57.0,B
338447000,2019-05-08T02:53:13,38.93167,-75.10224,8.3,157.8,159.0,OSG HORIZON,IMO9436549,WDF6180,31.0,0.0,46.0,15.0,6.5,57.0,B
636018106,2019-05-08T02:50:38,39.34868,-75.43634,14.1,-92.0,316.0,,,,,0.0,,,,,B
369235000,2019-05-08T02:51:24,38.91961,-75.13769,0.0,46.6,164.0,OSG VISION,IMO9436537,WDF2493,31.0,1.0,46.0,15.0,6.5,57.0,A
229208000,2019-05-08T02:53:29,39.15748,-75.25037,11.2,146.0,147.0,HELLAS ENTERPRISE,IMO9397468,9HA3151,80.0,5.0,183.0,32.0,12.9,80.0,B
240463000,2019-05-08T02:52:05,38.94482,-75.17382,0.1,53.0,164.0,BOUBOULINA,IMO9298753,SZIS,80.0,1.0,274.0,50.0,17.0,80.0,A
367063060,2019-05-08T02:53:13,38.8138,-75.10375,3.4,-127.6,262.0,HUGH R SHARP,IMO9388443,WDC6908,90.0,0.0,44.0,9.0,2.7,,B
367563930,2019-05-08T02:54:06,39.41874,-75.51685,11.2,-92.1,317.0,DEAN REINAUER,IMO9653264,WDG7107,31.0,0.0,35.0,10.0,4.9,,B
367600030,2019-05-08T02:51:46,38.82125,-75.08715,4.1,188.5,511.0,SUSAN CELESTE,,WDH2672,37.0,,12.0,,,,B
636018106,2019-05-08T02:54:50,39.36091,-75.45065,13.9,-91.7,317.0,,,,,0.0,,,,,B
229208000,2019-05-08T02:55:00,39.15348,-75.24697,11.3,146.0,146.0,HELLAS ENTERPRISE,IMO9397468,9HA3151,80.0,5.0,183.0,32.0,12.9,80.0,B
538004030,2019-05-08T02:53:14,38.93167,-75.16275,0.0,197.0,168.0,FRIO,IMO9596985,V7UU3,80.0,1.0,274.0,48.0,17.1,89.0,A
367600030,2019-05-08T02:53:16,38.8196,-75.08739,4.1,192.0,511.0,SUSAN CELESTE,,WDH2672,37.0,,12.0,,,,B
311073800,2019-05-08T02:53:33,38.98918,-75.21467,0.0,-127.3,168.0,EURO,IMO9567702,C6AA5,84.0,1.0,274.0,48.0,-11.5,84.0,A
367563930,2019-05-08T02:52:18,39.41456,-75.51197,11.2,-91.7,317.0,DEAN REINAUER,IMO9653264,WDG7107,31.0,0.0,35.0,10.0,4.9,,B
367600030,2019-05-08T02:55:17,38.81731,-75.08775,4.0,184.5,511.0,SUSAN CELESTE,,WDH2672,37.0,,12.0,,,,B
367563930,2019-05-08T02:56:06,39.42334,-75.52233,11.2,-92.1,317.0,DEAN REINAUER,IMO9653264,WDG7107,31.0,0.0,35.0,10.0,4.9,,B
229208000,2019-05-08T02:56:10,39.1504,-75.24423,11.4,145.0,146.0,HELLAS ENTERPRISE,IMO9397468,9HA3151,80.0,5.0,183.0,32.0,12.9,80.0,B
636018106,2019-05-08T02:55:56,39.36414,-75.45426,13.9,-91.6,316.0,,,,,0.0,,,,,B
367063060,2019-05-08T02:54:22,38.81406,-75.10502,3.1,-124.5,261.0,HUGH R SHARP,IMO9388443,WDC6908,90.0,0.0,44.0,9.0,2.7,,A
338447000,2019-05-08T02:54:24,38.92913,-75.10091,8.2,157.2,159.0,OSG HORIZON,IMO9436549,WDF6180,31.0,0.0,46.0,15.0,6.5,57.0,B
240463000,2019-05-08T02:55:05,38.94485,-75.17363,0.1,79.0,165.0,BOUBOULINA,IMO9298753,SZIS,80.0,1.0,274.0,50.0,17.0,80.0,A
367063060,2019-05-08T02:55:32,38.8143,-75.10622,3.0,-124.1,262.0,HUGH R SHARP,IMO9388443,WDC6908,90.0,0.0,44.0,9.0,2.7,,B
338447000,2019-05-08T02:55:33,38.92669,-75.09957,8.2,157.5,159.0,OSG HORIZON,IMO9436549,WDF6180,31.0,0.0,46.0,15.0,6.5,57.0,B
367600030,2019-05-08T02:56:46,38.8156,-75.08809,4.4,193.8,511.0,SUSAN CELESTE,,WDH2672,37.0,,12.0,,,,B
311073800,2019-05-08T02:56:35,38.98918,-75.21467,0.0,-179.0,168.0,EURO,IMO9567702,C6AA5,84.0,1.0,274.0,48.0,-11.5,84.0,A
367063060,2019-05-08T02:56:42,38.81453,-75.10738,2.7,-127.9,261.0,HUGH R SHARP,IMO9388443,WDC6908,90.0,0.0,44.0,9.0,2.7,,B
338447000,2019-05-08T02:56:44,38.92416,-75.09826,8.2,157.1,159.0,OSG HORIZON,IMO9436549,WDF6180,31.0,0.0,46.0,15.0,6.5,57.0,B
538004030,2019-05-08T02:56:16,38.93169,-75.16278,0.0,-170.0,168.0,FRIO,IMO9596985,V7UU3,80.0,1.0,274.0,48.0,17.1,89.0,A
229208000,2019-05-08T02:58:00,39.14558,-75.23997,11.4,145.0,146.0,HELLAS ENTERPRISE,IMO9397468,9HA3151,80.0,5.0,183.0,32.0,12.9,80.0,B
636018106,2019-05-08T02:58:19,39.37104,-75.46222,13.9,-91.4,316.0,,,,,0.0,,,,,B
367563930,2019-05-08T02:58:57,39.42994,-75.53011,11.3,-91.9,318.0,DEAN REINAUER,IMO9653264,WDG7107,31.0,0.0,35.0,10.0,4.9,,B
229208000,2019-05-08T02:59:29,39.1416,-75.23645,11.4,145.0,146.0,HELLAS ENTERPRISE,IMO9397468,9HA3151,80.0,5.0,183.0,32.0,12.9,80.0,B
367563930,2019-05-08T02:57:07,39.42562,-75.52507,11.3,-93.2,317.0,DEAN REINAUER,IMO9653264,WDG7107,31.0,0.0,35.0,10.0,4.9,,B
367063060,2019-05-08T02:59:13,38.81503,-75.10919,1.8,-116.4,261.0,HUGH R SHARP,IMO9388443,WDC6908,90.0,0.0,44.0,9.0,2.7,,B
367600030,2019-05-08T02:57:47,38.81435,-75.08861,4.8,203.2,511.0,SUSAN CELESTE,,WDH2672,37.0,,12.0,,,,B
338447000,2019-05-08T02:59:13,38.91902,-75.09644,7.4,180.9,184.0,OSG HORIZON,IMO9436549,WDF6180,31.0,0.0,46.0,15.0,6.5,57.0,B
369235000,2019-05-08T02:57:24,38.91961,-75.13777,0.0,46.6,165.0,OSG VISION,IMO9436537,WDF2493,31.0,1.0,46.0,15.0,6.5,57.0,A
240463000,2019-05-08T02:58:03,38.94483,-75.17347,0.0,82.0,168.0,BOUBOULINA,IMO9298753,SZIS,80.0,1.0,274.0,50.0,17.0,80.0,A
636018106,2019-05-08T02:59:59,39.37579,-75.46773,13.9,-91.4,316.0,,,,,0.0,,,,,B
311073800,2019-05-08T02:59:35,38.9892,-75.21469,0.1,-137.2,168.0,EURO,IMO9567702,C6AA5,84.0,1.0,274.0,48.0,-11.5,84.0,A
367600030,2019-05-08T02:59:46,38.81205,-75.09055,5.4,-181.5,511.0,SUSAN CELESTE,,WDH2672,37.0,,12.0,,,,B
338447000,2019-05-08T03:00:03,38.9173,-75.09662,7.3,190.4,196.0,OSG HORIZON,IMO9436549,WDF6180,31.0,0.0,46.0,15.0,6.5,57.0,B
367063060,2019-05-08T03:00:03,38.81522,-75.10964,1.7,-107.0,261.0,HUGH R SHARP,IMO9388443,WDC6908,90.0,0.0,44.0,9.0,2.7,,B
538004030,2019-05-08T02:59:14,38.93164,-75.16279,0.0,-164.2,168.0,FRIO,IMO9596985,V7UU3,80.0,1.0,274.0,48.0,17.1,89.0,A
367563930,2019-05-08T03:00:07,39.43265,-75.5333,11.3,-92.0,317.0,DEAN REINAUER,IMO9653264,WDG7107,31.0,0.0,35.0,10.0,4.9,,A
229208000,2019-05-08T03:00:19,39.1395,-75.2346,11.3,145.0,146.0,HELLAS ENTERPRISE,IMO9397468,9HA3151,80.0,5.0,183.0,32.0,12.9,80.0,B
369235000,2019-05-08T03:00:24,38.91958,-75.13779,0.0,46.6,163.0,OSG VISION,IMO9436537,WDF2493,31.0,1.0,46.0,15.0,6.5,57.0,A
367600030,2019-05-08T03:00:16,38.81153,-75.0913,5.6,-181.0,511.0,SUSAN CELESTE,,WDH2672,37.0,,12.0,,,,B
636018106,2019-05-08T03:00:09,39.37627,-75.46828,13.8,-91.3,316.0,,,,,0.0,,,,,B
240463000,2019-05-08T03:01:03,38.94488,-75.17332,0.0,82.0,170.0,BOUBOULINA,IMO9298753,SZIS,80.0,1.0,274.0,50.0,17.0,80.0,A
367063060,2019-05-08T03:01:04,38.81546,-75.11012,1.5,-102.8,262.0,HUGH R SHARP,IMO9388443,WDC6908,90.0,0.0,44.0,9.0,2.7,,B
367730710,2019-05-08T03:00:54,39.01621,-74.95863,0.1,9.7,197.0,GODSPEED,,WDI7643,37.0,,,,,,B
338447000,2019-05-08T03:01:04,38.91539,-75.09745,7.2,-199.3,214.0,OSG HORIZON,IMO9436549,WDF6180,31.0,0.0,46.0,15.0,6.5,57.0,B
367563930,2019-05-08T03:01:17,39.43535,-75.53651,11.3,-92.0,319.0,DEAN REINAUER,IMO9653264,WDG7107,31.0,0.0,35.0,10.0,4.9,,B
229208000,2019-05-08T03:01:29,39.1365,-75.23193,11.4,145.0,146.0,HELLAS ENTERPRISE,IMO9397468,9HA3151,80.0,5.0,183.0,32.0,12.9,80.0,B
636018106,2019-05-08T03:01:19,39.37968,-75.47221,13.8,-91.1,317.0,,,,,0.0,,,,,B
367600030,2019-05-08T03:01:46,38.8101,-75.09384,6.2,-168.2,511.0,SUSAN CELESTE,,WDH2672,37.0,,12.0,,,,B
538004030,2019-05-08T03:02:13,38.93162,-75.1628,0.0,-175.2,168.0,FRIO,IMO9596985,V7UU3,80.0,1.0,274.0,48.0,17.1,89.0,A
367063060,2019-05-08T03:02:12,38.81576,-75.11056,1.4,-104.0,261.0,HUGH R SHARP,IMO9388443,WDC6908,90.0,0.0,44.0,9.0,2.7,,B
338447000,2019-05-08T03:02:13,38.91362,-75.0995,7.5,-175.5,237.0,OSG HORIZON,IMO9436549,WDF6180,31.0,0.0,46.0,15.0,6.5,57.0,B
367563930,2019-05-08T03:02:26,39.43803,-75.53967,11.3,-91.6,319.0,DEAN REINAUER,IMO9653264,WDG7107,31.0,0.0,35.0,10.0,4.9,,B
636018106,2019-05-08T03:02:29,39.38299,-75.47604,13.8,-91.5,316.0,,,,,0.0,,,,,B
229208000,2019-05-08T03:02:40,39.13333,-75.22917,11.4,145.0,146.0,HELLAS ENTERPRISE,IMO9397468,9HA3151,80.0,5.0,183.0,32.0,12.9,80.0,B
367063060,2019-05-08T03:03:22,38.81607,-75.11094,1.4,-90.1,261.0,HUGH R SHARP,IMO9388443,WDC6908,90.0,0.0,44.0,9.0,2.7,,B
367600030,2019-05-08T03:03:15,38.80865,-75.09629,5.6,-179.7,511.0,SUSAN CELESTE,,WDH2672,37.0,,12.0,,,,B
369235000,2019-05-08T03:03:25,38.91959,-75.13771,0.1,46.6,164.0,OSG VISION,IMO9436537,WDF2493,31.0,1.0,46.0,15.0,6.5,57.0,A
338447000,2019-05-08T03:03:24,38.91267,-75.10255,8.3,-154.1,247.0,OSG HORIZON,IMO9436549,WDF6180,31.0,0.0,46.0,15.0,6.5,57.0,B
636018106,2019-05-08T03:03:38,39.38637,-75.47984,13.8,-91.1,316.0,,,,,0.0,,,,,B
367563930,2019-05-08T03:03:38,39.44088,-75.54288,11.4,-90.8,318.0,DEAN REINAUER,IMO9653264,WDG7107,31.0,0.0,35.0,10.0,4.9,,B
240463000,2019-05-08T03:04:05,38.9449,-75.17332,0.0,82.0,170.0,BOUBOULINA,IMO9298753,SZIS,80.0,1.0,274.0,50.0,17.0,80.0,A
229208000,2019-05-08T03:03:49,39.1302,-75.22638,11.5,145.0,146.0,HELLAS ENTERPRISE,IMO9397468,9HA3151,80.0,5.0,183.0,32.0,12.9,80.0,B
367730710,2019-05-08T03:03:55,39.0162,-74.95862,0.1,9.7,200.0,GODSPEED,,WDI7643,37.0,,,,,,B
367063060,2019-05-08T03:04:32,38.81639,-75.11127,1.4,-84.9,261.0,HUGH R SHARP,IMO9388443,WDC6908,90.0,0.0,44.0,9.0,2.7,,B
367600030,2019-05-08T03:04:16,38.8076,-75.09774,5.5,-174.9,511.0,SUSAN CELESTE,,WDH2672,37.0,,12.0,,,,B
311073800,2019-05-08T03:02:34,38.9892,-75.21474,0.0,-152.1,168.0,EURO,IMO9567702,C6AA5,84.0,1.0,274.0,48.0,-11.5,84.0,A
367563930,2019-05-08T03:04:48,39.44364,-75.546,11.5,-90.7,319.0,DEAN REINAUER,IMO9653264,WDG7107,31.0,0.0,35.0,10.0,4.9,,B
636018106,2019-05-08T03:04:48,39.38972,-75.48362,13.8,-91.3,316.0,,,,,0.0,,,,,B
229208000,2019-05-08T03:04:59,39.12718,-75.2237,11.6,145.0,146.0,HELLAS ENTERPRISE,IMO9397468,9HA3151,80.0,5.0,183.0,32.0,12.9,80.0,B
538004030,2019-05-08T03:05:16,38.93161,-75.16284,0.0,-133.8,167.0,FRIO,IMO9596985,V7UU3,80.0,1.0,274.0,48.0,17.1,89.0,A
311073800,2019-05-08T03:05:33,38.98915,-75.2148,0.0,-165.8,167.0,EURO,IMO9567702,C6AA5,84.0,1.0,274.0,48.0,-11.5,84.0,A
338447000,2019-05-08T03:05:43,38.9116,-75.10998,9.7,-147.2,252.0,OSG HORIZON,IMO9436549,WDF6180,31.0,0.0,46.0,15.0,6.5,57.0,B
367063060,2019-05-08T03:05:42,38.8167,-75.11154,1.1,-85.0,260.0,HUGH R SHARP,IMO9388443,WDC6908,90.0,0.0,44.0,9.0,2.7,,B
367600030,2019-05-08T03:05:46,38.80615,-75.09982,4.9,-178.9,511.0,SUSAN CELESTE,,WDH2672,37.0,,12.0,,,,B
367563930,2019-05-08T03:05:57,39.44649,-75.54915,11.6,-90.2,318.0,DEAN REINAUER,IMO9653264,WDG7107,31.0,0.0,35.0,10.0,4.9,,A
229208000,2019-05-08T03:06:09,39.12412,-75.22097,11.6,145.0,146.0,HELLAS ENTERPRISE,IMO9397468,9HA3151,80.0,5.0,183.0,32.0,12.9,80.0,B
636018106,2019-05-08T03:05:57,39.39303,-75.48743,13.8,-91.3,316.0,,,,,0.0,,,,,B
338447000,2019-05-08T03:06:53,38.91121,-75.11407,10.0,-147.7,254.0,OSG HORIZON,IMO9436549,WDF6180,31.0,0.0,46.0,15.0,6.5,57.0,B
367730710,2019-05-08T03:06:54,39.01621,-74.95865,0.2,9.7,198.0,GODSPEED,,WDI7643,37.0,,,,,,B
369235000,2019-05-08T03:06:24,38.91959,-75.13761,0.0,46.6,167.0,OSG VISION,IMO9436537,WDF2493,31.0,1.0,46.0,15.0,6.5,57.0,A
367063060,2019-05-08T03:07:03,38.81706,-75.11183,1.2,-79.9,262.0,HUGH R SHARP,IMO9388443,WDC6908,90.0,0.0,44.0,9.0,2.7,,B
367563930,2019-05-08T03:07:08,39.44937,-75.5524,11.6,-89.3,322.0,DEAN REINAUER,IMO9653264,WDG7107,31.0,0.0,35.0,10.0,4.9,,B
636018106,2019-05-08T03:06:58,39.39596,-75.4908,13.8,-91.2,317.0,,,,,0.0,,,,,B
338447000,2019-05-08T03:04:33,38.91204,-75.10607,9.2,-150.9,251.0,OSG HORIZON,IMO9436549,WDF6180,31.0,0.0,46.0,15.0,6.5,57.0,B
240463000,2019-05-08T03:07:03,38.94488,-75.17337,0.0,82.0,170.0,BOUBOULINA,IMO9298753,SZIS,80.0,1.0,274.0,50.0,17.0,80.0,A
367600030,2019-05-08T03:07:16,38.80474,-75.10143,4.2,197.9,511.0,SUSAN CELESTE,,WDH2672,37.0,,12.0,,,,B
229208000,2019-05-08T03:07:18,39.1209,-75.21812,11.6,145.0,146.0,HELLAS ENTERPRISE,IMO9397468,9HA3151,80.0,5.0,183.0,32.0,12.9,80.0,B
338447000,2019-05-08T03:08:04,38.91093,-75.11831,9.9,-144.8,251.0,OSG HORIZON,IMO9436549,WDF6180,31.0,0.0,46.0,15.0,6.5,57.0,B
636018106,2019-05-08T03:08:09,39.39938,-75.49466,13.8,-91.2,317.0,,,,,0.0,,,,,B
367063060,2019-05-08T03:08:12,38.81737,-75.11206,1.0,-79.4,261.0,HUGH R SHARP,IMO9388443,WDC6908,90.0,0.0,44.0,9.0,2.7,,B
538004030,2019-05-08T03:08:16,38.93165,-75.1628,0.0,-50.8,166.0,FRIO,IMO9596985,V7UU3,80.0,1.0,274.0,48.0,17.1,89.0,A
367563930,2019-05-08T03:08:16,39.45229,-75.55523,11.5,-84.4,326.0,DEAN REINAUER,IMO9653264,WDG7107,31.0,0.0,35.0,10.0,4.9,,B
311073800,2019-05-08T03:08:35,38.98914,-75.21481,0.0,-143.0,166.0,EURO,IMO9567702,C6AA5,84.0,1.0,274.0,48.0,-11.5,84.0,A
338447000,2019-05-08T03:09:14,38.9105,-75.12238,9.9,-148.4,252.0,OSG HORIZON,IMO9436549,WDF6180,31.0,0.0,46.0,15.0,6.5,57.0,B
636018106,2019-05-08T03:09:18,39.40271,-75.49849,13.8,-91.2,317.0,,,,,0.0,,,,,B
229208000,2019-05-08T03:09:39,39.11475,-75.21262,11.6,145.0,146.0,HELLAS ENTERPRISE,IMO9397468,9HA3151,80.0,5.0,183.0,32.0,12.9,80.0,B
367063060,2019-05-08T03:09:23,38.81768,-75.11225,1.0,-77.6,261.0,HUGH R SHARP,IMO9388443,WDC6908,90.0,0.0,44.0,9.0,2.7,,B
229208000,2019-05-08T03:08:19,39.1183,-75.21577,11.6,145.0,146.0,HELLAS ENTERPRISE,IMO9397468,9HA3151,80.0,5.0,183.0,32.0,12.9,80.0,B
369235000,2019-05-08T03:09:24,38.91961,-75.13764,0.0,46.6,169.0,OSG VISION,IMO9436537,WDF2493,31.0,1.0,46.0,15.0,6.5,57.0,A
367563930,2019-05-08T03:09:37,39.45592,-75.55816,11.2,-78.0,343.0,DEAN REINAUER,IMO9653264,WDG7107,31.0,0.0,35.0,10.0,4.9,,B
367600030,2019-05-08T03:08:46,38.80299,-75.10143,4.2,172.9,511.0,SUSAN CELESTE,,WDH2672,37.0,,12.0,,,,B
367600030,2019-05-08T03:09:47,38.80181,-75.10091,4.4,160.4,511.0,SUSAN CELESTE,,WDH2672,37.0,,12.0,,,,B
367730710,2019-05-08T03:09:53,39.01621,-74.95863,0.1,9.7,196.0,GODSPEED,,WDI7643,37.0,,,,,,B
636018106,2019-05-08T03:10:28,39.40604,-75.50235,13.8,-91.3,317.0,,,,,0.0,,,,,B
367563930,2019-05-08T03:10:47,39.45931,-75.55961,11.0,-62.3,352.0,DEAN REINAUER,IMO9653264,WDG7107,31.0,0.0,35.0,10.0,4.9,,B
538004030,2019-05-08T03:11:15,38.93172,-75.16277,0.1,10.9,166.0,FRIO,IMO9596985,V7UU3,80.0,1.0,274.0,48.0,17.1,89.0,A
367063060,2019-05-08T03:10:42,38.81805,-75.11244,1.0,-73.5,262.0,HUGH R SHARP,IMO9388443,WDC6908,90.0,0.0,44.0,9.0,2.7,,B
311073800,2019-05-08T03:11:35,38.98916,-75.21482,0.0,-176.8,165.0,EURO,IMO9567702,C6AA5,84.0,1.0,274.0,48.0,-11.5,84.0,A
636018106,2019-05-08T03:11:59,39.41037,-75.50738,13.9,-91.0,317.0,,,,,0.0,,,,,B
367063060,2019-05-08T03:11:46,38.81835,-75.11259,1.5,-71.7,248.0,HUGH R SHARP,IMO9388443,WDC6908,90.0,0.0,44.0,9.0,2.7,,A
229208000,2019-05-08T03:11:49,39.10897,-75.2075,11.7,145.0,146.0,HELLAS ENTERPRISE,IMO9397468,9HA3151,80.0,5.0,183.0,32.0,12.9,80.0,B
240463000,2019-05-08T03:10:05,38.94487,-75.17337,0.0,82.0,169.0,BOUBOULINA,IMO9298753,SZIS,80.0,1.0,274.0,50.0,17.0,80.0,A
338447000,2019-05-08T03:12:59,38.90993,-75.13554,9.6,-126.6,292.0,OSG HORIZON,IMO9436549,WDF6180,31.0,0.0,46.0,15.0,6.5,57.0,A
338447000,2019-05-08T03:10:33,38.90999,-75.12702,9.9,-149.4,254.0,OSG HORIZON,IMO9436549,WDF6180,31.0,0.0,46.0,15.0,6.5,57.0,B
367063060,2019-05-08T03:13:03,38.81869,-75.11296,0.8,-101.8,162.0,HUGH R SHARP,IMO9388443,WDC6908,90.0,0.0,44.0,9.0,2.7,,B
369235000,2019-05-08T03:12:24,38.91958,-75.13773,0.0,46.6,167.0,OSG VISION,IMO9436537,WDF2493,31.0,1.0,46.0,15.0,6.5,57.0,A
367730710,2019-05-08T03:12:54,39.01621,-74.95863,0.1,9.7,196.0,GODSPEED,,WDI7643,37.0,,,,,,B
240463000,2019-05-08T03:13:03,38.94488,-75.1734,0.0,82.0,169.0,BOUBOULINA,IMO9298753,SZIS,80.0,1.0,274.0,50.0,17.0,80.0,A
229208000,2019-05-08T03:10:40,39.11202,-75.2102,11.7,145.0,146.0,HELLAS ENTERPRISE,IMO9397468,9HA3151,80.0,5.0,183.0,32.0,12.9,80.0,B
229208000,2019-05-08T03:13:00,39.10577,-75.20467,11.7,145.0,146.0,HELLAS ENTERPRISE,IMO9397468,9HA3151,80.0,5.0,183.0,32.0,12.9,80.0,B
636018106,2019-05-08T03:13:09,39.41375,-75.51125,13.9,-91.3,317.0,,,,,0.0,,,,,B
338447000,2019-05-08T03:14:23,38.91181,-75.13963,9.8,-96.6,316.0,OSG HORIZON,IMO9436549,WDF6180,31.0,0.0,46.0,15.0,6.5,57.0,B
367063060,2019-05-08T03:14:06,38.81871,-75.11318,0.6,-187.7,154.0,HUGH R SHARP,IMO9388443,WDC6908,90.0,0.0,44.0,9.0,2.7,,A
311073800,2019-05-08T03:14:33,38.98918,-75.21476,0.0,98.6,167.0,EURO,IMO9567702,C6AA5,84.0,1.0,274.0,48.0,-11.5,84.0,A
229208000,2019-05-08T03:14:09,39.1025,-75.2018,11.8,145.0,146.0,HELLAS ENTERPRISE,IMO9397468,9HA3151,80.0,5.0,183.0,32.0,12.9,80.0,B
367600030,2019-05-08T03:11:18,38.80023,-75.09988,4.2,151.6,511.0,SUSAN CELESTE,,WDH2672,37.0,,12.0,,,,B
636018106,2019-05-08T03:14:39,39.41812,-75.51632,14.0,-91.6,317.0,,,,,0.0,,,,,B
367563930,2019-05-08T03:14:16,39.47019,-75.56168,11.5,-56.9,353.0,DEAN REINAUER,IMO9653264,WDG7107,31.0,0.0,35.0,10.0,4.9,,B
538004030,2019-05-08T03:14:14,38.93178,-75.16273,0.1,54.1,166.0,FRIO,IMO9596985,V7UU3,80.0,1.0,274.0,48.0,17.1,89.0,A
338447000,2019-05-08T03:11:44,38.90964,-75.1312,9.9,-143.3,265.0,OSG HORIZON,IMO9436549,WDF6180,31.0,0.0,46.0,15.0,6.5,57.0,A
229208000,2019-05-08T03:15:19,39.09938,-75.19903,11.8,145.0,146.0,HELLAS ENTERPRISE,IMO9397468,9HA3151,80.0,5.0,183.0,32.0,12.9,80.0,B
636018106,2019-05-08T03:15:48,39.42143,-75.52027,14.1,-92.1,316.0,,,,,0.0,,,,,A
367563930,2019-05-08T03:11:58,39.46293,-75.56045,11.2,-57.9,354.0,DEAN REINAUER,IMO9653264,WDG7107,31.0,0.0,35.0,10.0,4.9,,B
367063060,2019-05-08T03:15:13,38.81847,-75.11325,1.2,188.2,152.0,HUGH R SHARP,IMO9388443,WDC6908,90.0,0.0,44.0,9.0,2.7,,B
369235000,2019-05-08T03:15:25,38.91957,-75.13778,0.0,46.6,163.0,OSG VISION,IMO9436537,WDF2493,31.0,1.0,46.0,15.0,6.5,57.0,A
367563930,2019-05-08T03:16:26,39.47716,-75.56255,11.7,-52.3,1.0,DEAN REINAUER,IMO9653264,WDG7107,31.0,0.0,35.0,10.0,4.9,,B
240463000,2019-05-08T03:16:04,38.94488,-75.17337,0.0,82.0,168.0,BOUBOULINA,IMO9298753,SZIS,80.0,1.0,274.0,50.0,17.0,80.0,A
229208000,2019-05-08T03:16:29,39.09627,-75.19632,11.9,145.0,146.0,HELLAS ENTERPRISE,IMO9397468,9HA3151,80.0,5.0,183.0,32.0,12.9,80.0,B
367600030,2019-05-08T03:12:45,38.79879,-75.09877,3.9,143.6,511.0,SUSAN CELESTE,,WDH2672,37.0,,12.0,,,,B
367063060,2019-05-08T03:16:19,38.81809,-75.11326,1.3,175.9,145.0,HUGH R SHARP,IMO9388443,WDC6908,90.0,0.0,44.0,9.0,2.7,,A
636018106,2019-05-08T03:17:06,39.4252,-75.52466,14.0,-92.4,315.0,,,,,0.0,,,,,B
338447000,2019-05-08T03:16:44,38.91724,-75.14472,10.7,-75.0,336.0,OSG HORIZON,IMO9436549,WDF6180,31.0,0.0,46.0,15.0,6.5,57.0,B
367563930,2019-05-08T03:13:07,39.46652,-75.56107,11.4,-55.5,354.0,DEAN REINAUER,IMO9653264,WDG7107,31.0,0.0,35.0,10.0,4.9,,B
538004030,2019-05-08T03:17:14,38.93182,-75.16268,0.1,94.2,166.0,FRIO,IMO9596985,V7UU3,80.0,1.0,274.0,48.0,17.1,89.0,A
367063060,2019-05-08T03:17:22,38.81772,-75.11308,1.4,156.0,141.0,HUGH R SHARP,IMO9388443,WDC6908,90.0,0.0,44.0,9.0,2.7,,B
229208000,2019-05-08T03:17:50,39.09248,-75.19298,11.9,145.0,146.0,HELLAS ENTERPRISE,IMO9397468,9HA3151,80.0,5.0,183.0,32.0,12.9,80.0,B
311073800,2019-05-08T03:17:35,38.98917,-75.21463,0.0,79.3,168.0,EURO,IMO9567702,C6AA5,84.0,1.0,274.0,48.0,-11.5,84.0,A
367563930,2019-05-08T03:17:37,39.48102,-75.56252,11.8,2.0,5.0,DEAN REINAUER,IMO9653264,WDG7107,31.0,0.0,35.0,10.0,4.9,,B
367563930,2019-05-08T03:15:17,39.47342,-75.56222,11.6,-55.8,357.0,DEAN REINAUER,IMO9653264,WDG7107,31.0,0.0,35.0,10.0,4.9,,B
338447000,2019-05-08T03:15:33,38.91429,-75.14236,10.4,-84.9,325.0,OSG HORIZON,IMO9436549,WDF6180,31.0,0.0,46.0,15.0,6.5,57.0,B
636018106,2019-05-08T03:18:24,39.42885,-75.52909,14.1,-92.9,315.0,,,,,0.0,,,,,B
369235000,2019-05-08T03:18:24,38.91959,-75.13765,0.1,46.6,164.0,OSG VISION,IMO9436537,WDF2493,31.0,1.0,46.0,15.0,6.5,57.0,A
367063060,2019-05-08T03:18:33,38.81726,-75.11285,1.5,160.7,140.0,HUGH R SHARP,IMO9388443,WDC6908,90.0,0.0,44.0,9.0,2.7,,B
338447000,2019-05-08T03:18:04,38.92102,-75.14672,11.2,-70.4,338.0,OSG HORIZON,IMO9436549,WDF6180,31.0,0.0,46.0,15.0,6.5,57.0,B
338447000,2019-05-08T03:19:13,38.92442,-75.14831,11.3,-69.3,336.0,OSG HORIZON,IMO9436549,WDF6180,31.0,0.0,46.0,15.0,6.5,57.0,B
367563930,2019-05-08T03:18:47,39.48486,-75.56214,11.8,6.4,12.0,DEAN REINAUER,IMO9653264,WDG7107,31.0,0.0,35.0,10.0,4.9,,B
229208000,2019-05-08T03:18:59,39.08938,-75.19027,11.9,145.0,146.0,HELLAS ENTERPRISE,IMO9397468,9HA3151,80.0,5.0,183.0,32.0,12.9,80.0,B
240463000,2019-05-08T03:19:02,38.94488,-75.1733,0.0,82.0,168.0,BOUBOULINA,IMO9298753,SZIS,80.0,1.0,274.0,50.0,17.0,80.0,A
367730710,2019-05-08T03:18:54,39.0162,-74.95864,0.2,-178.7,195.0,GODSPEED,,WDI7643,37.0,,,,,,B
636018106,2019-05-08T03:20:00,39.43347,-75.5347,14.1,-92.6,316.0,,,,,0.0,,,,,B
367063060,2019-05-08T03:19:43,38.81679,-75.11262,1.5,156.4,141.0,HUGH R SHARP,IMO9388443,WDC6908,90.0,0.0,44.0,9.0,2.7,,B
367563930,2019-05-08T03:19:57,39.48862,-75.56115,11.9,13.3,16.0,DEAN REINAUER,IMO9653264,WDG7107,31.0,0.0,35.0,10.0,4.9,,B
229208000,2019-05-08T03:20:39,39.08455,-75.18677,11.7,157.0,158.0,HELLAS ENTERPRISE,IMO9397468,9HA3151,80.0,5.0,183.0,32.0,12.9,80.0,B
338447000,2019-05-08T03:20:14,38.92731,-75.14992,10.8,-74.8,350.0,OSG HORIZON,IMO9436549,WDF6180,31.0,0.0,46.0,15.0,6.5,57.0,A
538004030,2019-05-08T03:20:16,38.93188,-75.1626,0.1,85.7,166.0,FRIO,IMO9596985,V7UU3,80.0,1.0,274.0,48.0,17.1,89.0,A
367063060,2019-05-08T03:21:22,38.81609,-75.11227,1.5,158.1,141.0,HUGH R SHARP,IMO9388443,WDC6908,90.0,0.0,44.0,9.0,2.7,,B
367600030,2019-05-08T03:20:46,38.79496,-75.10235,0.9,-97.0,511.0,SUSAN CELESTE,,WDH2672,37.0,,12.0,,,,B
338447000,2019-05-08T03:21:46,38.93109,-75.15087,8.0,3.3,32.0,OSG HORIZON,IMO9436549,WDF6180,31.0,0.0,46.0,15.0,6.5,57.0,A
367563930,2019-05-08T03:21:08,39.4924,-75.55993,12.0,14.4,17.0,DEAN REINAUER,IMO9653264,WDG7107,31.0,0.0,35.0,10.0,4.9,,B
369235000,2019-05-08T03:21:24,38.91957,-75.13751,0.1,46.6,167.0,OSG VISION,IMO9436537,WDF2493,31.0,1.0,46.0,15.0,6.5,57.0,A
636018106,2019-05-08T03:22:18,39.44013,-75.54262,14.2,-92.0,316.0,,,,,0.0,,,,,B
636018106,2019-05-08T03:21:06,39.43668,-75.53847,14.1,-92.0,316.0,,,,,0.0,,,,,B
367730710,2019-05-08T03:21:53,39.01621,-74.95864,0.2,-107.0,192.0,GODSPEED,,WDI7643,37.0,,,,,,B
240463000,2019-05-08T03:22:03,38.94493,-75.17322,0.0,82.0,170.0,BOUBOULINA,IMO9298753,SZIS,80.0,1.0,274.0,50.0,17.0,80.0,A
367563930,2019-05-08T03:22:37,39.49725,-75.55835,12.1,14.0,16.0,DEAN REINAUER,IMO9653264,WDG7107,31.0,0.0,35.0,10.0,4.9,,B
311073800,2019-05-08T03:20:33,38.98918,-75.21455,0.0,154.2,170.0,EURO,IMO9567702,C6AA5,84.0,1.0,274.0,48.0,-11.5,84.0,A
367600030,2019-05-08T03:21:47,38.79506,-75.10247,0.2,-94.5,511.0,SUSAN CELESTE,,WDH2672,37.0,,12.0,,,,B
229208000,2019-05-08T03:21:49,39.08097,-75.18492,11.7,157.0,156.0,HELLAS ENTERPRISE,IMO9397468,9HA3151,80.0,5.0,183.0,32.0,12.9,80.0,B
338447000,2019-05-08T03:23:01,38.93347,-75.14986,6.6,35.3,74.0,OSG HORIZON,IMO9436549,WDF6180,31.0,0.0,46.0,15.0,6.5,57.0,A
367063060,2019-05-08T03:22:32,38.81558,-75.11202,1.7,160.7,141.0,HUGH R SHARP,IMO9388443,WDC6908,90.0,0.0,44.0,9.0,2.7,,B
538004030,2019-05-08T03:23:16,38.93189,-75.16247,0.1,82.5,168.0,FRIO,IMO9596985,V7UU3,80.0,1.0,274.0,48.0,17.1,89.0,A
229208000,2019-05-08T03:24:19,39.07348,-75.18057,11.9,155.0,156.0,HELLAS ENTERPRISE,IMO9397468,9HA3151,80.0,5.0,183.0,32.0,12.9,80.0,B
338447000,2019-05-08T03:24:03,38.93455,-75.14819,5.1,66.6,106.0,OSG HORIZON,IMO9436549,WDF6180,31.0,0.0,46.0,15.0,6.5,57.0,A
636018106,2019-05-08T03:24:30,39.44672,-75.54997,14.2,-89.7,318.0,,,,,0.0,,,,,B
367063060,2019-05-08T03:23:43,38.81506,-75.11177,1.6,152.1,141.0,HUGH R SHARP,IMO9388443,WDC6908,90.0,0.0,44.0,9.0,2.7,,B
636018106,2019-05-08T03:23:25,39.44339,-75.54637,14.2,-90.5,318.0,,,,,0.0,,,,,B
369235000,2019-05-08T03:24:24,38.91961,-75.13742,0.1,46.6,172.0,OSG VISION,IMO9436537,WDF2493,31.0,1.0,46.0,15.0,6.5,57.0,A
367563930,2019-05-08T03:23:47,39.50106,-75.55708,12.1,14.4,15.0,DEAN REINAUER,IMO9653264,WDG7107,31.0,0.0,35.0,10.0,4.9,,B
367563930,2019-05-08T03:24:57,39.50491,-75.55579,12.2,15.2,16.0,DEAN REINAUER,IMO9653264,WDG7107,31.0,0.0,35.0,10.0,4.9,,B
240463000,2019-05-08T03:25:04,38.94497,-75.17318,0.0,82.0,172.0,BOUBOULINA,IMO9298753,SZIS,80.0,1.0,274.0,50.0,17.0,80.0,A
367063060,2019-05-08T03:24:53,38.81453,-75.11152,1.8,163.6,141.0,HUGH R SHARP,IMO9388443,WDC6908,90.0,0.0,44.0,9.0,2.7,,B
311073800,2019-05-08T03:23:33,38.98918,-75.21454,0.0,-204.5,172.0,EURO,IMO9567702,C6AA5,84.0,1.0,274.0,48.0,-11.5,84.0,A
229208000,2019-05-08T03:25:59,39.06843,-75.17757,12.0,155.0,156.0,HELLAS ENTERPRISE,IMO9397468,9HA3151,80.0,5.0,183.0,32.0,12.9,80.0,B
367730710,2019-05-08T03:24:54,39.01621,-74.95866,0.2,-77.7,192.0,GODSPEED,,WDI7643,37.0,,,,,,B
338447000,2019-05-08T03:25:44,38.93487,-75.14599,2.9,87.0,132.0,OSG HORIZON,IMO9436549,WDF6180,31.0,0.0,46.0,15.0,6.5,57.0,B
636018106,2019-05-08T03:26:18,39.45215,-75.55587,14.3,-88.6,320.0,,,,,0.0,,,,,B
229208000,2019-05-08T03:22:59,39.07753,-75.18297,11.8,155.0,156.0,HELLAS ENTERPRISE,IMO9397468,9HA3151,80.0,5.0,183.0,32.0,12.9,80.0,B
367600030,2019-05-08T03:25:46,38.79484,-75.10447,2.2,-133.9,511.0,SUSAN CELESTE,,WDH2672,37.0,,12.0,,,,B
367063060,2019-05-08T03:26:03,38.81399,-75.11125,1.7,151.9,141.0,HUGH R SHARP,IMO9388443,WDC6908,90.0,0.0,44.0,9.0,2.7,,B
636018106,2019-05-08T03:27:22,39.45574,-75.55883,14.0,-76.4,336.0,,,,,0.0,,,,,A
367563930,2019-05-08T03:26:08,39.50875,-75.55442,12.0,16.4,16.0,DEAN REINAUER,IMO9653264,WDG7107,31.0,0.0,35.0,10.0,4.9,,B
338447000,2019-05-08T03:26:53,38.93476,-75.14502,2.3,105.6,146.0,OSG HORIZON,IMO9436549,WDF6180,31.0,0.0,46.0,15.0,6.5,57.0,B
229208000,2019-05-08T03:27:09,39.0648,-75.17548,12.0,155.0,156.0,HELLAS ENTERPRISE,IMO9397468,9HA3151,80.0,5.0,183.0,32.0,12.9,80.0,B
311073800,2019-05-08T03:26:35,38.98918,-75.21459,0.0,-183.6,171.0,EURO,IMO9567702,C6AA5,84.0,1.0,274.0,48.0,-11.5,84.0,A
538004030,2019-05-08T03:26:15,38.9319,-75.16235,0.0,99.8,169.0,FRIO,IMO9596985,V7UU3,80.0,1.0,274.0,48.0,17.1,89.0,A
367563930,2019-05-08T03:27:17,39.51243,-75.55304,11.9,15.3,18.0,DEAN REINAUER,IMO9653264,WDG7107,31.0,0.0,35.0,10.0,4.9,,B
369235000,2019-05-08T03:27:24,38.91963,-75.13745,0.0,46.6,173.0,OSG VISION,IMO9436537,WDF2493,31.0,1.0,46.0,15.0,6.5,57.0,A
229208000,2019-05-08T03:28:30,39.06077,-75.17313,12.1,155.0,156.0,HELLAS ENTERPRISE,IMO9397468,9HA3151,80.0,5.0,183.0,32.0,12.9,80.0,B
367063060,2019-05-08T03:27:13,38.81352,-75.11108,1.0,184.6,139.0,HUGH R SHARP,IMO9388443,WDC6908,90.0,0.0,44.0,9.0,2.7,,B
367600030,2019-05-08T03:27:46,38.79496,-75.10531,0.1,-126.1,511.0,SUSAN CELESTE,,WDH2672,37.0,,12.0,,,,B
338447000,2019-05-08T03:28:33,38.93422,-75.144,1.8,155.8,165.0,OSG HORIZON,IMO9436549,WDF6180,31.0,0.0,46.0,15.0,6.5,57.0,B
367730710,2019-05-08T03:27:54,39.0162,-74.95865,0.3,-178.5,196.0,GODSPEED,,WDI7643,37.0,,,,,,B
367063060,2019-05-08T03:28:58,38.81329,-75.11121,0.3,-172.6,140.0,HUGH R SHARP,IMO9388443,WDC6908,90.0,0.0,44.0,9.0,2.7,,A
636018106,2019-05-08T03:28:25,39.45948,-75.5603,13.3,-61.2,351.0,,,,,0.0,,,,,B
240463000,2019-05-08T03:28:04,38.94497,-75.17325,0.1,-164.6,174.0,BOUBOULINA,IMO9298753,SZIS,80.0,1.0,274.0,50.0,17.0,80.0,A
367563930,2019-05-08T03:28:57,39.51771,-75.5511,11.9,16.0,17.0,DEAN REINAUER,IMO9653264,WDG7107,31.0,0.0,35.0,10.0,4.9,,B
636018106,2019-05-08T03:30:06,39.46573,-75.5614,13.3,-55.4,355.0,,,,,0.0,,,,,B
538004030,2019-05-08T03:29:16,38.93194,-75.16227,0.0,96.2,171.0,FRIO,IMO9596985,V7UU3,80.0,1.0,274.0,48.0,17.1,89.0,A
367730710,2019-05-08T03:29:26,39.01621,-74.95865,0.2,-178.5,190.0,GODSPEED,,WDI7643,37.0,,,,,,B
229208000,2019-05-08T03:30:30,39.0545,-75.16947,12.2,155.0,156.0,HELLAS ENTERPRISE,IMO9397468,9HA3151,80.0,5.0,183.0,32.0,12.9,80.0,B
311073800,2019-05-08T03:29:36,38.98915,-75.21466,0.0,-156.6,170.0,EURO,IMO9567702,C6AA5,84.0,1.0,274.0,48.0,-11.5,84.0,A
338447000,2019-05-08T03:29:44,38.9336,-75.1437,2.1,163.3,168.0,OSG HORIZON,IMO9436549,WDF6180,31.0,0.0,46.0,15.0,6.5,57.0,B
636018106,2019-05-08T03:31:15,39.46995,-75.56196,13.4,-54.9,355.0,,,,,0.0,,,,,B
367600030,2019-05-08T03:29:47,38.79512,-75.10507,0.2,22.1,511.0,SUSAN CELESTE,,WDH2672,37.0,,12.0,,,,B
338447000,2019-05-08T03:31:33,38.93242,-75.14344,2.3,169.3,166.0,OSG HORIZON,IMO9436549,WDF6180,31.0,0.0,46.0,15.0,6.5,57.0,B
367063060,2019-05-08T03:30:03,38.8133,-75.1114,0.8,-148.3,140.0,HUGH R SHARP,IMO9388443,WDC6908,90.0,0.0,44.0,9.0,2.7,,B
367730710,2019-05-08T03:30:54,39.0162,-74.95867,0.1,-178.5,193.0,GODSPEED,,WDI7643,37.0,,,,,,B
369235000,2019-05-08T03:30:24,38.91961,-75.13751,0.0,46.6,171.0,OSG VISION,IMO9436537,WDF2493,31.0,1.0,46.0,15.0,6.5,57.0,A
240463000,2019-05-08T03:31:04,38.94497,-75.17337,0.0,-181.6,173.0,BOUBOULINA,IMO9298753,SZIS,80.0,1.0,274.0,50.0,17.0,80.0,A
229208000,2019-05-08T03:31:38,39.05107,-75.16743,12.2,155.0,156.0,HELLAS ENTERPRISE,IMO9397468,9HA3151,80.0,5.0,183.0,32.0,12.9,80.0,B
367063060,2019-05-08T03:33:08,38.8125,-75.11124,4.0,151.4,146.0,HUGH R SHARP,IMO9388443,WDC6908,90.0,0.0,44.0,9.0,2.7,,A
367063060,2019-05-08T03:31:13,38.81339,-75.11163,0.7,-93.5,140.0,HUGH R SHARP,IMO9388443,WDC6908,90.0,0.0,44.0,9.0,2.7,,B
636018106,2019-05-08T03:33:15,39.47745,-75.56275,13.5,-53.9,355.0,,,,,0.0,,,,,B
538004030,2019-05-08T03:32:14,38.93193,-75.16223,0.0,116.3,171.0,FRIO,IMO9596985,V7UU3,80.0,1.0,274.0,48.0,17.1,89.0,A
229208000,2019-05-08T03:33:30,39.0453,-75.164,12.3,155.0,156.0,HELLAS ENTERPRISE,IMO9397468,9HA3151,80.0,5.0,183.0,32.0,12.9,80.0,B
311073800,2019-05-08T03:32:32,38.98917,-75.21469,0.0,-185.1,168.0,EURO,IMO9567702,C6AA5,84.0,1.0,274.0,48.0,-11.5,84.0,A
240463000,2019-05-08T03:34:03,38.94493,-75.17343,0.0,-203.6,170.0,BOUBOULINA,IMO9298753,SZIS,80.0,1.0,274.0,50.0,17.0,80.0,A
636018106,2019-05-08T03:34:17,39.48131,-75.56282,13.5,2.7,3.0,,,,,0.0,,,,,A
367600030,2019-05-08T03:32:46,38.79525,-75.10515,0.0,-73.8,511.0,SUSAN CELESTE,,WDH2672,37.0,,12.0,,,,B
338447000,2019-05-08T03:33:53,38.93148,-75.14302,0.4,119.9,174.0,OSG HORIZON,IMO9436549,WDF6180,31.0,0.0,46.0,15.0,6.5,57.0,B
369235000,2019-05-08T03:33:24,38.91958,-75.1375,0.0,46.6,172.0,OSG VISION,IMO9436537,WDF2493,31.0,1.0,46.0,15.0,6.5,57.0,A
367730710,2019-05-08T03:33:53,39.0162,-74.95867,0.3,-169.9,189.0,GODSPEED,,WDI7643,37.0,,,,,,B
367063060,2019-05-08T03:34:53,38.8103,-75.11104,4.9,-199.5,206.0,HUGH R SHARP,IMO9388443,WDC6908,90.0,0.0,44.0,9.0,2.7,,B
229208000,2019-05-08T03:34:39,39.04178,-75.16195,12.3,155.0,156.0,HELLAS ENTERPRISE,IMO9397468,9HA3151,80.0,5.0,183.0,32.0,12.9,80.0,B
338447000,2019-05-08T03:32:34,38.93186,-75.14328,1.7,163.4,166.0,OSG HORIZON,IMO9436549,WDF6180,31.0,0.0,46.0,15.0,6.5,57.0,B
311073800,2019-05-08T03:35:33,38.98919,-75.21462,0.0,110.6,168.0,EURO,IMO9567702,C6AA5,84.0,1.0,274.0,48.0,-11.5,84.0,A
229208000,2019-05-08T03:35:49,39.03822,-75.15983,12.3,155.0,156.0,HELLAS ENTERPRISE,IMO9397468,9HA3151,80.0,5.0,183.0,32.0,12.9,80.0,B
636018106,2019-05-08T03:36:05,39.48792,-75.56122,13.5,13.9,13.0,,,,,0.0,,,,,B
538004030,2019-05-08T03:35:14,38.93195,-75.16216,0.0,107.8,173.0,FRIO,IMO9596985,V7UU3,80.0,1.0,274.0,48.0,17.1,89.0,A
367063060,2019-05-08T03:36:01,38.80926,-75.11244,4.6,-179.0,221.0,HUGH R SHARP,IMO9388443,WDC6908,90.0,0.0,44.0,9.0,2.7,,B
338447000,2019-05-08T03:35:13,38.93163,-75.14303,0.7,-67.7,174.0,OSG HORIZON,IMO9436549,WDF6180,31.0,0.0,46.0,15.0,6.5,57.0,B
636018106,2019-05-08T03:37:15,39.49219,-75.55979,13.6,14.8,14.0,,,,,0.0,,,,,B
229208000,2019-05-08T03:37:20,39.03347,-75.15703,12.3,156.0,158.0,HELLAS ENTERPRISE,IMO9397468,9HA3151,80.0,5.0,183.0,32.0,12.9,80.0,B
369235000,2019-05-08T03:36:25,38.9196,-75.13751,0.0,46.6,171.0,OSG VISION,IMO9436537,WDF2493,31.0,1.0,46.0,15.0,6.5,57.0,A
240463000,2019-05-08T03:37:03,38.94487,-75.1735,0.0,183.0,168.0,BOUBOULINA,IMO9298753,SZIS,80.0,1.0,274.0,50.0,17.0,80.0,A
338447000,2019-05-08T03:37:34,38.93207,-75.14321,0.6,-62.8,167.0,OSG HORIZON,IMO9436549,WDF6180,31.0,0.0,46.0,15.0,6.5,57.0,B
367063060,2019-05-08T03:38:03,38.80851,-75.11388,1.5,-163.5,226.0,HUGH R SHARP,IMO9388443,WDC6908,90.0,0.0,44.0,9.0,2.7,,A
229208000,2019-05-08T03:38:39,39.02933,-75.15483,12.2,157.0,158.0,HELLAS ENTERPRISE,IMO9397468,9HA3151,80.0,5.0,183.0,32.0,12.9,80.0,B
367063060,2019-05-08T03:39:33,38.80847,-75.11442,0.9,-128.0,240.0,HUGH R SHARP,IMO9388443,WDC6908,90.0,0.0,44.0,9.0,2.7,,B
338447000,2019-05-08T03:39:23,38.93234,-75.14329,0.5,-55.4,161.0,OSG HORIZON,IMO9436549,WDF6180,31.0,0.0,46.0,15.0,6.5,57.0,B
636018106,2019-05-08T03:38:24,39.49643,-75.5583,13.8,14.9,14.0,,,,,0.0,,,,,B
636018106,2019-05-08T03:40:05,39.50273,-75.55622,14.0,15.4,14.0,,,,,0.0,,,,,B
338447000,2019-05-08T03:36:23,38.93189,-75.14313,0.5,-68.1,170.0,OSG HORIZON,IMO9436549,WDF6180,31.0,0.0,46.0,15.0,6.5,57.0,B
229208000,2019-05-08T03:40:20,39.02395,-75.15195,12.2,157.0,158.0,HELLAS ENTERPRISE,IMO9397468,9HA3151,80.0,5.0,183.0,32.0,12.9,80.0,B
338447000,2019-05-08T03:40:44,38.93256,-75.1433,0.5,12.6,157.0,OSG HORIZON,IMO9436549,WDF6180,31.0,0.0,46.0,15.0,6.5,57.0,B
369235000,2019-05-08T03:39:25,38.91959,-75.13741,0.1,46.6,171.0,OSG VISION,IMO9436537,WDF2493,31.0,1.0,46.0,15.0,6.5,57.0,A
367730710,2019-05-08T03:37:25,39.01619,-74.95867,0.2,190.2,191.0,GODSPEED,,WDI7643,37.0,,,,,,B
367063060,2019-05-08T03:40:43,38.80841,-75.11506,2.9,-154.4,247.0,HUGH R SHARP,IMO9388443,WDC6908,90.0,0.0,44.0,9.0,2.7,,B
538004030,2019-05-08T03:38:16,38.93193,-75.16213,0.0,128.1,174.0,FRIO,IMO9596985,V7UU3,80.0,1.0,274.0,48.0,17.1,89.0,A
311073800,2019-05-08T03:38:35,38.98919,-75.2145,0.0,122.0,170.0,EURO,IMO9567702,C6AA5,84.0,1.0,274.0,48.0,-11.5,84.0,A
240463000,2019-05-08T03:40:04,38.94485,-75.17347,0.0,181.0,167.0,BOUBOULINA,IMO9298753,SZIS,80.0,1.0,274.0,50.0,17.0,80.0,A
229208000,2019-05-08T03:42:00,39.01883,-75.14923,12.2,157.0,158.0,HELLAS ENTERPRISE,IMO9397468,9HA3151,80.0,5.0,183.0,32.0,12.9,80.0,B
338447000,2019-05-08T03:42:04,38.93268,-75.14313,0.4,77.0,164.0,OSG HORIZON,IMO9436549,WDF6180,31.0,0.0,46.0,15.0,6.5,57.0,B
311073800,2019-05-08T03:41:35,38.98917,-75.21442,0.0,112.5,171.0,EURO,IMO9567702,C6AA5,84.0,1.0,274.0,48.0,-11.5,84.0,A
538004030,2019-05-08T03:41:15,38.93194,-75.1621,0.0,132.2,175.0,FRIO,IMO9596985,V7UU3,80.0,1.0,274.0,48.0,17.1,89.0,A
367063060,2019-05-08T03:42:33,38.80776,-75.11816,6.1,-155.8,248.0,HUGH R SHARP,IMO9388443,WDC6908,90.0,0.0,44.0,9.0,2.7,,B
636018106,2019-05-08T03:41:14,39.50696,-75.55465,13.8,15.6,14.0,,,,,0.0,,,,,B
636018106,2019-05-08T03:43:25,39.51503,-75.55172,13.6,15.3,14.0,,,,,0.0,,,,,B
369235000,2019-05-08T03:42:25,38.9196,-75.13733,0.0,46.6,174.0,OSG VISION,IMO9436537,WDF2493,31.0,1.0,46.0,15.0,6.5,57.0,A
229208000,2019-05-08T03:44:29,39.01088,-75.14507,12.3,157.0,158.0,HELLAS ENTERPRISE,IMO9397468,9HA3151,80.0,5.0,183.0,32.0,12.9,80.0,B
240463000,2019-05-08T03:43:06,38.9449,-75.17338,0.0,181.0,167.0,BOUBOULINA,IMO9298753,SZIS,80.0,1.0,274.0,50.0,17.0,80.0,A
338447000,2019-05-08T03:43:14,38.93272,-75.14301,0.2,89.2,170.0,OSG HORIZON,IMO9436549,WDF6180,31.0,0.0,46.0,15.0,6.5,57.0,B
367063060,2019-05-08T03:43:53,38.80716,-75.12097,6.2,-155.1,249.0,HUGH R SHARP,IMO9388443,WDC6908,90.0,0.0,44.0,9.0,2.7,,B
369235000,2019-05-08T03:45:24,38.9196,-75.13729,0.0,46.6,175.0,OSG VISION,IMO9436537,WDF2493,31.0,1.0,46.0,15.0,6.5,57.0,A
538004030,2019-05-08T03:44:14,38.93193,-75.16208,0.0,157.7,176.0,FRIO,IMO9596985,V7UU3,80.0,1.0,274.0,48.0,17.1,89.0,A
338447000,2019-05-08T03:45:44,38.93272,-75.14288,0.0,85.6,174.0,OSG HORIZON,IMO9436549,WDF6180,31.0,0.0,46.0,15.0,6.5,57.0,B
367063060,2019-05-08T03:46:13,38.80612,-75.12586,6.2,-155.5,250.0,HUGH R SHARP,IMO9388443,WDC6908,90.0,0.0,44.0,9.0,2.7,,B
311073800,2019-05-08T03:44:33,38.98922,-75.2143,0.0,91.9,173.0,EURO,IMO9567702,C6AA5,84.0,1.0,274.0,48.0,-11.5,84.0,A
229208000,2019-05-08T03:46:39,39.00407,-75.1415,12.3,157.0,158.0,HELLAS ENTERPRISE,IMO9397468,9HA3151,80.0,5.0,183.0,32.0,12.9,80.0,B
538004030,2019-05-08T03:47:15,38.93191,-75.16206,0.0,174.7,176.0,FRIO,IMO9596985,V7UU3,80.0,1.0,274.0,48.0,17.1,89.0,A
338447000,2019-05-08T03:46:54,38.93273,-75.14284,0.1,85.6,173.0,OSG HORIZON,IMO9436549,WDF6180,31.0,0.0,46.0,15.0,6.5,57.0,B
240463000,2019-05-08T03:46:04,38.94493,-75.17327,0.0,106.0,168.0,BOUBOULINA,IMO9298753,SZIS,80.0,1.0,274.0,50.0,17.0,80.0,A
229208000,2019-05-08T03:48:29,38.99835,-75.13857,12.3,157.0,158.0,HELLAS ENTERPRISE,IMO9397468,9HA3151,80.0,5.0,183.0,32.0,12.9,80.0,B
338447000,2019-05-08T03:48:13,38.93273,-75.14278,0.1,88.4,173.0,OSG HORIZON,IMO9436549,WDF6180,31.0,0.0,46.0,15.0,6.5,57.0,B
636018106,2019-05-08T03:44:35,39.51926,-75.55026,13.4,15.0,13.0,,,,,0.0,,,,,B
367063060,2019-05-08T03:50:13,38.80418,-75.13434,6.3,-156.9,247.0,HUGH R SHARP,IMO9388443,WDC6908,90.0,0.0,44.0,9.0,2.7,,A
240463000,2019-05-08T03:49:05,38.94497,-75.17313,0.0,115.0,169.0,BOUBOULINA,IMO9298753,SZIS,80.0,1.0,274.0,50.0,17.0,80.0,A
338447000,2019-05-08T03:49:23,38.93271,-75.1427,0.1,124.4,174.0,OSG HORIZON,IMO9436549,WDF6180,31.0,0.0,46.0,15.0,6.5,57.0,B
369235000,2019-05-08T03:51:24,38.91962,-75.13731,0.0,46.6,174.0,OSG VISION,IMO9436537,WDF2493,31.0,1.0,46.0,15.0,6.5,57.0,A
367063060,2019-05-08T03:51:52,38.80323,-75.13782,6.3,-159.9,246.0,HUGH R SHARP,IMO9388443,WDC6908,90.0,0.0,44.0,9.0,2.7,,B
229208000,2019-05-08T03:51:39,38.98825,-75.13338,12.5,158.0,158.0,HELLAS ENTERPRISE,IMO9397468,9HA3151,80.0,5.0,183.0,32.0,12.9,80.0,B
538004030,2019-05-08T03:50:13,38.93191,-75.16206,0.0,-186.4,177.0,FRIO,IMO9596985,V7UU3,80.0,1.0,274.0,48.0,17.1,89.0,A
311073800,2019-05-08T03:50:33,38.98919,-75.21428,0.1,162.1,174.0,EURO,IMO9567702,C6AA5,84.0,1.0,274.0,48.0,-11.5,84.0,A
367063060,2019-05-08T03:53:13,38.80243,-75.14064,6.2,-159.7,246.0,HUGH R SHARP,IMO9388443,WDC6908,90.0,0.0,44.0,9.0,2.7,,B
367063060,2019-05-08T03:48:13,38.80516,-75.1301,6.3,-155.7,249.0,HUGH R SHARP,IMO9388443,WDC6908,90.0,0.0,44.0,9.0,2.7,,B
240463000,2019-05-08T03:52:06,38.94495,-75.17305,0.0,133.0,171.0,BOUBOULINA,IMO9298753,SZIS,80.0,1.0,274.0,50.0,17.0,80.0,A
367730710,2019-05-08T03:52:23,39.0162,-74.95864,0.4,145.8,191.0,GODSPEED,,WDI7643,37.0,,,,,,B
229208000,2019-05-08T03:52:50,38.98427,-75.13133,12.5,158.0,158.0,HELLAS ENTERPRISE,IMO9397468,9HA3151,80.0,5.0,183.0,32.0,12.9,80.0,B
338447000,2019-05-08T03:53:06,38.93266,-75.14253,0.1,125.3,177.0,OSG HORIZON,IMO9436549,WDF6180,31.0,1.0,46.0,15.0,6.5,57.0,A
538004030,2019-05-08T03:53:15,38.93191,-75.16206,0.0,88.3,177.0,FRIO,IMO9596985,V7UU3,80.0,1.0,274.0,48.0,17.1,89.0,A
311073800,2019-05-08T03:47:35,38.9892,-75.2143,0.0,105.9,174.0,EURO,IMO9567702,C6AA5,84.0,1.0,274.0,48.0,-11.5,84.0,A
229208000,2019-05-08T03:50:09,38.9929,-75.13577,12.3,158.0,158.0,HELLAS ENTERPRISE,IMO9397468,9HA3151,80.0,5.0,183.0,32.0,12.9,80.0,B
367063060,2019-05-08T03:54:52,38.80147,-75.14407,6.2,-158.3,247.0,HUGH R SHARP,IMO9388443,WDC6908,90.0,0.0,44.0,9.0,2.7,,B
369235000,2019-05-08T03:54:24,38.91962,-75.13723,0.1,46.6,175.0,OSG VISION,IMO9436537,WDF2493,31.0,1.0,46.0,15.0,6.5,57.0,A
311073800,2019-05-08T03:53:32,38.98919,-75.21429,0.0,184.8,174.0,EURO,IMO9567702,C6AA5,84.0,1.0,274.0,48.0,-11.5,84.0,A
229208000,2019-05-08T03:53:59,38.98067,-75.12943,12.5,158.0,158.0,HELLAS ENTERPRISE,IMO9397468,9HA3151,80.0,5.0,183.0,32.0,12.9,80.0,B
240463000,2019-05-08T03:55:03,38.94492,-75.17298,0.0,137.0,171.0,BOUBOULINA,IMO9298753,SZIS,80.0,1.0,274.0,50.0,17.0,80.0,A
229208000,2019-05-08T03:55:09,38.977,-75.12757,12.5,158.0,158.0,HELLAS ENTERPRISE,IMO9397468,9HA3151,80.0,5.0,183.0,32.0,12.9,80.0,B
338131000,2019-05-08T03:57:02,38.85205,-75.05254,9.4,-74.0,337.0,GENESIS EAGLE,IMO9117260,WDG9347,31.0,12.0,37.0,11.0,4.9,,B
367063060,2019-05-08T03:57:13,38.79994,-75.14861,5.9,-163.6,241.0,HUGH R SHARP,IMO9388443,WDC6908,90.0,0.0,44.0,9.0,2.7,,A
367730710,2019-05-08T03:55:27,39.01622,-74.95864,0.4,81.6,185.0,GODSPEED,,WDI7643,37.0,,,,,,B
338447000,2019-05-08T03:56:07,38.93271,-75.14248,0.0,125.3,179.0,OSG HORIZON,IMO9436549,WDF6180,31.0,1.0,46.0,15.0,6.5,57.0,A
240463000,2019-05-08T03:58:03,38.94488,-75.17285,0.0,124.0,172.0,BOUBOULINA,IMO9298753,SZIS,80.0,1.0,274.0,50.0,17.0,80.0,A
538004030,2019-05-08T03:56:14,38.93194,-75.16204,0.0,82.8,177.0,FRIO,IMO9596985,V7UU3,80.0,1.0,274.0,48.0,17.1,89.0,A
229208000,2019-05-08T03:56:18,38.97315,-75.12562,12.5,158.0,158.0,HELLAS ENTERPRISE,IMO9397468,9HA3151,80.0,5.0,183.0,32.0,12.9,80.0,B
311073800,2019-05-08T03:56:35,38.98921,-75.21428,0.0,-203.0,174.0,EURO,IMO9567702,C6AA5,84.0,1.0,274.0,48.0,-11.5,84.0,A
369235000,2019-05-08T03:57:25,38.9196,-75.13714,0.1,46.6,177.0,OSG VISION,IMO9436537,WDF2493,31.0,1.0,46.0,15.0,6.5,57.0,A
229208000,2019-05-08T03:58:29,38.96618,-75.122,12.5,157.0,157.0,HELLAS ENTERPRISE,IMO9397468,9HA3151,80.0,5.0,183.0,32.0,12.9,80.0,B
229208000,2019-05-08T03:59:39,38.96235,-75.11983,12.6,156.0,157.0,HELLAS ENTERPRISE,IMO9397468,9HA3151,80.0,5.0,183.0,32.0,12.9,80.0,B
367063060,2019-05-08T03:59:54,38.79815,-75.15198,3.4,-190.8,217.0,HUGH R SHARP,IMO9388443,WDC6908,90.0,0.0,44.0,9.0,2.7,,A
338447000,2019-05-08T03:59:07,38.93271,-75.14246,0.0,125.3,181.0,OSG HORIZON,IMO9436549,WDF6180,31.0,1.0,46.0,15.0,6.5,57.0,A
311073800,2019-05-08T03:59:36,38.98921,-75.21427,0.1,151.2,174.0,EURO,IMO9567702,C6AA5,84.0,1.0,274.0,48.0,-11.5,84.0,A
367063060,2019-05-08T04:00:03,38.79805,-75.1521,3.5,-187.2,219.0,HUGH R SHARP,IMO9388443,WDC6908,90.0,0.0,44.0,9.0,2.7,,A
538004030,2019-05-08T03:59:17,38.93193,-75.16198,0.1,108.0,177.0,FRIO,IMO9596985,V7UU3,80.0,1.0,274.0,48.0,17.1,89.0,A
338131000,2019-05-08T04:00:02,38.85933,-75.05663,9.5,-72.7,336.0,GENESIS EAGLE,IMO9117260,WDG9347,31.0,12.0,37.0,11.0,4.9,,B
338131000,2019-05-08T03:59:43,38.8585,-75.0562,9.6,-73.5,337.0,GENESIS EAGLE,IMO9117260,WDG9347,31.0,12.0,37.0,11.0,4.9,,B
369235000,2019-05-08T04:00:25,38.91961,-75.13711,0.0,46.6,179.0,OSG VISION,IMO9436537,WDF2493,31.0,1.0,46.0,15.0,6.5,57.0,A
240463000,2019-05-08T04:01:05,38.94488,-75.17273,0.0,117.0,173.0,BOUBOULINA,IMO9298753,SZIS,80.0,1.0,274.0,50.0,17.0,80.0,A
367063060,2019-05-08T04:01:06,38.79729,-75.1531,3.8,-177.8,225.0,HUGH R SHARP,IMO9388443,WDC6908,90.0,0.0,44.0,9.0,2.7,,A
229208000,2019-05-08T04:00:09,38.96065,-75.11887,12.5,155.0,158.0,HELLAS ENTERPRISE,IMO9397468,9HA3151,80.0,5.0,183.0,32.0,12.9,80.0,B
229208000,2019-05-08T04:01:18,38.95697,-75.11683,12.5,156.0,158.0,HELLAS ENTERPRISE,IMO9397468,9HA3151,80.0,5.0,183.0,32.0,12.9,80.0,B
338131000,2019-05-08T04:01:13,38.86214,-75.05822,9.5,-73.2,337.0,GENESIS EAGLE,IMO9117260,WDG9347,31.0,12.0,37.0,11.0,4.9,,B
367730710,2019-05-08T04:01:24,39.01621,-74.95868,1.4,66.6,189.0,GODSPEED,,WDI7643,37.0,,,,,,B
338447000,2019-05-08T04:02:06,38.93271,-75.14246,0.0,125.3,181.0,OSG HORIZON,IMO9436549,WDF6180,31.0,1.0,46.0,15.0,6.5,57.0,A
367063060,2019-05-08T04:02:07,38.79647,-75.15426,4.4,-186.7,215.0,HUGH R SHARP,IMO9388443,WDC6908,90.0,0.0,44.0,9.0,2.7,,A
538004030,2019-05-08T04:02:15,38.93196,-75.16193,0.0,77.4,177.0,FRIO,IMO9596985,V7UU3,80.0,1.0,274.0,48.0,17.1,89.0,A
229208000,2019-05-08T04:02:19,38.95377,-75.11507,12.5,156.0,157.0,HELLAS ENTERPRISE,IMO9397468,9HA3151,80.0,5.0,183.0,32.0,12.9,80.0,B
338131000,2019-05-08T04:02:14,38.86459,-75.05956,9.5,-73.1,336.0,GENESIS EAGLE,IMO9117260,WDG9347,31.0,12.0,37.0,11.0,4.9,,B
338131000,2019-05-08T04:03:22,38.86739,-75.06112,9.4,-73.1,336.0,GENESIS EAGLE,IMO9117260,WDG9347,31.0,12.0,37.0,11.0,4.9,,B
367063060,2019-05-08T04:03:10,38.79562,-75.15523,4.1,-192.3,213.0,HUGH R SHARP,IMO9388443,WDC6908,90.0,0.0,44.0,9.0,2.7,,A
311073800,2019-05-08T04:02:33,38.98922,-75.21427,0.1,140.1,174.0,EURO,IMO9567702,C6AA5,84.0,1.0,274.0,48.0,-11.5,84.0,A
369235000,2019-05-08T04:03:25,38.91963,-75.13702,0.0,46.6,180.0,OSG VISION,IMO9436537,WDF2493,31.0,1.0,46.0,15.0,6.5,57.0,A
229208000,2019-05-08T04:03:29,38.94998,-75.11293,12.5,156.0,157.0,HELLAS ENTERPRISE,IMO9397468,9HA3151,80.0,5.0,183.0,32.0,12.9,80.0,B
249227000,2019-05-08T04:04:23,39.51875,-75.55056,10.5,191.9,193.0,WARNOW STAR,IMO9509619,9HA4158,70.0,0.0,179.0,28.0,10.0,,A
367730710,2019-05-08T04:02:25,39.01622,-74.95867,0.2,66.6,187.0,GODSPEED,,WDI7643,37.0,,,,,,B
240463000,2019-05-08T04:04:06,38.94488,-75.17262,0.0,114.0,176.0,BOUBOULINA,IMO9298753,SZIS,80.0,1.0,274.0,50.0,17.0,80.0,A
338131000,2019-05-08T04:04:34,38.87021,-75.06267,9.3,-73.7,336.0,GENESIS EAGLE,IMO9117260,WDG9347,31.0,12.0,37.0,11.0,4.9,,B
229208000,2019-05-08T04:04:38,38.94637,-75.1109,12.5,156.0,157.0,HELLAS ENTERPRISE,IMO9397468,9HA3151,80.0,5.0,183.0,32.0,12.9,80.0,B
538004030,2019-05-08T04:05:14,38.93197,-75.16187,0.0,92.1,178.0,FRIO,IMO9596985,V7UU3,80.0,1.0,274.0,48.0,17.1,89.0,A
338447000,2019-05-08T04:05:06,38.93271,-75.14248,0.0,125.3,181.0,OSG HORIZON,IMO9436549,WDF6180,31.0,1.0,46.0,15.0,6.5,57.0,A
249227000,2019-05-08T04:05:30,39.51555,-75.55154,10.6,194.8,195.0,WARNOW STAR,IMO9509619,9HA4158,70.0,0.0,179.0,28.0,10.0,,B
311073800,2019-05-08T04:05:33,38.98918,-75.21423,0.0,193.1,174.0,EURO,IMO9567702,C6AA5,84.0,1.0,274.0,48.0,-11.5,84.0,A
338131000,2019-05-08T04:05:42,38.87297,-75.06423,9.4,-73.1,336.0,GENESIS EAGLE,IMO9117260,WDG9347,31.0,12.0,37.0,11.0,4.9,,B
369235000,2019-05-08T04:06:24,38.91958,-75.13698,0.0,46.6,181.0,OSG VISION,IMO9436537,WDF2493,31.0,1.0,46.0,15.0,6.5,57.0,A
338131000,2019-05-08T04:06:43,38.87535,-75.06561,9.4,-73.5,337.0,GENESIS EAGLE,IMO9117260,WDG9347,31.0,12.0,37.0,11.0,4.9,,B
229208000,2019-05-08T04:05:50,38.94247,-75.10868,12.5,156.0,157.0,HELLAS ENTERPRISE,IMO9397468,9HA3151,80.0,5.0,183.0,32.0,12.9,80.0,B
229208000,2019-05-08T04:06:58,38.93885,-75.10663,12.5,156.0,158.0,HELLAS ENTERPRISE,IMO9397468,9HA3151,80.0,5.0,183.0,32.0,12.9,80.0,B
249227000,2019-05-08T04:06:40,39.51222,-75.55265,10.6,194.2,195.0,WARNOW STAR,IMO9509619,9HA4158,70.0,0.0,179.0,28.0,10.0,,B
240463000,2019-05-08T04:07:05,38.94492,-75.17255,0.0,120.0,178.0,BOUBOULINA,IMO9298753,SZIS,80.0,1.0,274.0,50.0,17.0,80.0,A
249227000,2019-05-08T04:07:50,39.50888,-75.5537,10.5,192.6,196.0,WARNOW STAR,IMO9509619,9HA4158,70.0,0.0,179.0,28.0,10.0,,B
229208000,2019-05-08T04:07:59,38.93568,-75.1049,12.5,157.0,158.0,HELLAS ENTERPRISE,IMO9397468,9HA3151,80.0,5.0,183.0,32.0,12.9,80.0,B
338131000,2019-05-08T04:07:53,38.87813,-75.06714,9.3,-73.0,337.0,GENESIS EAGLE,IMO9117260,WDG9347,31.0,12.0,37.0,11.0,4.9,,B
338447000,2019-05-08T04:08:07,38.93269,-75.14247,0.0,125.3,180.0,OSG HORIZON,IMO9436549,WDF6180,31.0,1.0,46.0,15.0,6.5,57.0,A
538004030,2019-05-08T04:08:16,38.93198,-75.16183,0.1,150.3,180.0,FRIO,IMO9596985,V7UU3,80.0,1.0,274.0,48.0,17.1,89.0,A
311073800,2019-05-08T04:08:34,38.98919,-75.21419,0.0,119.9,174.0,EURO,IMO9567702,C6AA5,84.0,1.0,274.0,48.0,-11.5,84.0,A
338131000,2019-05-08T04:09:02,38.88095,-75.0687,9.4,-72.6,337.0,GENESIS EAGLE,IMO9117260,WDG9347,31.0,12.0,37.0,11.0,4.9,,B
369235000,2019-05-08T04:09:24,38.91958,-75.13694,0.0,46.6,182.0,OSG VISION,IMO9436537,WDF2493,31.0,1.0,46.0,15.0,6.5,57.0,A
249227000,2019-05-08T04:09:00,39.50563,-75.55489,10.5,195.8,197.0,WARNOW STAR,IMO9509619,9HA4158,70.0,0.0,179.0,28.0,10.0,,B
229208000,2019-05-08T04:09:10,38.93185,-75.10278,12.5,156.0,158.0,HELLAS ENTERPRISE,IMO9397468,9HA3151,80.0,5.0,183.0,32.0,12.9,80.0,B
249227000,2019-05-08T04:10:09,39.50239,-75.5561,10.5,196.5,197.0,WARNOW STAR,IMO9509619,9HA4158,70.0,0.0,179.0,28.0,10.0,,B
367730710,2019-05-08T04:08:55,39.01619,-74.95866,0.0,66.6,192.0,GODSPEED,,WDI7643,37.0,,,,,,B
229208000,2019-05-08T04:10:19,38.92817,-75.10075,12.5,156.0,158.0,HELLAS ENTERPRISE,IMO9397468,9HA3151,80.0,5.0,183.0,32.0,12.9,80.0,B
338131000,2019-05-08T04:10:04,38.8834,-75.07003,9.5,-73.0,337.0,GENESIS EAGLE,IMO9117260,WDG9347,31.0,12.0,37.0,11.0,4.9,,B
240463000,2019-05-08T04:10:03,38.9449,-75.17242,0.0,113.0,179.0,BOUBOULINA,IMO9298753,SZIS,80.0,1.0,274.0,50.0,17.0,80.0,A
249227000,2019-05-08T04:11:39,39.49812,-75.55773,10.6,196.3,197.0,WARNOW STAR,IMO9509619,9HA4158,70.0,0.0,179.0,28.0,10.0,,B
338447000,2019-05-08T04:11:07,38.93268,-75.14242,0.0,125.3,180.0,OSG HORIZON,IMO9436549,WDF6180,31.0,1.0,46.0,15.0,6.5,57.0,A
338131000,2019-05-08T04:11:14,38.88626,-75.07156,9.6,-72.2,337.0,GENESIS EAGLE,IMO9117260,WDG9347,31.0,12.0,37.0,11.0,4.9,,B
311073800,2019-05-08T04:11:33,38.98921,-75.21416,0.0,125.7,174.0,EURO,IMO9567702,C6AA5,84.0,1.0,274.0,48.0,-11.5,84.0,A
538004030,2019-05-08T04:11:15,38.93198,-75.16188,0.1,-153.1,181.0,FRIO,IMO9596985,V7UU3,80.0,1.0,274.0,48.0,17.1,89.0,A
338131000,2019-05-08T04:12:22,38.8891,-75.07307,9.7,-73.5,335.0,GENESIS EAGLE,IMO9117260,WDG9347,31.0,12.0,37.0,11.0,4.9,,B
229208000,2019-05-08T04:11:40,38.92382,-75.0988,12.3,165.0,165.0,HELLAS ENTERPRISE,IMO9397468,9HA3151,80.0,5.0,183.0,32.0,12.9,80.0,B
367730710,2019-05-08T04:11:55,39.01619,-74.95864,0.0,66.6,188.0,GODSPEED,,WDI7643,37.0,,,,,,B
249227000,2019-05-08T04:12:50,39.4948,-75.55903,10.5,196.7,197.0,WARNOW STAR,IMO9509619,9HA4158,70.0,0.0,179.0,28.0,10.0,,B
369235000,2019-05-08T04:12:25,38.91958,-75.13695,0.0,46.6,183.0,OSG VISION,IMO9436537,WDF2493,31.0,1.0,46.0,15.0,6.5,57.0,A
229208000,2019-05-08T04:12:49,38.91988,-75.09747,12.4,165.0,166.0,HELLAS ENTERPRISE,IMO9397468,9HA3151,80.0,5.0,183.0,32.0,12.9,80.0,B
240463000,2019-05-08T04:13:05,38.94493,-75.1723,0.0,113.0,181.0,BOUBOULINA,IMO9298753,SZIS,80.0,1.0,274.0,50.0,17.0,80.0,A
338131000,2019-05-08T04:13:33,38.89205,-75.07466,9.8,-73.4,332.0,GENESIS EAGLE,IMO9117260,WDG9347,31.0,12.0,37.0,11.0,4.9,,B
249227000,2019-05-08T04:14:10,39.49111,-75.56053,10.6,198.6,195.0,WARNOW STAR,IMO9509619,9HA4158,70.0,0.0,179.0,28.0,10.0,,A
538004030,2019-05-08T04:14:16,38.93196,-75.16198,0.0,203.7,179.0,FRIO,IMO9596985,V7UU3,80.0,1.0,274.0,48.0,17.1,89.0,A
311073800,2019-05-08T04:14:34,38.98922,-75.21411,0.0,130.2,175.0,EURO,IMO9567702,C6AA5,84.0,1.0,274.0,48.0,-11.5,84.0,A
338131000,2019-05-08T04:14:44,38.89496,-75.07647,10.0,-76.4,332.0,GENESIS EAGLE,IMO9117260,WDG9347,31.0,12.0,37.0,11.0,4.9,,B
229208000,2019-05-08T04:13:59,38.9161,-75.0962,12.4,164.0,165.0,HELLAS ENTERPRISE,IMO9397468,9HA3151,80.0,5.0,183.0,32.0,12.9,80.0,B
229208000,2019-05-08T04:15:09,38.91225,-75.0949,12.5,165.0,165.0,HELLAS ENTERPRISE,IMO9397468,9HA3151,80.0,5.0,183.0,32.0,12.9,80.0,B
249227000,2019-05-08T04:15:20,39.48782,-75.56172,10.5,195.9,195.0,WARNOW STAR,IMO9509619,9HA4158,70.0,0.0,179.0,28.0,10.0,,B
369235000,2019-05-08T04:15:24,38.91961,-75.13695,0.0,46.6,182.0,OSG VISION,IMO9436537,WDF2493,31.0,1.0,46.0,15.0,6.5,57.0,A
338131000,2019-05-08T04:15:53,38.89779,-75.07827,9.8,-76.6,332.0,GENESIS EAGLE,IMO9117260,WDG9347,31.0,12.0,37.0,11.0,4.9,,B
249227000,2019-05-08T04:16:23,39.48481,-75.56281,10.4,190.4,184.0,WARNOW STAR,IMO9509619,9HA4158,70.0,0.0,179.0,28.0,10.0,,A
229208000,2019-05-08T04:16:38,38.90707,-75.09318,12.5,165.0,165.0,HELLAS ENTERPRISE,IMO9397468,9HA3151,80.0,5.0,183.0,32.0,12.9,80.0,B
538004030,2019-05-08T04:17:14,38.93192,-75.16201,0.1,96.3,177.0,FRIO,IMO9596985,V7UU3,80.0,1.0,274.0,48.0,17.1,89.0,A
367699890,2019-05-08T04:17:46,38.79,-75.116,22.2,-50.3,511.0,J P VIRDEN,,WDI4560,,15.0,16.0,,,,B
249227000,2019-05-08T04:17:56,39.48036,-75.56299,10.3,181.8,177.0,WARNOW STAR,IMO9509619,9HA4158,70.0,0.0,179.0,28.0,10.0,,A
338131000,2019-05-08T04:17:04,38.90066,-75.08014,9.9,-77.0,331.0,GENESIS EAGLE,IMO9117260,WDG9347,31.0,12.0,37.0,11.0,4.9,,B
311073800,2019-05-08T04:17:36,38.9892,-75.21406,0.0,134.4,176.0,EURO,IMO9567702,C6AA5,84.0,1.0,274.0,48.0,-11.5,84.0,A
240463000,2019-05-08T04:16:02,38.94488,-75.1721,0.1,116.0,182.0,BOUBOULINA,IMO9298753,SZIS,80.0,1.0,274.0,50.0,17.0,80.0,A
367730710,2019-05-08T04:17:58,39.01621,-74.95867,0.4,66.6,186.0,GODSPEED,,WDI7643,37.0,,,,,,B
338131000,2019-05-08T04:18:14,38.90357,-75.08204,10.1,-76.8,331.0,GENESIS EAGLE,IMO9117260,WDG9347,31.0,12.0,37.0,11.0,4.9,,B
229208000,2019-05-08T04:19:09,38.8986,-75.09038,12.6,165.0,165.0,HELLAS ENTERPRISE,IMO9397468,9HA3151,80.0,5.0,183.0,32.0,12.9,80.0,B
367699890,2019-05-08T04:18:53,38.79683,-75.1175,22.2,-66.2,511.0,J P VIRDEN,,WDI4560,,15.0,16.0,,,,B
249227000,2019-05-08T04:19:19,39.47645,-75.56258,10.4,174.5,175.0,WARNOW STAR,IMO9509619,9HA4158,70.0,0.0,179.0,28.0,10.0,,B
338131000,2019-05-08T04:19:24,38.90644,-75.08394,10.2,-77.0,331.0,GENESIS EAGLE,IMO9117260,WDG9347,31.0,12.0,37.0,11.0,4.9,,B
229208000,2019-05-08T04:20:29,38.89422,-75.08895,12.4,165.0,165.0,HELLAS ENTERPRISE,IMO9397468,9HA3151,80.0,5.0,183.0,32.0,12.9,80.0,B
240463000,2019-05-08T04:19:05,38.94485,-75.17193,0.0,121.0,184.0,BOUBOULINA,IMO9298753,SZIS,80.0,1.0,274.0,50.0,17.0,80.0,A
249227000,2019-05-08T04:20:30,39.47297,-75.56225,10.5,177.1,176.0,WARNOW STAR,IMO9509619,9HA4158,70.0,0.0,179.0,28.0,10.0,,B
338447000,2019-05-08T04:20:07,38.9327,-75.14218,0.0,125.3,190.0,OSG HORIZON,IMO9436549,WDF6180,31.0,1.0,46.0,15.0,6.5,57.0,A
338131000,2019-05-08T04:20:42,38.90973,-75.08612,10.2,-76.9,331.0,GENESIS EAGLE,IMO9117260,WDG9347,31.0,12.0,37.0,11.0,4.9,,B
367699890,2019-05-08T04:19:59,38.80317,-75.11733,22.9,31.3,511.0,J P VIRDEN,,WDI4560,,15.0,16.0,,,,B
538004030,2019-05-08T04:20:15,38.93191,-75.16196,0.1,62.7,176.0,FRIO,IMO9596985,V7UU3,80.0,1.0,274.0,48.0,17.1,89.0,A
367699890,2019-05-08T04:21:11,38.80733,-75.10917,22.7,68.5,511.0,J P VIRDEN,,WDI4560,,15.0,16.0,,,,B
311073800,2019-05-08T04:20:35,38.98919,-75.21403,0.0,117.3,177.0,EURO,IMO9567702,C6AA5,84.0,1.0,274.0,48.0,-11.5,84.0,A
249227000,2019-05-08T04:21:31,39.47002,-75.56205,10.6,177.1,176.0,WARNOW STAR,IMO9509619,9HA4158,70.0,0.0,179.0,28.0,10.0,,B
338447000,2019-05-08T04:17:06,38.93268,-75.14223,0.0,125.3,186.0,OSG HORIZON,IMO9436549,WDF6180,31.0,1.0,46.0,15.0,6.5,57.0,A
338131000,2019-05-08T04:21:52,38.91266,-75.0881,10.1,-77.1,330.0,GENESIS EAGLE,IMO9117260,WDG9347,31.0,12.0,37.0,11.0,4.9,,B
369235000,2019-05-08T04:21:24,38.91959,-75.1369,0.0,46.6,182.0,OSG VISION,IMO9436537,WDF2493,31.0,1.0,46.0,15.0,6.5,57.0,A
229208000,2019-05-08T04:22:10,38.88858,-75.08695,12.0,164.0,165.0,HELLAS ENTERPRISE,IMO9397468,9HA3151,80.0,5.0,183.0,32.0,12.9,80.0,B
367699890,2019-05-08T04:22:41,38.81083,-75.098,22.4,76.1,511.0,J P VIRDEN,,WDI4560,,15.0,16.0,,,,B
240463000,2019-05-08T04:22:04,38.94477,-75.17172,0.0,125.0,188.0,BOUBOULINA,IMO9298753,SZIS,80.0,1.0,274.0,50.0,17.0,80.0,A
229208000,2019-05-08T04:17:50,38.90307,-75.09187,12.5,165.0,165.0,HELLAS ENTERPRISE,IMO9397468,9HA3151,80.0,5.0,183.0,32.0,12.9,80.0,B
369235000,2019-05-08T04:18:24,38.91958,-75.13692,0.0,46.6,182.0,OSG VISION,IMO9436537,WDF2493,31.0,1.0,46.0,15.0,6.5,57.0,A
338447000,2019-05-08T04:23:07,38.9327,-75.14226,0.1,125.3,190.0,OSG HORIZON,IMO9436549,WDF6180,31.0,1.0,46.0,15.0,6.5,57.0,A
338131000,2019-05-08T04:23:04,38.9156,-75.09006,10.2,-77.6,330.0,GENESIS EAGLE,IMO9117260,WDG9347,31.0,12.0,37.0,11.0,4.9,,B
249227000,2019-05-08T04:24:10,39.46197,-75.56175,11.0,181.2,174.0,WARNOW STAR,IMO9509619,9HA4158,70.0,0.0,179.0,28.0,10.0,,A
229208000,2019-05-08T04:23:20,38.88497,-75.08568,11.8,164.0,166.0,HELLAS ENTERPRISE,IMO9397468,9HA3151,80.0,5.0,183.0,32.0,12.9,80.0,B
367699890,2019-05-08T04:23:46,38.81333,-75.09067,21.6,29.0,511.0,J P VIRDEN,,WDI4560,,15.0,16.0,,,,B
311073800,2019-05-08T04:23:32,38.9892,-75.21398,0.0,116.0,177.0,EURO,IMO9567702,C6AA5,84.0,1.0,274.0,48.0,-11.5,84.0,A
229208000,2019-05-08T04:25:10,38.87913,-75.08367,11.2,164.0,165.0,HELLAS ENTERPRISE,IMO9397468,9HA3151,80.0,5.0,183.0,32.0,12.9,80.0,B
338131000,2019-05-08T04:24:13,38.91871,-75.0921,10.3,-77.5,330.0,GENESIS EAGLE,IMO9117260,WDG9347,31.0,12.0,37.0,11.0,4.9,,B
367699890,2019-05-08T04:24:53,38.81967,-75.08883,20.4,2.9,511.0,J P VIRDEN,,WDI4560,,15.0,16.0,,,,B
367730710,2019-05-08T04:20:55,39.0162,-74.95865,0.0,66.6,183.0,GODSPEED,,WDI7643,37.0,,,,,,B
338447000,2019-05-08T04:26:07,38.93272,-75.1424,0.0,-131.8,185.0,OSG HORIZON,IMO9436549,WDF6180,31.0,1.0,46.0,15.0,6.5,57.0,A
249227000,2019-05-08T04:22:49,39.46608,-75.56185,10.8,178.1,176.0,WARNOW STAR,IMO9509619,9HA4158,70.0,0.0,179.0,28.0,10.0,,B
538004030,2019-05-08T04:23:14,38.93197,-75.16187,0.1,59.6,177.0,FRIO,IMO9596985,V7UU3,80.0,1.0,274.0,48.0,17.1,89.0,A
249227000,2019-05-08T04:25:16,39.45877,-75.56115,10.2,157.9,146.0,WARNOW STAR,IMO9509619,9HA4158,70.0,0.0,179.0,28.0,10.0,,A
369235000,2019-05-08T04:24:25,38.91959,-75.13692,0.0,46.6,182.0,OSG VISION,IMO9436537,WDF2493,31.0,1.0,46.0,15.0,6.5,57.0,A
240463000,2019-05-08T04:25:02,38.9447,-75.17152,0.0,124.0,191.0,BOUBOULINA,IMO9298753,SZIS,80.0,1.0,274.0,50.0,17.0,80.0,A
338131000,2019-05-08T04:26:13,38.92362,-75.09544,10.2,-77.7,330.0,GENESIS EAGLE,IMO9117260,WDG9347,31.0,12.0,37.0,11.0,4.9,,B
367699890,2019-05-08T04:26:29,38.82867,-75.08817,20.1,2.8,511.0,J P VIRDEN,,WDI4560,,15.0,16.0,,,,B
311073800,2019-05-08T04:26:35,38.98918,-75.21392,0.0,117.2,179.0,EURO,IMO9567702,C6AA5,84.0,1.0,274.0,48.0,-11.5,84.0,A
538004030,2019-05-08T04:26:15,38.93201,-75.16177,0.1,49.2,178.0,FRIO,IMO9596985,V7UU3,80.0,1.0,274.0,48.0,17.1,89.0,A
249227000,2019-05-08T04:26:20,39.4565,-75.55882,9.8,137.9,140.0,WARNOW STAR,IMO9509619,9HA4158,70.0,0.0,179.0,28.0,10.0,,B
229208000,2019-05-08T04:26:20,38.87583,-75.08252,10.8,164.0,165.0,HELLAS ENTERPRISE,IMO9397468,9HA3151,80.0,5.0,183.0,32.0,12.9,80.0,B
367730710,2019-05-08T04:26:54,39.01619,-74.95866,0.1,66.6,174.0,GODSPEED,,WDI7643,37.0,,,,,,B
338131000,2019-05-08T04:27:24,38.92665,-75.09749,10.3,-77.3,331.0,GENESIS EAGLE,IMO9117260,WDG9347,31.0,12.0,37.0,11.0,4.9,,B
249227000,2019-05-08T04:28:10,39.45273,-75.55442,10.1,137.6,141.0,WARNOW STAR,IMO9509619,9HA4158,70.0,0.0,179.0,28.0,10.0,,A
229208000,2019-05-08T04:28:10,38.8705,-75.08073,10.4,166.0,165.0,HELLAS ENTERPRISE,IMO9397468,9HA3151,80.0,5.0,183.0,32.0,12.9,80.0,B
367699890,2019-05-08T04:27:35,38.83483,-75.0875,19.7,-51.4,511.0,J P VIRDEN,,WDI4560,,15.0,16.0,,,,B
240463000,2019-05-08T04:28:03,38.94463,-75.17132,0.0,120.0,195.0,BOUBOULINA,IMO9298753,SZIS,80.0,1.0,274.0,50.0,17.0,80.0,A
369235000,2019-05-08T04:27:24,38.91957,-75.13688,0.0,46.6,183.0,OSG VISION,IMO9436537,WDF2493,31.0,1.0,46.0,15.0,6.5,57.0,A
229208000,2019-05-08T04:29:20,38.8673,-75.07968,10.2,165.0,165.0,HELLAS ENTERPRISE,IMO9397468,9HA3151,80.0,5.0,183.0,32.0,12.9,80.0,B
249227000,2019-05-08T04:29:20,39.45011,-75.55176,10.3,142.5,142.0,WARNOW STAR,IMO9509619,9HA4158,70.0,0.0,179.0,28.0,10.0,,B
338131000,2019-05-08T04:28:33,38.92955,-75.09937,10.2,-76.6,331.0,GENESIS EAGLE,IMO9117260,WDG9347,31.0,12.0,37.0,11.0,4.9,,B
367699890,2019-05-08T04:29:29,38.84533,-75.08767,20.2,-59.0,511.0,J P VIRDEN,,WDI4560,,15.0,16.0,,,,B
338447000,2019-05-08T04:29:07,38.93272,-75.14237,0.1,-131.8,182.0,OSG HORIZON,IMO9436549,WDF6180,31.0,1.0,46.0,15.0,6.5,57.0,A
311073800,2019-05-08T04:29:35,38.98919,-75.21386,0.0,116.8,180.0,EURO,IMO9567702,C6AA5,84.0,1.0,274.0,48.0,-11.5,84.0,A
538004030,2019-05-08T04:29:15,38.93205,-75.16166,0.1,75.0,178.0,FRIO,IMO9596985,V7UU3,80.0,1.0,274.0,48.0,17.1,89.0,A
367730710,2019-05-08T04:29:54,39.01621,-74.95867,0.3,-91.8,175.0,GODSPEED,,WDI7643,37.0,,,,,,B
229208000,2019-05-08T04:30:40,38.86372,-75.0785,9.9,165.0,165.0,HELLAS ENTERPRISE,IMO9397468,9HA3151,80.0,5.0,183.0,32.0,12.9,80.0,B
338131000,2019-05-08T04:29:42,38.93245,-75.10127,10.2,-76.9,331.0,GENESIS EAGLE,IMO9117260,WDG9347,31.0,12.0,37.0,11.0,4.9,,B
369235000,2019-05-08T04:30:25,38.91955,-75.13687,0.1,46.6,183.0,OSG VISION,IMO9436537,WDF2493,31.0,1.0,46.0,15.0,6.5,57.0,A
367699890,2019-05-08T04:30:34,38.8515,-75.08833,20.4,-52.9,511.0,J P VIRDEN,,WDI4560,,15.0,16.0,,,,B
249227000,2019-05-08T04:30:21,39.44782,-75.54945,10.5,141.8,142.0,WARNOW STAR,IMO9509619,9HA4158,70.0,0.0,179.0,28.0,10.0,,B
338131000,2019-05-08T04:30:53,38.93538,-75.10316,10.1,-77.1,333.0,GENESIS EAGLE,IMO9117260,WDG9347,31.0,12.0,37.0,11.0,4.9,,B
367699890,2019-05-08T04:31:47,38.85817,-75.08717,20.7,46.9,511.0,J P VIRDEN,,WDI4560,,15.0,16.0,,,,B
249227000,2019-05-08T04:31:31,39.4451,-75.54672,10.6,142.3,142.0,WARNOW STAR,IMO9509619,9HA4158,70.0,0.0,179.0,28.0,10.0,,B
229208000,2019-05-08T04:32:29,38.859,-75.0769,9.4,165.0,165.0,HELLAS ENTERPRISE,IMO9397468,9HA3151,80.0,5.0,183.0,32.0,12.9,80.0,B
240463000,2019-05-08T04:31:04,38.94455,-75.1711,0.0,117.0,199.0,BOUBOULINA,IMO9298753,SZIS,80.0,1.0,274.0,50.0,17.0,80.0,A
338447000,2019-05-08T04:32:07,38.93267,-75.14229,0.1,-131.8,183.0,OSG HORIZON,IMO9436549,WDF6180,31.0,1.0,46.0,15.0,6.5,57.0,A
367699890,2019-05-08T04:33:05,38.85783,-75.07833,18.8,124.4,511.0,J P VIRDEN,,WDI4560,,15.0,16.0,,,,A
367730710,2019-05-08T04:32:54,39.01621,-74.9587,0.2,-90.0,164.0,GODSPEED,,WDI7643,37.0,,,,,,B
338131000,2019-05-08T04:32:04,38.9384,-75.10495,10.2,-73.4,334.0,GENESIS EAGLE,IMO9117260,WDG9347,31.0,12.0,37.0,11.0,4.9,,B
538004030,2019-05-08T04:32:14,38.93205,-75.16152,0.1,96.4,179.0,FRIO,IMO9596985,V7UU3,80.0,1.0,274.0,48.0,17.1,89.0,A
311073800,2019-05-08T04:32:33,38.98916,-75.2138,0.0,127.3,181.0,EURO,IMO9567702,C6AA5,84.0,1.0,274.0,48.0,-11.5,84.0,A
338131000,2019-05-08T04:33:13,38.94139,-75.10664,10.2,-73.3,334.0,GENESIS EAGLE,IMO9117260,WDG9347,31.0,12.0,37.0,11.0,4.9,,B
249227000,2019-05-08T04:33:30,39.44033,-75.54202,10.8,143.0,140.0,WARNOW STAR,IMO9509619,9HA4158,70.0,0.0,179.0,28.0,10.0,,B
367699890,2019-05-08T04:34:34,38.85333,-75.07533,10.2,162.8,511.0,J P VIRDEN,,WDI4560,,15.0,16.0,,,,B
338131000,2019-05-08T04:34:53,38.94572,-75.10902,10.1,-72.7,334.0,GENESIS EAGLE,IMO9117260,WDG9347,31.0,12.0,37.0,11.0,4.9,,B
229208000,2019-05-08T04:34:29,38.85392,-75.07512,9.1,164.0,167.0,HELLAS ENTERPRISE,IMO9397468,9HA3151,80.0,5.0,183.0,32.0,12.9,80.0,B
240463000,2019-05-08T04:34:06,38.9445,-75.17097,0.0,106.0,204.0,BOUBOULINA,IMO9298753,SZIS,80.0,1.0,274.0,50.0,17.0,80.0,A
249227000,2019-05-08T04:34:50,39.43727,-75.53878,10.8,140.3,140.0,WARNOW STAR,IMO9509619,9HA4158,70.0,0.0,179.0,28.0,10.0,,B
369235000,2019-05-08T04:33:25,38.91956,-75.13681,0.0,46.6,185.0,OSG VISION,IMO9436537,WDF2493,31.0,1.0,46.0,15.0,6.5,57.0,A
367699890,2019-05-08T04:35:35,38.851,-75.07467,8.3,171.9,511.0,J P VIRDEN,,WDI4560,,15.0,16.0,,,,B
538004030,2019-05-08T04:35:16,38.93204,-75.16136,0.1,97.4,181.0,FRIO,IMO9596985,V7UU3,80.0,1.0,274.0,48.0,17.1,89.0,A
229208000,2019-05-08T04:35:38,38.85113,-75.07428,8.7,171.0,183.0,HELLAS ENTERPRISE,IMO9397468,9HA3151,80.0,5.0,183.0,32.0,12.9,80.0,B
338131000,2019-05-08T04:36:23,38.94963,-75.11114,10.0,-72.9,333.0,GENESIS EAGLE,IMO9117260,WDG9347,31.0,12.0,37.0,11.0,4.9,,B
249227000,2019-05-08T04:36:30,39.43336,-75.53461,10.8,140.1,140.0,WARNOW STAR,IMO9509619,9HA4158,70.0,0.0,179.0,28.0,10.0,,B
311073800,2019-05-08T04:35:33,38.98915,-75.21372,0.0,117.8,181.0,EURO,IMO9567702,C6AA5,84.0,1.0,274.0,48.0,-11.5,84.0,A
367699890,2019-05-08T04:36:41,38.8485,-75.075,12.6,-173.8,511.0,J P VIRDEN,,WDI4560,,15.0,16.0,,,,B
338447000,2019-05-08T04:35:07,38.93265,-75.14219,0.0,-131.8,187.0,OSG HORIZON,IMO9436549,WDF6180,31.0,1.0,46.0,15.0,6.5,57.0,A
240463000,2019-05-08T04:37:03,38.94445,-75.17078,0.0,106.0,209.0,BOUBOULINA,IMO9298753,SZIS,80.0,1.0,274.0,50.0,17.0,80.0,A
229208000,2019-05-08T04:36:59,38.84807,-75.07453,8.1,189.0,183.0,HELLAS ENTERPRISE,IMO9397468,9HA3151,80.0,5.0,183.0,32.0,12.9,80.0,B
367730710,2019-05-08T04:35:54,39.01619,-74.95873,0.4,-90.0,154.0,GODSPEED,,WDI7643,37.0,,,,,,B
367699890,2019-05-08T04:37:43,38.846,-75.0815,21.2,-159.5,511.0,J P VIRDEN,,WDI4560,,15.0,16.0,,,,B
369235000,2019-05-08T04:36:25,38.91957,-75.13676,0.0,46.6,186.0,OSG VISION,IMO9436537,WDF2493,31.0,1.0,46.0,15.0,6.5,57.0,A
249227000,2019-05-08T04:37:31,39.43104,-75.5321,10.8,140.1,140.0,WARNOW STAR,IMO9509619,9HA4158,70.0,0.0,179.0,28.0,10.0,,B
338131000,2019-05-08T04:37:33,38.9526,-75.1128,9.9,-73.4,333.0,GENESIS EAGLE,IMO9117260,WDG9347,31.0,12.0,37.0,11.0,4.9,,B
338447000,2019-05-08T04:38:07,38.9327,-75.14209,0.0,-131.8,191.0,OSG HORIZON,IMO9436549,WDF6180,31.0,1.0,46.0,15.0,6.5,57.0,A
229208000,2019-05-08T04:38:09,38.84558,-75.07465,7.9,175.0,165.0,HELLAS ENTERPRISE,IMO9397468,9HA3151,80.0,5.0,183.0,32.0,12.9,80.0,B
538004030,2019-05-08T04:38:14,38.93205,-75.16124,0.0,105.6,183.0,FRIO,IMO9596985,V7UU3,80.0,1.0,274.0,48.0,17.1,89.0,A
367699890,2019-05-08T04:39:37,38.841,-75.094,20.7,-167.1,511.0,J P VIRDEN,,WDI4560,,15.0,16.0,,,,B
338131000,2019-05-08T04:38:44,38.95558,-75.11452,9.9,-73.9,332.0,GENESIS EAGLE,IMO9117260,WDG9347,31.0,12.0,37.0,11.0,4.9,,B
249227000,2019-05-08T04:38:40,39.42837,-75.52924,10.8,138.8,138.0,WARNOW STAR,IMO9509619,9HA4158,70.0,0.0,179.0,28.0,10.0,,B
367730710,2019-05-08T04:38:55,39.01619,-74.95873,0.2,-90.0,150.0,GODSPEED,,WDI7643,37.0,,,,,,B
338131000,2019-05-08T04:40:23,38.95967,-75.11688,9.8,-73.7,333.0,GENESIS EAGLE,IMO9117260,WDG9347,31.0,12.0,37.0,11.0,4.9,,A
311073800,2019-05-08T04:38:34,38.9891,-75.21369,0.0,118.9,182.0,EURO,IMO9567702,C6AA5,84.0,1.0,274.0,48.0,-11.5,84.0,A
367699890,2019-05-08T04:40:43,38.838,-75.10133,20.4,-164.3,511.0,J P VIRDEN,,WDI4560,,15.0,16.0,,,,B
249227000,2019-05-08T04:40:40,39.42388,-75.52404,10.8,138.0,138.0,WARNOW STAR,IMO9509619,9HA4158,70.0,0.0,179.0,28.0,10.0,,B
229208000,2019-05-08T04:39:20,38.84313,-75.0737,7.6,156.0,155.0,HELLAS ENTERPRISE,IMO9397468,9HA3151,80.0,5.0,183.0,32.0,12.9,80.0,B
249227000,2019-05-08T04:41:50,39.42123,-75.52094,10.9,137.8,138.0,WARNOW STAR,IMO9509619,9HA4158,70.0,0.0,179.0,28.0,10.0,,B
229208000,2019-05-08T04:41:10,38.8395,-75.0713,7.8,152.0,156.0,HELLAS ENTERPRISE,IMO9397468,9HA3151,80.0,5.0,183.0,32.0,12.9,80.0,B
369235000,2019-05-08T04:39:25,38.91956,-75.1367,0.0,46.6,187.0,OSG VISION,IMO9436537,WDF2493,31.0,1.0,46.0,15.0,6.5,57.0,A
367699890,2019-05-08T04:41:55,38.8335,-75.1085,21.5,-197.2,511.0,J P VIRDEN,,WDI4560,,15.0,16.0,,,,B
369235000,2019-05-08T04:42:24,38.91952,-75.13663,0.1,46.6,189.0,OSG VISION,IMO9436537,WDF2493,31.0,1.0,46.0,15.0,6.5,57.0,A
338131000,2019-05-08T04:41:32,38.96255,-75.11852,9.6,-73.8,333.0,GENESIS EAGLE,IMO9117260,WDG9347,31.0,12.0,37.0,11.0,4.9,,B
338447000,2019-05-08T04:41:06,38.93268,-75.14211,0.0,-131.8,192.0,OSG HORIZON,IMO9436549,WDF6180,31.0,1.0,46.0,15.0,6.5,57.0,A
229208000,2019-05-08T04:42:50,38.83617,-75.06917,8.2,153.0,156.0,HELLAS ENTERPRISE,IMO9397468,9HA3151,80.0,5.0,183.0,32.0,12.9,80.0,B
367730710,2019-05-08T04:41:54,39.01613,-74.95873,0.3,158.3,135.0,GODSPEED,,WDI7643,37.0,,,,,,B
367699890,2019-05-08T04:43:18,38.8255,-75.11083,21.8,188.6,511.0,J P VIRDEN,,WDI4560,,15.0,16.0,,,,B
338131000,2019-05-08T04:42:44,38.96538,-75.12015,9.6,-73.7,333.0,GENESIS EAGLE,IMO9117260,WDG9347,31.0,12.0,37.0,11.0,4.9,,B
240463000,2019-05-08T04:43:06,38.94432,-75.17043,0.0,120.0,220.0,BOUBOULINA,IMO9298753,SZIS,80.0,1.0,274.0,50.0,17.0,80.0,A
367699890,2019-05-08T04:44:19,38.8195,-75.1125,21.5,194.4,511.0,J P VIRDEN,,WDI4560,,15.0,16.0,,,,B
249227000,2019-05-08T04:43:01,39.41861,-75.51788,10.9,137.4,138.0,WARNOW STAR,IMO9509619,9HA4158,70.0,0.0,179.0,28.0,10.0,,B
229208000,2019-05-08T04:44:40,38.83218,-75.06667,8.7,154.0,155.0,HELLAS ENTERPRISE,IMO9397468,9HA3151,80.0,5.0,183.0,32.0,12.9,80.0,B
338131000,2019-05-08T04:43:54,38.96815,-75.12177,9.5,-74.2,333.0,GENESIS EAGLE,IMO9117260,WDG9347,31.0,12.0,37.0,11.0,4.9,,B
538004030,2019-05-08T04:41:16,38.932,-75.16109,0.0,84.2,186.0,FRIO,IMO9596985,V7UU3,80.0,1.0,274.0,48.0,17.1,89.0,A
249227000,2019-05-08T04:45:50,39.41228,-75.51036,10.9,137.3,138.0,WARNOW STAR,IMO9509619,9HA4158,70.0,0.0,179.0,28.0,10.0,,B
338447000,2019-05-08T04:44:07,38.93266,-75.14212,0.0,-131.8,190.0,OSG HORIZON,IMO9436549,WDF6180,31.0,1.0,46.0,15.0,6.5,57.0,A
311073800,2019-05-08T04:41:35,38.98912,-75.21361,0.0,110.1,184.0,EURO,IMO9567702,C6AA5,84.0,1.0,274.0,48.0,-11.5,84.0,A
311073800,2019-05-08T04:44:36,38.98912,-75.21352,0.0,108.0,185.0,EURO,IMO9567702,C6AA5,84.0,1.0,274.0,48.0,-11.5,84.0,A
367730710,2019-05-08T04:44:54,39.01614,-74.95871,0.2,142.2,131.0,GODSPEED,,WDI7643,37.0,,,,,,B
367699890,2019-05-08T04:46:00,38.80983,-75.11533,21.1,196.3,511.0,J P VIRDEN,,WDI4560,,15.0,16.0,,,,B
369235000,2019-05-08T04:45:24,38.91952,-75.13662,0.0,46.6,191.0,OSG VISION,IMO9436537,WDF2493,31.0,1.0,46.0,15.0,6.5,57.0,A
338131000,2019-05-08T04:45:03,38.97094,-75.12336,9.4,-74.3,333.0,GENESIS EAGLE,IMO9117260,WDG9347,31.0,12.0,37.0,11.0,4.9,,B
240463000,2019-05-08T04:46:05,38.94418,-75.17023,0.0,128.0,224.0,BOUBOULINA,IMO9298753,SZIS,80.0,1.0,274.0,50.0,17.0,80.0,A
338131000,2019-05-08T04:46:13,38.97372,-75.12504,9.3,-73.6,334.0,GENESIS EAGLE,IMO9117260,WDG9347,31.0,12.0,37.0,11.0,4.9,,B
249227000,2019-05-08T04:47:50,39.40781,-75.50503,10.9,136.5,138.0,WARNOW STAR,IMO9509619,9HA4158,70.0,0.0,179.0,28.0,10.0,,B
338131000,2019-05-08T04:48:13,38.97845,-75.12769,9.3,-73.4,335.0,GENESIS EAGLE,IMO9117260,WDG9347,31.0,12.0,37.0,11.0,4.9,,B
338447000,2019-05-08T04:47:07,38.93264,-75.14209,0.0,-131.8,190.0,OSG HORIZON,IMO9436549,WDF6180,31.0,1.0,46.0,15.0,6.5,57.0,A
538004030,2019-05-08T04:47:16,38.93201,-75.16088,0.0,129.0,189.0,FRIO,IMO9596985,V7UU3,80.0,1.0,274.0,48.0,17.1,89.0,A
311073800,2019-05-08T04:47:35,38.98911,-75.21345,0.0,121.3,187.0,EURO,IMO9567702,C6AA5,84.0,1.0,274.0,48.0,-11.5,84.0,A
249227000,2019-05-08T04:49:20,39.40442,-75.50101,11.0,137.4,138.0,WARNOW STAR,IMO9509619,9HA4158,70.0,0.0,179.0,28.0,10.0,,B
367730710,2019-05-08T04:47:54,39.01612,-74.95875,0.3,149.4,133.0,GODSPEED,,WDI7643,37.0,,,,,,B
367699890,2019-05-08T04:50:07,38.786,-75.11783,21.8,-199.6,511.0,J P VIRDEN,,WDI4560,,15.0,16.0,,,,B
369235000,2019-05-08T04:48:24,38.91956,-75.13654,0.0,46.6,194.0,OSG VISION,IMO9436537,WDF2493,31.0,1.0,46.0,15.0,6.5,57.0,A
538004030,2019-05-08T04:50:13,38.93198,-75.16082,0.1,141.4,190.0,FRIO,IMO9596985,V7UU3,80.0,1.0,274.0,48.0,17.1,89.0,A
249227000,2019-05-08T04:44:10,39.41604,-75.51484,10.9,137.4,138.0,WARNOW STAR,IMO9509619,9HA4158,70.0,0.0,179.0,28.0,10.0,,B
538004030,2019-05-08T04:44:14,38.93207,-75.16098,0.0,101.7,187.0,FRIO,IMO9596985,V7UU3,80.0,1.0,274.0,48.0,17.1,89.0,A
338131000,2019-05-08T04:49:23,38.9812,-75.12923,9.2,-73.4,335.0,GENESIS EAGLE,IMO9117260,WDG9347,31.0,12.0,37.0,11.0,4.9,,B
240463000,2019-05-08T04:49:05,38.94403,-75.17008,0.0,136.0,228.0,BOUBOULINA,IMO9298753,SZIS,80.0,1.0,274.0,50.0,17.0,80.0,A
338447000,2019-05-08T04:50:06,38.93263,-75.14202,0.0,-131.8,192.0,OSG HORIZON,IMO9436549,WDF6180,31.0,1.0,46.0,15.0,6.5,57.0,A
367699890,2019-05-08T04:48:07,38.79783,-75.11833,21.4,176.0,511.0,J P VIRDEN,,WDI4560,,15.0,16.0,,,,B
311073800,2019-05-08T04:50:35,38.98909,-75.21341,0.0,140.4,187.0,EURO,IMO9567702,C6AA5,84.0,1.0,274.0,48.0,-11.5,84.0,A
338131000,2019-05-08T04:51:13,38.98551,-75.13165,9.2,-73.5,335.0,GENESIS EAGLE,IMO9117260,WDG9347,31.0,12.0,37.0,11.0,4.9,,B
249227000,2019-05-08T04:51:20,39.39988,-75.49559,11.1,137.0,138.0,WARNOW STAR,IMO9509619,9HA4158,70.0,0.0,179.0,28.0,10.0,,B
367730710,2019-05-08T04:50:53,39.01615,-74.95881,0.2,139.5,128.0,GODSPEED,,WDI7643,37.0,,,,,,B
369235000,2019-05-08T04:51:24,38.91955,-75.13652,0.0,46.6,195.0,OSG VISION,IMO9436537,WDF2493,31.0,1.0,46.0,15.0,6.5,57.0,A
240463000,2019-05-08T04:52:05,38.94387,-75.1699,0.0,152.0,231.0,BOUBOULINA,IMO9298753,SZIS,80.0,1.0,274.0,50.0,17.0,80.0,A
249227000,2019-05-08T04:54:09,39.39351,-75.48791,11.0,136.7,138.0,WARNOW STAR,IMO9509619,9HA4158,70.0,0.0,179.0,28.0,10.0,,B
338131000,2019-05-08T04:52:23,38.98821,-75.13315,9.2,-72.4,335.0,GENESIS EAGLE,IMO9117260,WDG9347,31.0,12.0,37.0,11.0,4.9,,A
338447000,2019-05-08T04:53:07,38.93262,-75.14196,0.0,-131.8,196.0,OSG HORIZON,IMO9436549,WDF6180,31.0,1.0,46.0,15.0,6.5,57.0,A
538004030,2019-05-08T04:53:16,38.93193,-75.16076,0.1,132.1,190.0,FRIO,IMO9596985,V7UU3,80.0,1.0,274.0,48.0,17.1,89.0,A
338131000,2019-05-08T04:53:34,38.99103,-75.13478,9.2,-74.2,336.0,GENESIS EAGLE,IMO9117260,WDG9347,31.0,12.0,37.0,11.0,4.9,,B
311073800,2019-05-08T04:53:33,38.98911,-75.21339,0.0,130.6,188.0,EURO,IMO9567702,C6AA5,84.0,1.0,274.0,48.0,-11.5,84.0,A
369235000,2019-05-08T04:54:24,38.9195,-75.1365,0.0,46.6,195.0,OSG VISION,IMO9436537,WDF2493,31.0,1.0,46.0,15.0,6.5,57.0,A
338131000,2019-05-08T04:54:42,38.99373,-75.1362,9.2,-71.7,336.0,GENESIS EAGLE,IMO9117260,WDG9347,31.0,12.0,37.0,11.0,4.9,,B
249227000,2019-05-08T04:56:30,39.38817,-75.48168,11.0,137.7,139.0,WARNOW STAR,IMO9509619,9HA4158,70.0,0.0,179.0,28.0,10.0,,B
240463000,2019-05-08T04:55:05,38.94377,-75.16987,0.0,156.0,233.0,BOUBOULINA,IMO9298753,SZIS,80.0,1.0,274.0,50.0,17.0,80.0,A
338131000,2019-05-08T04:55:43,38.99618,-75.13745,9.3,-71.6,336.0,GENESIS EAGLE,IMO9117260,WDG9347,31.0,12.0,37.0,11.0,4.9,,B
367730710,2019-05-08T04:53:54,39.01614,-74.9588,0.0,140.6,128.0,GODSPEED,,WDI7643,37.0,,,,,,B
538004030,2019-05-08T04:56:14,38.93188,-75.16068,0.1,130.7,191.0,FRIO,IMO9596985,V7UU3,80.0,1.0,274.0,48.0,17.1,89.0,A
249227000,2019-05-08T04:58:09,39.38441,-75.47729,11.0,137.4,139.0,WARNOW STAR,IMO9509619,9HA4158,70.0,0.0,179.0,28.0,10.0,,B
240463000,2019-05-08T04:58:04,38.94362,-75.16982,0.0,159.0,234.0,BOUBOULINA,IMO9298753,SZIS,80.0,1.0,274.0,50.0,17.0,80.0,A
338131000,2019-05-08T04:56:53,38.999,-75.13889,9.3,-71.6,335.0,GENESIS EAGLE,IMO9117260,WDG9347,31.0,12.0,37.0,11.0,4.9,,B
311073800,2019-05-08T04:56:36,38.98904,-75.21333,0.0,127.6,189.0,EURO,IMO9567702,C6AA5,84.0,1.0,274.0,48.0,-11.5,84.0,A
338131000,2019-05-08T04:58:53,39.00379,-75.14151,9.3,-73.2,335.0,GENESIS EAGLE,IMO9117260,WDG9347,31.0,12.0,37.0,11.0,4.9,,B
249227000,2019-05-08T04:59:20,39.3817,-75.47417,11.0,138.7,139.0,WARNOW STAR,IMO9509619,9HA4158,70.0,0.0,179.0,28.0,10.0,,B
369235000,2019-05-08T04:57:25,38.91949,-75.13649,0.0,46.6,196.0,OSG VISION,IMO9436537,WDF2493,31.0,1.0,46.0,15.0,6.5,57.0,A
338447000,2019-05-08T04:59:06,38.93258,-75.1418,0.0,-131.8,200.0,OSG HORIZON,IMO9436549,WDF6180,31.0,1.0,46.0,15.0,6.5,57.0,A
538004030,2019-05-08T04:59:13,38.93183,-75.16058,0.1,114.8,192.0,FRIO,IMO9596985,V7UU3,80.0,1.0,274.0,48.0,17.1,89.0,A
311073800,2019-05-08T04:59:33,38.98903,-75.21329,0.0,124.5,190.0,EURO,IMO9567702,C6AA5,84.0,1.0,274.0,48.0,-11.5,84.0,A
338447000,2019-05-08T04:56:07,38.93263,-75.14188,0.0,-131.8,199.0,OSG HORIZON,IMO9436549,WDF6180,31.0,1.0,46.0,15.0,6.5,57.0,A
249227000,2019-05-08T05:00:00,39.38018,-75.47239,11.0,137.8,139.0,WARNOW STAR,IMO9509619,9HA4158,70.0,0.0,179.0,28.0,10.0,,B
240463000,2019-05-08T05:01:05,38.94345,-75.16978,0.0,148.0,237.0,BOUBOULINA,IMO9298753,SZIS,80.0,1.0,274.0,50.0,17.0,80.0,A
249227000,2019-05-08T05:01:10,39.37754,-75.46935,11.0,138.3,139.0,WARNOW STAR,IMO9509619,9HA4158,70.0,0.0,179.0,28.0,10.0,,B
338131000,2019-05-08T05:01:13,39.00939,-75.14466,9.4,-73.1,335.0,GENESIS EAGLE,IMO9117260,WDG9347,31.0,12.0,37.0,11.0,4.9,,B
338131000,2019-05-08T05:02:23,39.01219,-75.14621,9.4,-72.7,335.0,GENESIS EAGLE,IMO9117260,WDG9347,31.0,12.0,37.0,11.0,4.9,,B
249227000,2019-05-08T05:02:19,39.37484,-75.46629,11.1,139.4,139.0,WARNOW STAR,IMO9509619,9HA4158,70.0,0.0,179.0,28.0,10.0,,B
338447000,2019-05-08T05:02:07,38.93257,-75.14172,0.1,-131.8,200.0,OSG HORIZON,IMO9436549,WDF6180,31.0,1.0,46.0,15.0,6.5,57.0,A
338131000,2019-05-08T05:00:03,39.00658,-75.14307,9.4,-72.6,334.0,GENESIS EAGLE,IMO9117260,WDG9347,31.0,12.0,37.0,11.0,4.9,,B
538004030,2019-05-08T05:02:14,38.93176,-75.16044,0.1,134.1,193.0,FRIO,IMO9596985,V7UU3,80.0,1.0,274.0,48.0,17.1,89.0,A
311073800,2019-05-08T05:02:33,38.98902,-75.21324,0.0,109.9,190.0,EURO,IMO9567702,C6AA5,84.0,1.0,274.0,48.0,-11.5,84.0,A
367730710,2019-05-08T05:02:54,39.01609,-74.95885,0.3,-142.0,122.0,GODSPEED,,WDI7643,37.0,,,,,,B
338131000,2019-05-08T05:03:32,39.01494,-75.14772,9.3,-73.1,335.0,GENESIS EAGLE,IMO9117260,WDG9347,31.0,12.0,37.0,11.0,4.9,,B
369235000,2019-05-08T05:03:24,38.91945,-75.13631,0.1,46.6,199.0,OSG VISION,IMO9436537,WDF2493,31.0,1.0,46.0,15.0,6.5,57.0,A
249227000,2019-05-08T05:03:30,39.37213,-75.46324,11.0,139.0,139.0,WARNOW STAR,IMO9509619,9HA4158,70.0,0.0,179.0,28.0,10.0,,B
249227000,2019-05-08T05:04:39,39.36943,-75.46019,11.0,138.3,139.0,WARNOW STAR,IMO9509619,9HA4158,70.0,0.0,179.0,28.0,10.0,,B
240463000,2019-05-08T05:04:06,38.94332,-75.16973,0.0,143.0,240.0,BOUBOULINA,IMO9298753,SZIS,80.0,1.0,274.0,50.0,17.0,80.0,A
249227000,2019-05-08T05:05:50,39.36669,-75.4571,11.0,139.0,139.0,WARNOW STAR,IMO9509619,9HA4158,70.0,0.0,179.0,28.0,10.0,,B
338447000,2019-05-08T05:05:07,38.9325,-75.14159,0.1,113.7,205.0,OSG HORIZON,IMO9436549,WDF6180,31.0,1.0,46.0,15.0,6.5,57.0,A
311073800,2019-05-08T05:05:34,38.989,-75.21319,0.0,115.0,191.0,EURO,IMO9567702,C6AA5,84.0,1.0,274.0,48.0,-11.5,84.0,A
338131000,2019-05-08T05:05:42,39.02014,-75.15051,9.4,-72.3,335.0,GENESIS EAGLE,IMO9117260,WDG9347,31.0,12.0,37.0,11.0,4.9,,B
338131000,2019-05-08T05:04:33,39.01736,-75.14902,9.4,-72.4,335.0,GENESIS EAGLE,IMO9117260,WDG9347,31.0,12.0,37.0,11.0,4.9,,B
367730710,2019-05-08T05:05:54,39.01598,-74.95885,0.6,-142.0,114.0,GODSPEED,,WDI7643,37.0,,,,,,B
538004030,2019-05-08T05:05:14,38.93168,-75.1603,0.1,127.5,195.0,FRIO,IMO9596985,V7UU3,80.0,1.0,274.0,48.0,17.1,89.0,A
369235000,2019-05-08T05:06:25,38.91938,-75.13616,0.0,128.7,203.0,OSG VISION,IMO9436537,WDF2493,31.0,1.0,46.0,15.0,6.5,57.0,A
338131000,2019-05-08T05:07:03,39.02336,-75.15228,9.3,-72.6,335.0,GENESIS EAGLE,IMO9117260,WDG9347,31.0,12.0,37.0,11.0,4.9,,B
240463000,2019-05-08T05:07:05,38.94322,-75.16965,0.0,152.0,243.0,BOUBOULINA,IMO9298753,SZIS,80.0,1.0,274.0,50.0,17.0,80.0,A
338447000,2019-05-08T05:08:07,38.93245,-75.14144,0.1,115.2,211.0,OSG HORIZON,IMO9436549,WDF6180,31.0,1.0,46.0,15.0,6.5,57.0,A
367100370,2019-05-08T05:08:24,38.78751,-75.11646,24.1,22.2,511.0,LEWES,,WDC9301,50.0,0.0,16.0,5.0,,50.0,B
338131000,2019-05-08T05:08:13,39.02618,-75.15379,9.3,-72.5,335.0,GENESIS EAGLE,IMO9117260,WDG9347,31.0,12.0,37.0,11.0,4.9,,B
249227000,2019-05-08T05:08:20,39.36088,-75.45062,11.0,138.9,139.0,WARNOW STAR,IMO9509619,9HA4158,70.0,0.0,179.0,28.0,10.0,,B
338131000,2019-05-08T05:09:23,39.02895,-75.15533,9.3,-72.5,335.0,GENESIS EAGLE,IMO9117260,WDG9347,31.0,12.0,37.0,11.0,4.9,,B
367100370,2019-05-08T05:09:30,38.79471,-75.11696,24.1,-67.5,511.0,LEWES,,WDC9301,50.0,0.0,16.0,5.0,,50.0,B
249227000,2019-05-08T05:09:39,39.35782,-75.4472,11.1,138.9,139.0,WARNOW STAR,IMO9509619,9HA4158,70.0,0.0,179.0,28.0,10.0,,B
249227000,2019-05-08T05:07:09,39.36364,-75.45369,11.0,138.8,139.0,WARNOW STAR,IMO9509619,9HA4158,70.0,0.0,179.0,28.0,10.0,,B
369235000,2019-05-08T05:09:25,38.91932,-75.13601,0.1,114.1,208.0,OSG VISION,IMO9436537,WDF2493,31.0,1.0,46.0,15.0,6.5,57.0,A
240463000,2019-05-08T05:10:04,38.94315,-75.1696,0.0,148.0,245.0,BOUBOULINA,IMO9298753,SZIS,80.0,1.0,274.0,50.0,17.0,80.0,A
367100370,2019-05-08T05:10:36,38.80181,-75.11956,24.0,-53.5,511.0,LEWES,,WDC9301,50.0,0.0,16.0,5.0,,50.0,B
249227000,2019-05-08T05:10:40,39.35548,-75.44458,11.1,138.9,139.0,WARNOW STAR,IMO9509619,9HA4158,70.0,0.0,179.0,28.0,10.0,,B
338131000,2019-05-08T05:10:32,39.03169,-75.15686,9.3,-72.9,335.0,GENESIS EAGLE,IMO9117260,WDG9347,31.0,12.0,37.0,11.0,4.9,,A
538004030,2019-05-08T05:11:16,38.93141,-75.15999,0.1,122.4,201.0,FRIO,IMO9596985,V7UU3,80.0,1.0,274.0,48.0,17.1,89.0,A
338447000,2019-05-08T05:11:07,38.93241,-75.14133,0.0,120.7,216.0,OSG HORIZON,IMO9436549,WDF6180,31.0,1.0,46.0,15.0,6.5,57.0,A
311073800,2019-05-08T05:11:33,38.98899,-75.21304,0.0,108.1,195.0,EURO,IMO9567702,C6AA5,84.0,1.0,274.0,48.0,-11.5,84.0,A
538004030,2019-05-08T05:08:17,38.93157,-75.16015,0.1,133.7,198.0,FRIO,IMO9596985,V7UU3,80.0,1.0,274.0,48.0,17.1,89.0,A
338131000,2019-05-08T05:12:03,39.03529,-75.15883,9.3,-73.0,335.0,GENESIS EAGLE,IMO9117260,WDG9347,31.0,12.0,37.0,11.0,4.9,,B
367100370,2019-05-08T05:12:48,38.81071,-75.10527,25.0,77.5,511.0,LEWES,,WDC9301,50.0,0.0,16.0,5.0,,50.0,B
311073800,2019-05-08T05:08:35,38.98901,-75.21314,0.0,112.9,193.0,EURO,IMO9567702,C6AA5,84.0,1.0,274.0,48.0,-11.5,84.0,A
369235000,2019-05-08T05:12:25,38.91927,-75.13579,0.2,126.9,215.0,OSG VISION,IMO9436537,WDF2493,31.0,1.0,46.0,15.0,6.5,57.0,A
367100370,2019-05-08T05:11:44,38.80775,-75.11389,24.7,57.3,511.0,LEWES,,WDC9301,50.0,0.0,16.0,5.0,,50.0,B
249227000,2019-05-08T05:11:49,39.35274,-75.44153,11.1,139.0,139.0,WARNOW STAR,IMO9509619,9HA4158,70.0,0.0,179.0,28.0,10.0,,B
240463000,2019-05-08T05:13:04,38.94305,-75.16953,0.0,147.0,249.0,BOUBOULINA,IMO9298753,SZIS,80.0,1.0,274.0,50.0,17.0,80.0,A
338131000,2019-05-08T05:13:13,39.03805,-75.16036,9.3,-73.1,335.0,GENESIS EAGLE,IMO9117260,WDG9347,31.0,12.0,37.0,11.0,4.9,,B
367100370,2019-05-08T05:13:56,38.81144,-75.09538,25.0,86.6,511.0,LEWES,,WDC9301,50.0,0.0,16.0,5.0,,50.0,B
338447000,2019-05-08T05:14:06,38.93236,-75.14126,0.0,140.1,219.0,OSG HORIZON,IMO9436549,WDF6180,31.0,1.0,46.0,15.0,6.5,57.0,A
249227000,2019-05-08T05:14:10,39.34727,-75.43538,11.1,138.0,138.0,WARNOW STAR,IMO9509619,9HA4158,70.0,0.0,179.0,28.0,10.0,,B
311073800,2019-05-08T05:14:34,38.98897,-75.21294,0.0,109.0,197.0,EURO,IMO9567702,C6AA5,84.0,1.0,274.0,48.0,-11.5,84.0,A
249227000,2019-05-08T05:12:59,39.34999,-75.43848,11.1,139.7,139.0,WARNOW STAR,IMO9509619,9HA4158,70.0,0.0,179.0,28.0,10.0,,B
538004030,2019-05-08T05:14:15,38.93135,-75.15978,0.1,115.0,205.0,FRIO,IMO9596985,V7UU3,80.0,1.0,274.0,48.0,17.1,89.0,A
249227000,2019-05-08T05:15:30,39.34413,-75.43178,11.2,138.2,138.0,WARNOW STAR,IMO9509619,9HA4158,70.0,0.0,179.0,28.0,10.0,,B
338131000,2019-05-08T05:14:23,39.04083,-75.16187,9.3,-73.1,335.0,GENESIS EAGLE,IMO9117260,WDG9347,31.0,12.0,37.0,11.0,4.9,,B
369235000,2019-05-08T05:15:24,38.91918,-75.13566,0.1,147.3,223.0,OSG VISION,IMO9436537,WDF2493,31.0,1.0,46.0,15.0,6.5,57.0,A
338131000,2019-05-08T05:15:33,39.04358,-75.16339,9.2,-71.8,336.0,GENESIS EAGLE,IMO9117260,WDG9347,31.0,12.0,37.0,11.0,4.9,,B
240463000,2019-05-08T05:16:05,38.94292,-75.16947,0.0,147.0,254.0,BOUBOULINA,IMO9298753,SZIS,80.0,1.0,274.0,50.0,17.0,80.0,A
338131000,2019-05-08T05:17:02,39.0471,-75.16525,9.2,-72.0,336.0,GENESIS EAGLE,IMO9117260,WDG9347,31.0,12.0,37.0,11.0,4.9,,B
249227000,2019-05-08T05:17:49,39.33879,-75.42559,11.2,137.7,138.0,WARNOW STAR,IMO9509619,9HA4158,70.0,0.0,179.0,28.0,10.0,,B
338447000,2019-05-08T05:17:07,38.93228,-75.14116,0.0,120.4,222.0,OSG HORIZON,IMO9436549,WDF6180,31.0,1.0,46.0,15.0,6.5,57.0,A
538004030,2019-05-08T05:17:14,38.93113,-75.15936,0.4,117.4,208.0,FRIO,IMO9596985,V7UU3,80.0,1.0,274.0,48.0,17.1,89.0,A
338131000,2019-05-08T05:18:23,39.05034,-75.16687,9.2,-71.2,336.0,GENESIS EAGLE,IMO9117260,WDG9347,31.0,12.0,37.0,11.0,4.9,,B
367730710,2019-05-08T05:17:53,39.0158,-74.95848,0.1,74.8,57.0,GODSPEED,,WDI7643,37.0,,,,,,B
369235000,2019-05-08T05:18:25,38.91909,-75.1356,0.0,151.0,227.0,OSG VISION,IMO9436537,WDF2493,31.0,1.0,46.0,15.0,6.5,57.0,A
249227000,2019-05-08T05:16:40,39.34146,-75.42869,11.2,138.2,138.0,WARNOW STAR,IMO9509619,9HA4158,70.0,0.0,179.0,28.0,10.0,,B
249227000,2019-05-08T05:19:09,39.33568,-75.42195,11.1,137.3,138.0,WARNOW STAR,IMO9509619,9HA4158,70.0,0.0,179.0,28.0,10.0,,B
338131000,2019-05-08T05:19:52,39.05392,-75.16868,9.2,-70.6,336.0,GENESIS EAGLE,IMO9117260,WDG9347,31.0,12.0,37.0,11.0,4.9,,B
240463000,2019-05-08T05:19:06,38.94267,-75.16937,0.0,157.0,260.0,BOUBOULINA,IMO9298753,SZIS,80.0,1.0,274.0,50.0,17.0,80.0,A
538004030,2019-05-08T05:20:16,38.93088,-75.15868,0.3,118.6,216.0,FRIO,IMO9596985,V7UU3,80.0,1.0,274.0,48.0,17.1,89.0,A
311073800,2019-05-08T05:17:33,38.98894,-75.21281,0.1,124.5,200.0,EURO,IMO9567702,C6AA5,84.0,1.0,274.0,48.0,-11.5,84.0,A
249227000,2019-05-08T05:20:21,39.33293,-75.41879,11.2,138.6,138.0,WARNOW STAR,IMO9509619,9HA4158,70.0,0.0,179.0,28.0,10.0,,B
338447000,2019-05-08T05:20:07,38.93222,-75.141,0.0,120.3,225.0,OSG HORIZON,IMO9436549,WDF6180,31.0,1.0,46.0,15.0,6.5,57.0,A
311073800,2019-05-08T05:20:34,38.98889,-75.21269,0.0,123.1,203.0,EURO,IMO9567702,C6AA5,84.0,1.0,274.0,48.0,-11.5,84.0,A
249227000,2019-05-08T05:21:39,39.32986,-75.41527,11.2,138.3,138.0,WARNOW STAR,IMO9509619,9HA4158,70.0,0.0,179.0,28.0,10.0,,B
369235000,2019-05-08T05:21:25,38.91906,-75.13561,0.0,151.0,229.0,OSG VISION,IMO9436537,WDF2493,31.0,1.0,46.0,15.0,6.5,57.0,A
338131000,2019-05-08T05:21:13,39.05716,-75.17029,9.2,-71.9,335.0,GENESIS EAGLE,IMO9117260,WDG9347,31.0,12.0,37.0,11.0,4.9,,B
338131000,2019-05-08T05:22:33,39.06032,-75.17198,9.2,-72.3,335.0,GENESIS EAGLE,IMO9117260,WDG9347,31.0,12.0,37.0,11.0,4.9,,A
240463000,2019-05-08T05:22:03,38.94237,-75.16927,0.3,162.0,263.0,BOUBOULINA,IMO9298753,SZIS,80.0,1.0,274.0,50.0,17.0,80.0,A
249227000,2019-05-08T05:23:29,39.32558,-75.4103,11.3,137.6,138.0,WARNOW STAR,IMO9509619,9HA4158,70.0,0.0,179.0,28.0,10.0,,B
338131000,2019-05-08T05:23:43,39.06307,-75.17342,9.2,-72.1,335.0,GENESIS EAGLE,IMO9117260,WDG9347,31.0,12.0,37.0,11.0,4.9,,B
538004030,2019-05-08T05:23:16,38.93054,-75.15804,0.2,125.1,227.0,FRIO,IMO9596985,V7UU3,80.0,1.0,274.0,48.0,17.1,89.0,A
311073800,2019-05-08T05:23:35,38.98885,-75.21255,0.1,101.7,206.0,EURO,IMO9567702,C6AA5,84.0,1.0,274.0,48.0,-11.5,84.0,A
338447000,2019-05-08T05:23:06,38.9321,-75.14087,0.2,140.9,230.0,OSG HORIZON,IMO9436549,WDF6180,31.0,1.0,46.0,15.0,6.5,57.0,A
367730710,2019-05-08T05:23:53,39.01578,-74.95849,0.0,-73.8,57.0,GODSPEED,,WDI7643,37.0,,,,,,B
338131000,2019-05-08T05:24:53,39.06584,-75.17489,9.2,-71.8,335.0,GENESIS EAGLE,IMO9117260,WDG9347,31.0,12.0,37.0,11.0,4.9,,B
249227000,2019-05-08T05:25:29,39.32091,-75.40489,11.2,138.1,138.0,WARNOW STAR,IMO9509619,9HA4158,70.0,0.0,179.0,28.0,10.0,,B
240463000,2019-05-08T05:25:05,38.94207,-75.16922,0.1,174.0,266.0,BOUBOULINA,IMO9298753,SZIS,80.0,1.0,274.0,50.0,17.0,80.0,A
338131000,2019-05-08T05:26:03,39.06857,-75.17633,9.2,-71.9,335.0,GENESIS EAGLE,IMO9117260,WDG9347,31.0,12.0,37.0,11.0,4.9,,B
311073800,2019-05-08T05:26:35,38.98875,-75.21242,0.0,121.9,210.0,EURO,IMO9567702,C6AA5,84.0,1.0,274.0,48.0,-11.5,84.0,A
249227000,2019-05-08T05:27:29,39.31624,-75.39954,11.2,138.0,138.0,WARNOW STAR,IMO9509619,9HA4158,70.0,0.0,179.0,28.0,10.0,,B
367730710,2019-05-08T05:26:54,39.01579,-74.95847,0.0,-73.8,49.0,GODSPEED,,WDI7643,37.0,,,,,,B
338131000,2019-05-08T05:27:13,39.07132,-75.17779,9.2,-72.2,334.0,GENESIS EAGLE,IMO9117260,WDG9347,31.0,12.0,37.0,11.0,4.9,,B
369235000,2019-05-08T05:27:24,38.91904,-75.13559,0.0,151.0,229.0,OSG VISION,IMO9436537,WDF2493,31.0,1.0,46.0,15.0,6.5,57.0,A
338131000,2019-05-08T05:28:23,39.07412,-75.17924,9.2,-71.9,334.0,GENESIS EAGLE,IMO9117260,WDG9347,31.0,12.0,37.0,11.0,4.9,,A
538004030,2019-05-08T05:26:16,38.93012,-75.15743,0.2,139.7,243.0,FRIO,IMO9596985,V7UU3,80.0,1.0,274.0,48.0,17.1,89.0,A
240463000,2019-05-08T05:28:06,38.9417,-75.16925,0.1,183.0,271.0,BOUBOULINA,IMO9298753,SZIS,80.0,1.0,274.0,50.0,17.0,80.0,A
249227000,2019-05-08T05:29:29,39.31159,-75.39414,11.3,137.7,138.0,WARNOW STAR,IMO9509619,9HA4158,70.0,0.0,179.0,28.0,10.0,,B
338131000,2019-05-08T05:29:42,39.07722,-75.18093,9.1,-73.0,334.0,GENESIS EAGLE,IMO9117260,WDG9347,31.0,12.0,37.0,11.0,4.9,,B
338447000,2019-05-08T05:29:06,38.93185,-75.14068,0.1,133.5,243.0,OSG HORIZON,IMO9436549,WDF6180,31.0,1.0,46.0,15.0,6.5,57.0,A
538004030,2019-05-08T05:29:17,38.92966,-75.157,0.1,151.9,259.0,FRIO,IMO9596985,V7UU3,80.0,1.0,274.0,48.0,17.1,89.0,A
311073800,2019-05-08T05:29:35,38.98865,-75.21224,0.0,125.5,213.0,EURO,IMO9567702,C6AA5,84.0,1.0,274.0,48.0,-11.5,84.0,A
367730710,2019-05-08T05:29:54,39.01577,-74.95847,0.1,-73.8,49.0,GODSPEED,,WDI7643,37.0,,,,,,B
249227000,2019-05-08T05:30:40,39.30883,-75.39089,11.3,137.4,138.0,WARNOW STAR,IMO9509619,9HA4158,70.0,0.0,179.0,28.0,10.0,,B
369235000,2019-05-08T05:30:25,38.91904,-75.13557,0.0,151.0,229.0,OSG VISION,IMO9436537,WDF2493,31.0,1.0,46.0,15.0,6.5,57.0,A
538004030,2019-05-08T05:32:17,38.92921,-75.15698,0.1,186.4,270.0,FRIO,IMO9596985,V7UU3,80.0,1.0,274.0,48.0,17.1,89.0,A
240463000,2019-05-08T05:31:04,38.94133,-75.1693,0.1,190.0,277.0,BOUBOULINA,IMO9298753,SZIS,80.0,1.0,274.0,50.0,17.0,80.0,A
338131000,2019-05-08T05:32:13,39.08306,-75.18427,9.1,-71.7,331.0,GENESIS EAGLE,IMO9117260,WDG9347,31.0,12.0,37.0,11.0,4.9,,B
249227000,2019-05-08T05:31:59,39.30575,-75.38728,11.4,138.0,138.0,WARNOW STAR,IMO9509619,9HA4158,70.0,0.0,179.0,28.0,10.0,,B
249227000,2019-05-08T05:33:29,39.3022,-75.38319,11.4,138.4,138.0,WARNOW STAR,IMO9509619,9HA4158,70.0,0.0,179.0,28.0,10.0,,B
338447000,2019-05-08T05:32:07,38.93175,-75.14064,0.1,195.7,247.0,OSG HORIZON,IMO9436549,WDF6180,31.0,1.0,46.0,15.0,6.5,57.0,A
311073800,2019-05-08T05:32:34,38.98854,-75.21202,0.1,127.2,218.0,EURO,IMO9567702,C6AA5,84.0,1.0,274.0,48.0,-11.5,84.0,A
368058330,2019-05-08T05:33:28,39.51979,-75.55115,4.2,197.2,511.0,PURPLE  HAYS,,WDC9127,52.0,0.0,24.0,8.0,3.0,52.0,B
369235000,2019-05-08T05:33:24,38.919,-75.13554,0.1,151.0,231.0,OSG VISION,IMO9436537,WDF2493,31.0,1.0,46.0,15.0,6.5,57.0,A
338131000,2019-05-08T05:34:33,39.0881,-75.18802,9.1,-81.9,325.0,GENESIS EAGLE,IMO9117260,WDG9347,31.0,12.0,37.0,11.0,4.9,,A
249227000,2019-05-08T05:34:49,39.29903,-75.37953,11.4,138.4,138.0,WARNOW STAR,IMO9509619,9HA4158,70.0,0.0,179.0,28.0,10.0,,B
240463000,2019-05-08T05:34:06,38.94095,-75.16942,0.1,191.0,283.0,BOUBOULINA,IMO9298753,SZIS,80.0,1.0,274.0,50.0,17.0,80.0,A
368058330,2019-05-08T05:34:38,39.5185,-75.55162,4.0,196.7,511.0,PURPLE  HAYS,,WDC9127,52.0,0.0,24.0,8.0,3.0,52.0,B
338447000,2019-05-08T05:35:07,38.93165,-75.14064,0.1,195.2,251.0,OSG HORIZON,IMO9436549,WDF6180,31.0,1.0,46.0,15.0,6.5,57.0,A
311073800,2019-05-08T05:35:35,38.98839,-75.21179,0.0,136.7,224.0,EURO,IMO9567702,C6AA5,84.0,1.0,274.0,48.0,-11.5,84.0,A
338131000,2019-05-08T05:30:53,39.07995,-75.18249,9.1,-73.3,334.0,GENESIS EAGLE,IMO9117260,WDG9347,31.0,12.0,37.0,11.0,4.9,,B
367730710,2019-05-08T05:32:54,39.01576,-74.95847,0.1,-73.8,49.0,GODSPEED,,WDI7643,37.0,,,,,,B
338131000,2019-05-08T05:33:22,39.08554,-75.18598,9.0,-80.3,326.0,GENESIS EAGLE,IMO9117260,WDG9347,31.0,12.0,37.0,11.0,4.9,,B
538004030,2019-05-08T05:35:16,38.92892,-75.15714,0.2,198.6,273.0,FRIO,IMO9596985,V7UU3,80.0,1.0,274.0,48.0,17.1,89.0,A
249227000,2019-05-08T05:35:59,39.29624,-75.37635,11.4,139.0,138.0,WARNOW STAR,IMO9509619,9HA4158,70.0,0.0,179.0,28.0,10.0,,B
368058330,2019-05-08T05:36:09,39.51683,-75.55217,4.1,191.4,511.0,PURPLE  HAYS,,WDC9127,52.0,0.0,24.0,8.0,3.0,52.0,B
338131000,2019-05-08T05:36:33,39.09228,-75.19162,9.1,-83.7,324.0,GENESIS EAGLE,IMO9117260,WDG9347,31.0,12.0,37.0,11.0,4.9,,B
367100370,2019-05-08T05:36:54,38.81161,-75.09468,22.0,-139.3,511.0,LEWES,,WDC9301,50.0,0.0,16.0,5.0,,50.0,B
338131000,2019-05-08T05:38:02,39.09536,-75.19436,9.0,-84.4,323.0,GENESIS EAGLE,IMO9117260,WDG9347,31.0,12.0,37.0,11.0,4.9,,B
367100370,2019-05-08T05:37:56,38.8099,-75.1025,22.6,-163.3,511.0,LEWES,,WDC9301,50.0,0.0,16.0,5.0,,50.0,B
367730710,2019-05-08T05:35:55,39.01577,-74.95847,0.1,-73.8,46.0,GODSPEED,,WDI7643,37.0,,,,,,B
249227000,2019-05-08T05:38:49,39.28947,-75.36852,11.6,137.9,138.0,WARNOW STAR,IMO9509619,9HA4158,70.0,0.0,179.0,28.0,10.0,,B
367100370,2019-05-08T05:39:04,38.8074,-75.11099,23.1,-171.8,511.0,LEWES,,WDC9301,50.0,0.0,16.0,5.0,,50.0,B
538004030,2019-05-08T05:38:14,38.92873,-75.15725,0.2,201.5,274.0,FRIO,IMO9596985,V7UU3,80.0,1.0,274.0,48.0,17.1,89.0,A
249227000,2019-05-08T05:37:40,39.29223,-75.37173,11.5,138.2,138.0,WARNOW STAR,IMO9509619,9HA4158,70.0,0.0,179.0,28.0,10.0,,B
368058330,2019-05-08T05:37:47,39.51495,-75.5526,4.2,192.1,511.0,PURPLE  HAYS,,WDC9127,52.0,0.0,24.0,8.0,3.0,52.0,B
367100370,2019-05-08T05:40:08,38.80253,-75.11699,22.9,-184.0,511.0,LEWES,,WDC9301,50.0,0.0,16.0,5.0,,50.0,B
338131000,2019-05-08T05:39:13,39.09779,-75.19647,9.0,-84.7,324.0,GENESIS EAGLE,IMO9117260,WDG9347,31.0,12.0,37.0,11.0,4.9,,B
249227000,2019-05-08T05:40:40,39.28495,-75.36332,11.8,138.1,138.0,WARNOW STAR,IMO9509619,9HA4158,70.0,0.0,179.0,28.0,10.0,,B
369235000,2019-05-08T05:39:25,38.91896,-75.13553,0.0,151.0,234.0,OSG VISION,IMO9436537,WDF2493,31.0,1.0,46.0,15.0,6.5,57.0,A
367100370,2019-05-08T05:41:28,38.79417,-75.11769,24.3,167.7,511.0,LEWES,,WDC9301,50.0,0.0,16.0,5.0,,50.0,B
538004030,2019-05-08T05:41:14,38.92848,-75.15737,0.1,203.7,277.0,FRIO,IMO9596985,V7UU3,80.0,1.0,274.0,48.0,17.1,89.0,A
368058330,2019-05-08T05:40:09,39.51228,-75.55346,4.2,200.7,511.0,PURPLE  HAYS,,WDC9127,52.0,0.0,24.0,8.0,3.0,52.0,B
311073800,2019-05-08T05:38:35,38.98819,-75.21156,0.1,142.6,231.0,EURO,IMO9567702,C6AA5,84.0,1.0,274.0,48.0,-11.5,84.0,A
249227000,2019-05-08T05:41:49,39.28212,-75.36006,11.9,137.8,138.0,WARNOW STAR,IMO9509619,9HA4158,70.0,0.0,179.0,28.0,10.0,,B
338131000,2019-05-08T05:40:23,39.10021,-75.19864,9.1,-84.4,324.0,GENESIS EAGLE,IMO9117260,WDG9347,31.0,12.0,37.0,11.0,4.9,,A
338131000,2019-05-08T05:41:42,39.10291,-75.20099,8.9,-84.9,322.0,GENESIS EAGLE,IMO9117260,WDG9347,31.0,12.0,37.0,11.0,4.9,,B
368058330,2019-05-08T05:42:08,39.51004,-75.55432,4.2,193.7,511.0,PURPLE  HAYS,,WDC9127,52.0,0.0,24.0,8.0,3.0,52.0,B
240463000,2019-05-08T05:40:06,38.94023,-75.16963,0.0,195.0,297.0,BOUBOULINA,IMO9298753,SZIS,80.0,1.0,274.0,50.0,17.0,80.0,A
367100370,2019-05-08T05:42:32,38.78724,-75.1171,24.3,204.0,511.0,LEWES,,WDC9301,50.0,0.0,16.0,5.0,,50.0,B
367699890,2019-05-08T05:42:43,38.78483,-75.11767,22.5,47.8,511.0,J P VIRDEN,,WDI4560,,15.0,16.0,,,,A
338447000,2019-05-08T05:41:07,38.93151,-75.14055,0.1,160.7,256.0,OSG HORIZON,IMO9436549,WDF6180,31.0,1.0,46.0,15.0,6.5,57.0,A
338447000,2019-05-08T05:38:06,38.93158,-75.1406,0.1,188.9,254.0,OSG HORIZON,IMO9436549,WDF6180,31.0,1.0,46.0,15.0,6.5,57.0,A
311073800,2019-05-08T05:41:33,38.98796,-75.21137,0.1,152.3,237.0,EURO,IMO9567702,C6AA5,84.0,1.0,274.0,48.0,-11.5,84.0,A
249227000,2019-05-08T05:43:10,39.27875,-75.35616,12.1,138.2,138.0,WARNOW STAR,IMO9509619,9HA4158,70.0,0.0,179.0,28.0,10.0,,B
369235000,2019-05-08T05:42:25,38.91889,-75.1355,0.1,151.0,235.0,OSG VISION,IMO9436537,WDF2493,31.0,1.0,46.0,15.0,6.5,57.0,A
338131000,2019-05-08T05:42:54,39.10524,-75.20319,8.8,-85.5,323.0,GENESIS EAGLE,IMO9117260,WDG9347,31.0,12.0,37.0,11.0,4.9,,B
367699890,2019-05-08T05:44:01,38.7925,-75.11633,22.9,-60.5,511.0,J P VIRDEN,,WDI4560,,15.0,16.0,,,,B
240463000,2019-05-08T05:43:04,38.94003,-75.16973,0.0,198.0,305.0,BOUBOULINA,IMO9298753,SZIS,80.0,1.0,274.0,50.0,17.0,80.0,A
367730710,2019-05-08T05:38:55,39.01576,-74.95849,0.1,-194.7,47.0,GODSPEED,,WDI7643,37.0,,,,,,B
368058330,2019-05-08T05:38:59,39.51358,-75.55301,4.2,195.7,511.0,PURPLE  HAYS,,WDC9127,52.0,0.0,24.0,8.0,3.0,52.0,B
368058330,2019-05-08T05:43:18,39.5087,-75.55472,4.3,194.4,511.0,PURPLE  HAYS,,WDC9127,52.0,0.0,24.0,8.0,3.0,52.0,B
338131000,2019-05-08T05:44:42,39.10881,-75.20667,8.8,-86.2,323.0,GENESIS EAGLE,IMO9117260,WDG9347,31.0,12.0,37.0,11.0,4.9,,B
338447000,2019-05-08T05:44:07,38.93142,-75.14052,0.0,160.7,259.0,OSG HORIZON,IMO9436549,WDF6180,31.0,1.0,46.0,15.0,6.5,57.0,A
368058330,2019-05-08T05:45:38,39.50597,-75.55565,4.4,196.8,511.0,PURPLE  HAYS,,WDC9127,52.0,0.0,24.0,8.0,3.0,52.0,B
367699890,2019-05-08T05:45:43,38.803,-75.11767,23.6,31.3,511.0,J P VIRDEN,,WDI4560,,15.0,16.0,,,,A
249227000,2019-05-08T05:44:20,39.27586,-75.35279,12.2,137.8,138.0,WARNOW STAR,IMO9509619,9HA4158,70.0,0.0,179.0,28.0,10.0,,B
249227000,2019-05-08T05:45:49,39.27205,-75.34835,12.3,137.9,138.0,WARNOW STAR,IMO9509619,9HA4158,70.0,0.0,179.0,28.0,10.0,,B
367730710,2019-05-08T05:44:55,39.01578,-74.95845,0.1,194.7,44.0,GODSPEED,,WDI7643,37.0,,,,,,B
311073800,2019-05-08T05:44:34,38.98774,-75.21123,0.1,160.2,241.0,EURO,IMO9567702,C6AA5,84.0,1.0,274.0,48.0,-11.5,84.0,A
311073800,2019-05-08T05:47:33,38.98752,-75.21116,0.2,167.4,245.0,EURO,IMO9567702,C6AA5,84.0,1.0,274.0,48.0,-11.5,84.0,A
369235000,2019-05-08T05:45:25,38.91886,-75.13541,0.0,151.0,236.0,OSG VISION,IMO9436537,WDF2493,31.0,1.0,46.0,15.0,6.5,57.0,A
338131000,2019-05-08T05:45:54,39.11116,-75.20877,8.8,-84.4,324.0,GENESIS EAGLE,IMO9117260,WDG9347,31.0,12.0,37.0,11.0,4.9,,B
368058330,2019-05-08T05:47:38,39.50355,-75.55667,4.5,200.7,511.0,PURPLE  HAYS,,WDC9127,52.0,0.0,24.0,8.0,3.0,52.0,B
240463000,2019-05-08T05:46:06,38.93983,-75.16985,0.0,-203.6,312.0,BOUBOULINA,IMO9298753,SZIS,80.0,1.0,274.0,50.0,17.0,80.0,A
367699890,2019-05-08T05:46:45,38.80683,-75.11033,23.9,60.3,511.0,J P VIRDEN,,WDI4560,,15.0,16.0,,,,B
338447000,2019-05-08T05:47:06,38.93136,-75.14044,0.1,153.9,261.0,OSG HORIZON,IMO9436549,WDF6180,31.0,1.0,46.0,15.0,6.5,57.0,A
338131000,2019-05-08T05:47:02,39.11346,-75.21078,8.7,-84.4,323.0,GENESIS EAGLE,IMO9117260,WDG9347,31.0,12.0,37.0,11.0,4.9,,B
538004030,2019-05-08T05:47:16,38.92796,-75.15772,0.0,203.2,290.0,FRIO,IMO9596985,V7UU3,80.0,1.0,274.0,48.0,17.1,89.0,A
367730710,2019-05-08T05:47:54,39.01578,-74.95845,0.1,195.1,43.0,GODSPEED,,WDI7643,37.0,,,,,,B
538004030,2019-05-08T05:44:17,38.9282,-75.15757,0.1,202.9,284.0,FRIO,IMO9596985,V7UU3,80.0,1.0,274.0,48.0,17.1,89.0,A
249227000,2019-05-08T05:48:19,39.26566,-75.34087,12.4,138.0,138.0,WARNOW STAR,IMO9509619,9HA4158,70.0,0.0,179.0,28.0,10.0,,A
367699890,2019-05-08T05:48:19,38.81117,-75.09833,24.2,74.4,511.0,J P VIRDEN,,WDI4560,,15.0,16.0,,,,B
367699890,2019-05-08T05:49:33,38.81083,-75.088,24.0,111.0,511.0,J P VIRDEN,,WDI4560,,15.0,16.0,,,,B
369235000,2019-05-08T05:48:25,38.91878,-75.13531,0.2,158.5,239.0,OSG VISION,IMO9436537,WDF2493,31.0,1.0,46.0,15.0,6.5,57.0,A
338131000,2019-05-08T05:48:13,39.11589,-75.21289,8.7,-84.9,323.0,GENESIS EAGLE,IMO9117260,WDG9347,31.0,12.0,37.0,11.0,4.9,,B
249227000,2019-05-08T05:50:00,39.26137,-75.33584,12.3,138.1,138.0,WARNOW STAR,IMO9509619,9HA4158,70.0,0.0,179.0,28.0,10.0,,B
338131000,2019-05-08T05:49:22,39.11823,-75.21497,8.7,-84.7,324.0,GENESIS EAGLE,IMO9117260,WDG9347,31.0,12.0,37.0,11.0,4.9,,B
368058330,2019-05-08T05:48:58,39.50199,-75.55744,4.4,199.4,511.0,PURPLE  HAYS,,WDC9127,52.0,0.0,24.0,8.0,3.0,52.0,B
338447000,2019-05-08T05:50:06,38.93126,-75.14041,0.0,153.9,264.0,OSG HORIZON,IMO9436549,WDF6180,31.0,1.0,46.0,15.0,6.5,57.0,A
240463000,2019-05-08T05:49:03,38.93972,-75.16995,0.0,-202.6,317.0,BOUBOULINA,IMO9298753,SZIS,80.0,1.0,274.0,50.0,17.0,80.0,A
368058330,2019-05-08T05:50:08,39.5006,-75.55801,4.5,197.5,511.0,PURPLE  HAYS,,WDC9127,52.0,0.0,24.0,8.0,3.0,52.0,B
311073800,2019-05-08T05:50:33,38.98729,-75.21112,0.1,170.1,248.0,EURO,IMO9567702,C6AA5,84.0,1.0,274.0,48.0,-11.5,84.0,A
538004030,2019-05-08T05:50:17,38.92773,-75.15785,0.0,202.4,297.0,FRIO,IMO9596985,V7UU3,80.0,1.0,274.0,48.0,17.1,89.0,A
249227000,2019-05-08T05:52:00,39.2562,-75.33003,12.3,139.5,139.0,WARNOW STAR,IMO9509619,9HA4158,70.0,0.0,179.0,28.0,10.0,,B
338131000,2019-05-08T05:52:43,39.12479,-75.22091,8.7,-84.5,324.0,GENESIS EAGLE,IMO9117260,WDG9347,31.0,12.0,37.0,11.0,4.9,,B
269021000,2019-05-08T05:52:48,38.83327,-75.06712,7.9,-76.6,330.0,THORCO BASILISK,IMO9539377,HBLG,70.0,0.0,161.0,25.0,8.6,,A
367730710,2019-05-08T05:50:54,39.01573,-74.95845,0.2,-83.2,41.0,GODSPEED,,WDI7643,37.0,,,,,,B
368058330,2019-05-08T05:51:19,39.49919,-75.5585,4.4,195.5,511.0,PURPLE  HAYS,,WDC9127,52.0,0.0,24.0,8.0,3.0,52.0,B
368058330,2019-05-08T05:53:28,39.49662,-75.55941,4.4,196.0,511.0,PURPLE  HAYS,,WDC9127,52.0,0.0,24.0,8.0,3.0,52.0,B
369235000,2019-05-08T05:51:24,38.91866,-75.13521,0.2,155.5,244.0,OSG VISION,IMO9436537,WDF2493,31.0,1.0,46.0,15.0,6.5,57.0,A
240463000,2019-05-08T05:52:05,38.93967,-75.16998,0.0,195.0,319.0,BOUBOULINA,IMO9298753,SZIS,80.0,1.0,274.0,50.0,17.0,80.0,A
338131000,2019-05-08T05:50:44,39.12087,-75.21739,8.7,-84.2,324.0,GENESIS EAGLE,IMO9117260,WDG9347,31.0,12.0,37.0,11.0,4.9,,B
269021000,2019-05-08T05:54:41,38.83693,-75.06943,7.7,-75.6,330.0,THORCO BASILISK,IMO9539377,HBLG,70.0,0.0,161.0,25.0,8.6,,B
249227000,2019-05-08T05:54:39,39.2493,-75.32242,12.3,137.7,138.0,WARNOW STAR,IMO9509619,9HA4158,70.0,0.0,179.0,28.0,10.0,,B
368058330,2019-05-08T05:54:48,39.49501,-75.56002,4.5,195.6,511.0,PURPLE  HAYS,,WDC9127,52.0,0.0,24.0,8.0,3.0,52.0,B
538004030,2019-05-08T05:53:16,38.92757,-75.15796,0.0,198.2,302.0,FRIO,IMO9596985,V7UU3,80.0,1.0,274.0,48.0,17.1,89.0,A
338131000,2019-05-08T05:55:32,39.13037,-75.22599,8.6,-85.0,324.0,GENESIS EAGLE,IMO9117260,WDG9347,31.0,12.0,37.0,11.0,4.9,,B
311073800,2019-05-08T05:53:36,38.98707,-75.21107,0.1,174.3,252.0,EURO,IMO9567702,C6AA5,84.0,1.0,274.0,48.0,-11.5,84.0,A
369235000,2019-05-08T05:54:25,38.91852,-75.13512,0.2,175.6,251.0,OSG VISION,IMO9436537,WDF2493,31.0,1.0,46.0,15.0,6.5,57.0,A
338131000,2019-05-08T05:54:03,39.12745,-75.22332,8.7,-84.5,324.0,GENESIS EAGLE,IMO9117260,WDG9347,31.0,12.0,37.0,11.0,4.9,,B
338131000,2019-05-08T05:56:43,39.13284,-75.2281,8.6,-85.2,324.0,GENESIS EAGLE,IMO9117260,WDG9347,31.0,12.0,37.0,11.0,4.9,,B
240463000,2019-05-08T05:55:05,38.93967,-75.17007,0.0,193.0,321.0,BOUBOULINA,IMO9298753,SZIS,80.0,1.0,274.0,50.0,17.0,80.0,A
368058330,2019-05-08T05:56:28,39.49297,-75.56086,4.6,199.5,511.0,PURPLE  HAYS,,WDC9127,52.0,0.0,24.0,8.0,3.0,52.0,B
338447000,2019-05-08T05:53:06,38.9312,-75.14039,0.0,185.4,266.0,OSG HORIZON,IMO9436549,WDF6180,31.0,1.0,46.0,15.0,6.5,57.0,A
269021000,2019-05-08T05:57:35,38.8425,-75.07283,7.5,-72.6,330.0,THORCO BASILISK,IMO9539377,HBLG,70.0,0.0,161.0,25.0,8.6,,A
249227000,2019-05-08T05:57:50,39.24113,-75.31291,12.5,137.9,138.0,WARNOW STAR,IMO9509619,9HA4158,70.0,0.0,179.0,28.0,10.0,,B
338447000,2019-05-08T05:56:07,38.93114,-75.1404,0.1,185.4,267.0,OSG HORIZON,IMO9436549,WDF6180,31.0,1.0,46.0,15.0,6.5,57.0,A
249227000,2019-05-08T05:55:40,39.2467,-75.31941,12.4,138.3,138.0,WARNOW STAR,IMO9509619,9HA4158,70.0,0.0,179.0,28.0,10.0,,B
338131000,2019-05-08T05:58:33,39.13634,-75.23132,8.6,-85.2,324.0,GENESIS EAGLE,IMO9117260,WDG9347,31.0,12.0,37.0,11.0,4.9,,A
311073800,2019-05-08T05:56:34,38.98685,-75.21101,0.2,173.8,257.0,EURO,IMO9567702,C6AA5,84.0,1.0,274.0,48.0,-11.5,84.0,A
269021000,2019-05-08T05:56:11,38.83983,-75.07117,7.6,-75.6,330.0,THORCO BASILISK,IMO9539377,HBLG,70.0,0.0,161.0,25.0,8.6,,B
538004030,2019-05-08T05:56:14,38.92745,-75.15801,0.1,186.4,307.0,FRIO,IMO9596985,V7UU3,80.0,1.0,274.0,48.0,17.1,89.0,A
338131000,2019-05-08T05:59:42,39.13867,-75.23341,8.6,-85.8,324.0,GENESIS EAGLE,IMO9117260,WDG9347,31.0,12.0,37.0,11.0,4.9,,B
368058330,2019-05-08T05:57:39,39.49152,-75.56151,4.7,197.5,511.0,PURPLE  HAYS,,WDC9127,52.0,0.0,24.0,8.0,3.0,52.0,B
249227000,2019-05-08T05:59:40,39.23636,-75.30741,12.6,137.9,138.0,WARNOW STAR,IMO9509619,9HA4158,70.0,0.0,179.0,28.0,10.0,,B
338447000,2019-05-08T05:59:06,38.93109,-75.14036,0.0,185.4,269.0,OSG HORIZON,IMO9436549,WDF6180,31.0,1.0,46.0,15.0,6.5,57.0,A
368058330,2019-05-08T05:58:48,39.49008,-75.56201,4.7,193.8,511.0,PURPLE  HAYS,,WDC9127,52.0,0.0,24.0,8.0,3.0,52.0,B
311073800,2019-05-08T05:59:34,38.98661,-75.21097,0.1,175.5,263.0,EURO,IMO9567702,C6AA5,84.0,1.0,274.0,48.0,-11.5,84.0,A
269021000,2019-05-08T05:59:39,38.84633,-75.07517,7.2,-76.6,330.0,THORCO BASILISK,IMO9539377,HBLG,70.0,0.0,161.0,25.0,8.6,,A
368058330,2019-05-08T06:00:09,39.48838,-75.56256,4.6,190.2,511.0,PURPLE  HAYS,,WDC9127,52.0,0.0,24.0,8.0,3.0,52.0,B
269021000,2019-05-08T06:00:01,38.847,-75.07555,6.9,-76.6,330.0,THORCO BASILISK,IMO9539377,HBLG,70.0,0.0,161.0,25.0,8.6,,B
249227000,2019-05-08T06:00:03,39.23542,-75.30627,12.6,136.7,142.0,WARNOW STAR,IMO9509619,9HA4158,70.0,0.0,179.0,28.0,10.0,,A
368058330,2019-05-08T05:59:58,39.48859,-75.56251,4.6,191.3,511.0,PURPLE  HAYS,,WDC9127,52.0,0.0,24.0,8.0,3.0,52.0,B
338131000,2019-05-08T06:00:04,39.13933,-75.23406,8.6,-86.2,324.0,GENESIS EAGLE,IMO9117260,WDG9347,31.0,12.0,37.0,11.0,4.9,,B
538004030,2019-05-08T05:59:17,38.92737,-75.15801,0.1,172.0,310.0,FRIO,IMO9596985,V7UU3,80.0,1.0,274.0,48.0,17.1,89.0,A
369235000,2019-05-08T05:57:25,38.91837,-75.13508,0.1,181.2,256.0,OSG VISION,IMO9436537,WDF2493,31.0,1.0,46.0,15.0,6.5,57.0,A
269021000,2019-05-08T05:58:38,38.8445,-75.074,7.5,-75.6,330.0,THORCO BASILISK,IMO9539377,HBLG,70.0,0.0,161.0,25.0,8.6,,A
369235000,2019-05-08T06:00:25,38.91827,-75.13505,0.0,182.1,261.0,OSG VISION,IMO9436537,WDF2493,31.0,1.0,46.0,15.0,6.5,57.0,A
240463000,2019-05-08T06:01:02,38.93962,-75.17,0.0,193.0,324.0,BOUBOULINA,IMO9298753,SZIS,80.0,1.0,274.0,50.0,17.0,80.0,A
249227000,2019-05-08T06:01:09,39.23227,-75.30348,12.5,151.3,152.0,WARNOW STAR,IMO9509619,9HA4158,70.0,0.0,179.0,28.0,10.0,,B
269021000,2019-05-08T06:01:11,38.84883,-75.07667,6.0,-74.6,330.0,THORCO BASILISK,IMO9539377,HBLG,70.0,0.0,161.0,25.0,8.6,,B
338131000,2019-05-08T06:01:13,39.14163,-75.23619,8.6,-85.2,324.0,GENESIS EAGLE,IMO9117260,WDG9347,31.0,12.0,37.0,11.0,4.9,,B
368058330,2019-05-08T06:01:18,39.48688,-75.56273,4.8,183.8,511.0,PURPLE  HAYS,,WDC9127,52.0,0.0,24.0,8.0,3.0,52.0,B
538004030,2019-05-08T06:02:16,38.92734,-75.15797,0.1,144.9,312.0,FRIO,IMO9596985,V7UU3,80.0,1.0,274.0,48.0,17.1,89.0,A
338131000,2019-05-08T06:02:23,39.14389,-75.23831,8.6,-85.7,325.0,GENESIS EAGLE,IMO9117260,WDG9347,31.0,12.0,37.0,11.0,4.9,,B
338447000,2019-05-08T06:02:07,38.93099,-75.1403,0.1,185.4,270.0,OSG HORIZON,IMO9436549,WDF6180,31.0,1.0,46.0,15.0,6.5,57.0,A
249227000,2019-05-08T06:02:10,39.22907,-75.30133,12.5,152.3,152.0,WARNOW STAR,IMO9509619,9HA4158,70.0,0.0,179.0,28.0,10.0,,B
269021000,2019-05-08T06:02:12,38.85033,-75.0775,5.3,-75.6,330.0,THORCO BASILISK,IMO9539377,HBLG,70.0,0.0,161.0,25.0,8.6,,A
269021000,2019-05-08T06:03:22,38.85183,-75.07833,4.8,-73.6,331.0,THORCO BASILISK,IMO9539377,HBLG,70.0,0.0,161.0,25.0,8.6,,B
311073800,2019-05-08T06:02:32,38.98636,-75.21098,0.1,179.6,268.0,EURO,IMO9567702,C6AA5,84.0,1.0,274.0,48.0,-11.5,84.0,A
369235000,2019-05-08T06:03:25,38.91816,-75.13501,0.1,182.1,264.0,OSG VISION,IMO9436537,WDF2493,31.0,1.0,46.0,15.0,6.5,57.0,A
338131000,2019-05-08T06:03:33,39.14621,-75.24034,8.6,-84.8,326.0,GENESIS EAGLE,IMO9117260,WDG9347,31.0,12.0,37.0,11.0,4.9,,B
249227000,2019-05-08T06:03:16,39.22567,-75.29901,12.6,151.3,153.0,WARNOW STAR,IMO9509619,9HA4158,70.0,0.0,179.0,28.0,10.0,,A
368058330,2019-05-08T06:02:29,39.48528,-75.5629,5.0,182.2,511.0,PURPLE  HAYS,,WDC9127,52.0,0.0,24.0,8.0,3.0,52.0,B
240463000,2019-05-08T06:04:03,38.93962,-75.17,0.0,193.0,325.0,BOUBOULINA,IMO9298753,SZIS,80.0,1.0,274.0,50.0,17.0,80.0,A
249227000,2019-05-08T06:04:20,39.22229,-75.29694,12.6,156.5,157.0,WARNOW STAR,IMO9509619,9HA4158,70.0,0.0,179.0,28.0,10.0,,B
269021000,2019-05-08T06:04:32,38.85332,-75.07924,5.5,-76.6,330.0,THORCO BASILISK,IMO9539377,HBLG,70.0,0.0,161.0,25.0,8.6,,B
338131000,2019-05-08T06:04:53,39.14882,-75.2427,8.7,-84.8,326.0,GENESIS EAGLE,IMO9117260,WDG9347,31.0,12.0,37.0,11.0,4.9,,B
338447000,2019-05-08T06:05:07,38.93091,-75.14025,0.1,185.4,272.0,OSG HORIZON,IMO9436549,WDF6180,31.0,1.0,46.0,15.0,6.5,57.0,A
368058330,2019-05-08T06:04:49,39.48211,-75.56312,5.0,183.0,511.0,PURPLE  HAYS,,WDC9127,52.0,0.0,24.0,8.0,3.0,52.0,B
538004030,2019-05-08T06:05:16,38.92727,-75.15797,0.1,175.2,311.0,FRIO,IMO9596985,V7UU3,80.0,1.0,274.0,48.0,17.1,89.0,A
368058330,2019-05-08T06:03:39,39.48368,-75.56305,5.0,182.8,511.0,PURPLE  HAYS,,WDC9127,52.0,0.0,24.0,8.0,3.0,52.0,B
311073800,2019-05-08T06:05:34,38.98612,-75.21101,0.2,184.5,271.0,EURO,IMO9567702,C6AA5,84.0,1.0,274.0,48.0,-11.5,84.0,A
249227000,2019-05-08T06:05:29,39.21856,-75.2949,12.7,157.3,157.0,WARNOW STAR,IMO9509619,9HA4158,70.0,0.0,179.0,28.0,10.0,,B
269021000,2019-05-08T06:05:42,38.85505,-75.08023,6.0,-71.6,330.0,THORCO BASILISK,IMO9539377,HBLG,70.0,0.0,161.0,25.0,8.6,,B
338131000,2019-05-08T06:06:02,39.15105,-75.24472,8.7,-83.6,327.0,GENESIS EAGLE,IMO9117260,WDG9347,31.0,12.0,37.0,11.0,4.9,,B
249227000,2019-05-08T06:06:51,39.21415,-75.29252,12.7,157.3,157.0,WARNOW STAR,IMO9509619,9HA4158,70.0,0.0,179.0,28.0,10.0,,B
368058330,2019-05-08T06:05:58,39.48054,-75.56313,5.0,181.6,511.0,PURPLE  HAYS,,WDC9127,52.0,0.0,24.0,8.0,3.0,52.0,B
269021000,2019-05-08T06:06:55,38.857,-75.08133,6.3,-77.6,330.0,THORCO BASILISK,IMO9539377,HBLG,70.0,0.0,161.0,25.0,8.6,,A
240463000,2019-05-08T06:07:06,38.93965,-75.17002,0.0,193.0,326.0,BOUBOULINA,IMO9298753,SZIS,80.0,1.0,274.0,50.0,17.0,80.0,A
338131000,2019-05-08T06:07:13,39.15349,-75.2468,8.7,-83.1,327.0,GENESIS EAGLE,IMO9117260,WDG9347,31.0,12.0,37.0,11.0,4.9,,B
249227000,2019-05-08T06:07:59,39.21043,-75.29049,12.8,156.1,156.0,WARNOW STAR,IMO9509619,9HA4158,70.0,0.0,179.0,28.0,10.0,,B
338447000,2019-05-08T06:08:07,38.93082,-75.14021,0.1,185.4,273.0,OSG HORIZON,IMO9436549,WDF6180,31.0,1.0,46.0,15.0,6.5,57.0,A
269021000,2019-05-08T06:08:12,38.859,-75.08267,6.4,-82.6,325.0,THORCO BASILISK,IMO9539377,HBLG,70.0,0.0,161.0,25.0,8.6,,B
338131000,2019-05-08T06:08:22,39.15581,-75.24876,8.7,-83.1,327.0,GENESIS EAGLE,IMO9117260,WDG9347,31.0,12.0,37.0,11.0,4.9,,B
311073800,2019-05-08T06:08:35,38.98589,-75.211,0.1,181.2,276.0,EURO,IMO9567702,C6AA5,84.0,1.0,274.0,48.0,-11.5,84.0,A
368058330,2019-05-08T06:08:07,39.47749,-75.56307,5.2,180.3,511.0,PURPLE  HAYS,,WDC9127,52.0,0.0,24.0,8.0,3.0,52.0,B
538004030,2019-05-08T06:08:13,38.92723,-75.15801,0.1,200.0,311.0,FRIO,IMO9596985,V7UU3,80.0,1.0,274.0,48.0,17.1,89.0,A
367730710,2019-05-08T06:08:55,39.01573,-74.95843,0.2,142.4,39.0,GODSPEED,,WDI7643,37.0,,,,,,B
249227000,2019-05-08T06:09:00,39.2071,-75.28861,12.9,156.0,156.0,WARNOW STAR,IMO9509619,9HA4158,70.0,0.0,179.0,28.0,10.0,,B
269021000,2019-05-08T06:09:21,38.86083,-75.084,6.6,-79.6,325.0,THORCO BASILISK,IMO9539377,HBLG,70.0,0.0,161.0,25.0,8.6,,B
368058330,2019-05-08T06:09:19,39.47576,-75.56306,5.2,181.2,511.0,PURPLE  HAYS,,WDC9127,52.0,0.0,24.0,8.0,3.0,52.0,B
369235000,2019-05-08T06:09:24,38.91795,-75.13486,0.1,125.7,269.0,OSG VISION,IMO9436537,WDF2493,31.0,1.0,46.0,15.0,6.5,57.0,A
338131000,2019-05-08T06:09:33,39.15823,-75.25084,8.7,-83.8,326.0,GENESIS EAGLE,IMO9117260,WDG9347,31.0,12.0,37.0,11.0,4.9,,B
249227000,2019-05-08T06:10:10,39.20325,-75.28644,13.0,156.6,156.0,WARNOW STAR,IMO9509619,9HA4158,70.0,0.0,179.0,28.0,10.0,,B
240463000,2019-05-08T06:10:06,38.93967,-75.16998,0.0,193.0,327.0,BOUBOULINA,IMO9298753,SZIS,80.0,1.0,274.0,50.0,17.0,80.0,A
269021000,2019-05-08T06:10:28,38.86267,-75.08533,6.1,-86.6,320.0,THORCO BASILISK,IMO9539377,HBLG,70.0,0.0,161.0,25.0,8.6,,A
368058330,2019-05-08T06:10:28,39.47407,-75.56304,5.2,178.2,511.0,PURPLE  HAYS,,WDC9127,52.0,0.0,24.0,8.0,3.0,52.0,B
368058330,2019-05-08T06:06:59,39.47915,-75.56311,5.1,177.2,511.0,PURPLE  HAYS,,WDC9127,52.0,0.0,24.0,8.0,3.0,52.0,B
338131000,2019-05-08T06:10:42,39.16056,-75.2528,8.7,-83.4,326.0,GENESIS EAGLE,IMO9117260,WDG9347,31.0,12.0,37.0,11.0,4.9,,B
338447000,2019-05-08T06:11:07,38.93069,-75.14019,0.2,179.6,275.0,OSG HORIZON,IMO9436549,WDF6180,31.0,1.0,46.0,15.0,6.5,57.0,A
538004030,2019-05-08T06:11:14,38.92716,-75.15811,0.1,-195.5,312.0,FRIO,IMO9596985,V7UU3,80.0,1.0,274.0,48.0,17.1,89.0,A
249227000,2019-05-08T06:11:20,39.1993,-75.28424,13.1,157.0,155.0,WARNOW STAR,IMO9509619,9HA4158,70.0,0.0,179.0,28.0,10.0,,B
368058330,2019-05-08T06:11:37,39.47245,-75.56309,5.0,184.1,511.0,PURPLE  HAYS,,WDC9127,52.0,0.0,24.0,8.0,3.0,52.0,B
269021000,2019-05-08T06:11:33,38.86417,-75.08667,6.1,-85.6,320.0,THORCO BASILISK,IMO9539377,HBLG,70.0,0.0,161.0,25.0,8.6,,B
338131000,2019-05-08T06:11:43,39.1626,-75.25456,8.7,-83.6,325.0,GENESIS EAGLE,IMO9117260,WDG9347,31.0,12.0,37.0,11.0,4.9,,B
311073800,2019-05-08T06:11:34,38.9856,-75.21103,0.1,184.8,282.0,EURO,IMO9567702,C6AA5,84.0,1.0,274.0,48.0,-11.5,84.0,A
367730710,2019-05-08T06:11:53,39.01573,-74.95844,0.2,14.3,38.0,GODSPEED,,WDI7643,37.0,,,,,,B
369235000,2019-05-08T06:12:25,38.91784,-75.13483,0.1,125.7,270.0,OSG VISION,IMO9436537,WDF2493,31.0,1.0,46.0,15.0,6.5,57.0,A
249227000,2019-05-08T06:12:29,39.19548,-75.28199,13.1,155.7,155.0,WARNOW STAR,IMO9509619,9HA4158,70.0,0.0,179.0,28.0,10.0,,B
367699890,2019-05-08T06:12:55,38.81083,-75.08983,20.1,-118.2,511.0,J P VIRDEN,,WDI4560,,15.0,16.0,,,,B
240463000,2019-05-08T06:13:04,38.93972,-75.16993,0.0,193.0,325.0,BOUBOULINA,IMO9298753,SZIS,80.0,1.0,274.0,50.0,17.0,80.0,A
368058330,2019-05-08T06:12:49,39.4708,-75.56319,4.9,181.2,511.0,PURPLE  HAYS,,WDC9127,52.0,0.0,24.0,8.0,3.0,52.0,B
269021000,2019-05-08T06:12:41,38.86567,-75.088,5.9,-84.6,320.0,THORCO BASILISK,IMO9539377,HBLG,70.0,0.0,161.0,25.0,8.6,,B
249227000,2019-05-08T06:13:39,39.19159,-75.27969,13.2,155.1,155.0,WARNOW STAR,IMO9509619,9HA4158,70.0,0.0,179.0,28.0,10.0,,B
367699890,2019-05-08T06:14:19,38.81033,-75.09917,19.0,-162.0,511.0,J P VIRDEN,,WDI4560,,15.0,16.0,,,,B
368058330,2019-05-08T06:13:57,39.46928,-75.56315,4.9,177.3,511.0,PURPLE  HAYS,,WDC9127,52.0,0.0,24.0,8.0,3.0,52.0,B
338131000,2019-05-08T06:13:54,39.16689,-75.25835,8.7,-83.7,326.0,GENESIS EAGLE,IMO9117260,WDG9347,31.0,12.0,37.0,11.0,4.9,,B
338447000,2019-05-08T06:14:07,38.93061,-75.14018,0.1,179.6,277.0,OSG HORIZON,IMO9436549,WDF6180,31.0,1.0,46.0,15.0,6.5,57.0,A
538004030,2019-05-08T06:14:16,38.92708,-75.15824,0.1,-191.0,314.0,FRIO,IMO9596985,V7UU3,80.0,1.0,274.0,48.0,17.1,89.0,A
338131000,2019-05-08T06:12:53,39.16492,-75.2566,8.7,-84.4,326.0,GENESIS EAGLE,IMO9117260,WDG9347,31.0,12.0,37.0,11.0,4.9,,B
269021000,2019-05-08T06:13:51,38.86717,-75.0895,5.2,-85.6,320.0,THORCO BASILISK,IMO9539377,HBLG,70.0,0.0,161.0,25.0,8.6,,B
311073800,2019-05-08T06:14:34,38.9853,-75.21111,0.2,186.7,288.0,EURO,IMO9567702,C6AA5,84.0,1.0,274.0,48.0,-11.5,84.0,A
249227000,2019-05-08T06:14:49,39.18771,-75.27738,13.1,153.1,152.0,WARNOW STAR,IMO9509619,9HA4158,70.0,0.0,179.0,28.0,10.0,,B
367699890,2019-05-08T06:15:25,38.8085,-75.1065,19.7,-161.9,511.0,J P VIRDEN,,WDI4560,,15.0,16.0,,,,B
367730710,2019-05-08T06:14:56,39.01572,-74.95845,0.0,114.0,38.0,GODSPEED,,WDI7643,37.0,,,,,,B
368058330,2019-05-08T06:15:28,39.46721,-75.56305,5.0,176.4,511.0,PURPLE  HAYS,,WDC9127,52.0,0.0,24.0,8.0,3.0,52.0,B
269021000,2019-05-08T06:15:02,38.86833,-75.09067,4.6,-84.6,319.0,THORCO BASILISK,IMO9539377,HBLG,70.0,0.0,161.0,25.0,8.6,,B
338131000,2019-05-08T06:15:03,39.16932,-75.26043,8.8,-83.5,325.0,GENESIS EAGLE,IMO9117260,WDG9347,31.0,12.0,37.0,11.0,4.9,,B
369235000,2019-05-08T06:15:24,38.91765,-75.13473,0.2,171.0,272.0,OSG VISION,IMO9436537,WDF2493,31.0,1.0,46.0,15.0,6.5,57.0,A
240463000,2019-05-08T06:16:04,38.93975,-75.1699,0.0,193.0,324.0,BOUBOULINA,IMO9298753,SZIS,80.0,1.0,274.0,50.0,17.0,80.0,A
249227000,2019-05-08T06:16:29,39.18231,-75.27376,13.1,153.1,150.0,WARNOW STAR,IMO9509619,9HA4158,70.0,0.0,179.0,28.0,10.0,,A
269021000,2019-05-08T06:16:11,38.86951,-75.09158,3.9,-82.6,318.0,THORCO BASILISK,IMO9539377,HBLG,70.0,0.0,161.0,25.0,8.6,,B
368058330,2019-05-08T06:16:49,39.4653,-75.56293,5.1,176.5,511.0,PURPLE  HAYS,,WDC9127,52.0,0.0,24.0,8.0,3.0,52.0,B
367699890,2019-05-08T06:16:31,38.80617,-75.11383,20.2,-169.7,511.0,J P VIRDEN,,WDI4560,,15.0,16.0,,,,B
269021000,2019-05-08T06:17:15,38.87033,-75.09233,3.2,-85.6,310.0,THORCO BASILISK,IMO9539377,HBLG,70.0,0.0,161.0,25.0,8.6,,A
367699890,2019-05-08T06:17:37,38.80167,-75.1195,21.2,203.8,511.0,J P VIRDEN,,WDI4560,,15.0,16.0,,,,B
249227000,2019-05-08T06:17:39,39.17873,-75.27085,13.0,145.2,145.0,WARNOW STAR,IMO9509619,9HA4158,70.0,0.0,179.0,28.0,10.0,,B
338131000,2019-05-08T06:16:13,39.1717,-75.26257,9.0,-84.9,325.0,GENESIS EAGLE,IMO9117260,WDG9347,31.0,12.0,37.0,11.0,4.9,,B
538004030,2019-05-08T06:17:17,38.92702,-75.15841,0.1,-187.3,317.0,FRIO,IMO9596985,V7UU3,80.0,1.0,274.0,48.0,17.1,89.0,A
338131000,2019-05-08T06:17:43,39.17471,-75.2653,9.1,-84.9,325.0,GENESIS EAGLE,IMO9117260,WDG9347,31.0,12.0,37.0,11.0,4.9,,B
311073800,2019-05-08T06:17:35,38.98506,-75.21116,0.1,194.9,293.0,EURO,IMO9567702,C6AA5,84.0,1.0,274.0,48.0,-11.5,84.0,A
368058330,2019-05-08T06:18:28,39.463,-75.5628,5.0,174.6,511.0,PURPLE  HAYS,,WDC9127,52.0,0.0,24.0,8.0,3.0,52.0,B
369235000,2019-05-08T06:18:25,38.91751,-75.13469,0.2,180.5,276.0,OSG VISION,IMO9436537,WDF2493,31.0,1.0,46.0,15.0,6.5,57.0,A
269021000,2019-05-08T06:18:41,38.871,-75.093,0.8,-80.6,304.0,THORCO BASILISK,IMO9539377,HBLG,70.0,0.0,161.0,25.0,8.6,,B
367699890,2019-05-08T06:18:43,38.795,-75.119,22.2,163.8,511.0,J P VIRDEN,,WDI4560,,15.0,16.0,,,,B
249227000,2019-05-08T06:18:51,39.1752,-75.26772,13.0,145.3,145.0,WARNOW STAR,IMO9509619,9HA4158,70.0,0.0,179.0,28.0,10.0,,A
240463000,2019-05-08T06:19:04,38.93965,-75.16998,0.0,170.0,324.0,BOUBOULINA,IMO9298753,SZIS,80.0,1.0,274.0,50.0,17.0,80.0,A
249227000,2019-05-08T06:19:59,39.17175,-75.26465,13.1,144.5,144.0,WARNOW STAR,IMO9509619,9HA4158,70.0,0.0,179.0,28.0,10.0,,B
367699890,2019-05-08T06:20:18,38.78567,-75.1175,21.9,-203.9,511.0,J P VIRDEN,,WDI4560,,15.0,16.0,,,,B
269021000,2019-05-08T06:19:52,38.871,-75.093,0.2,66.0,302.0,THORCO BASILISK,IMO9539377,HBLG,70.0,0.0,161.0,25.0,8.6,,B
258628000,2019-05-08T06:20:00,38.83746,-75.06279,13.5,-63.1,343.0,HOEGH TRACER,IMO9684990,LAUL7,70.0,0.0,199.0,,,,A
368058330,2019-05-08T06:20:08,39.46072,-75.56239,5.0,172.0,511.0,PURPLE  HAYS,,WDC9127,52.0,0.0,24.0,8.0,3.0,52.0,B
311073800,2019-05-08T06:20:34,38.98483,-75.21126,0.1,192.6,297.0,EURO,IMO9567702,C6AA5,84.0,1.0,274.0,48.0,-11.5,84.0,A
338447000,2019-05-08T06:20:07,38.93035,-75.14013,0.2,183.0,278.0,OSG HORIZON,IMO9436549,WDF6180,31.0,1.0,46.0,15.0,6.5,57.0,A
538004030,2019-05-08T06:20:16,38.92696,-75.15853,0.1,-193.6,318.0,FRIO,IMO9596985,V7UU3,80.0,1.0,274.0,48.0,17.1,89.0,A
338131000,2019-05-08T06:21:32,39.18291,-75.27218,9.1,-79.9,330.0,GENESIS EAGLE,IMO9117260,WDG9347,31.0,12.0,37.0,11.0,4.9,,B
367730710,2019-05-08T06:20:54,39.01563,-74.95852,0.2,158.9,34.0,GODSPEED,,WDI7643,37.0,,,,,,B
249227000,2019-05-08T06:21:10,39.16827,-75.26144,13.2,144.9,144.0,WARNOW STAR,IMO9509619,9HA4158,70.0,0.0,179.0,28.0,10.0,,B
258628000,2019-05-08T06:21:11,38.84179,-75.06419,13.6,-64.7,342.0,HOEGH TRACER,IMO9684990,LAUL7,70.0,0.0,199.0,,,,A
368058330,2019-05-08T06:21:18,39.45919,-75.56197,4.8,163.5,511.0,PURPLE  HAYS,,WDC9127,52.0,0.0,24.0,8.0,3.0,52.0,B
338447000,2019-05-08T06:17:07,38.93048,-75.14014,0.1,193.0,278.0,OSG HORIZON,IMO9436549,WDF6180,31.0,1.0,46.0,15.0,6.5,57.0,A
240463000,2019-05-08T06:22:03,38.93962,-75.17003,0.0,195.0,323.0,BOUBOULINA,IMO9298753,SZIS,80.0,1.0,274.0,50.0,17.0,80.0,A
338131000,2019-05-08T06:19:03,39.17759,-75.26786,9.1,-85.3,325.0,GENESIS EAGLE,IMO9117260,WDG9347,31.0,12.0,37.0,11.0,4.9,,B
338131000,2019-05-08T06:20:13,39.18006,-75.27009,9.1,-83.0,330.0,GENESIS EAGLE,IMO9117260,WDG9347,31.0,12.0,37.0,11.0,4.9,,B
269021000,2019-05-08T06:20:55,38.871,-75.093,0.2,51.0,298.0,THORCO BASILISK,IMO9539377,HBLG,70.0,0.0,161.0,25.0,8.6,,A
369235000,2019-05-08T06:21:25,38.91734,-75.13468,0.2,183.6,279.0,OSG VISION,IMO9436537,WDF2493,31.0,1.0,46.0,15.0,6.5,57.0,A
269021000,2019-05-08T06:22:15,38.87117,-75.09283,0.3,55.0,289.0,THORCO BASILISK,IMO9539377,HBLG,70.0,0.0,161.0,25.0,8.6,,A
258628000,2019-05-08T06:22:20,38.84604,-75.06564,13.8,-64.6,343.0,HOEGH TRACER,IMO9684990,LAUL7,70.0,0.0,199.0,,,,A
249227000,2019-05-08T06:22:40,39.16372,-75.25725,13.3,144.2,144.0,WARNOW STAR,IMO9509619,9HA4158,70.0,0.0,179.0,28.0,10.0,,B
269021000,2019-05-08T06:23:25,38.87117,-75.09267,0.2,79.0,281.0,THORCO BASILISK,IMO9539377,HBLG,70.0,0.0,161.0,25.0,8.6,,A
338131000,2019-05-08T06:23:23,39.1871,-75.27488,9.0,-74.2,335.0,GENESIS EAGLE,IMO9117260,WDG9347,31.0,12.0,37.0,11.0,4.9,,B
368058330,2019-05-08T06:22:28,39.45774,-75.56126,4.7,156.7,511.0,PURPLE  HAYS,,WDC9127,52.0,0.0,24.0,8.0,3.0,52.0,B
538004030,2019-05-08T06:23:15,38.92691,-75.15865,0.0,-194.8,321.0,FRIO,IMO9596985,V7UU3,80.0,1.0,274.0,48.0,17.1,89.0,A
368058330,2019-05-08T06:24:08,39.45579,-75.55979,5.1,146.8,511.0,PURPLE  HAYS,,WDC9127,52.0,0.0,24.0,8.0,3.0,52.0,B
258628000,2019-05-08T06:23:21,38.84992,-75.06697,13.9,-65.2,342.0,HOEGH TRACER,IMO9684990,LAUL7,70.0,0.0,199.0,,,,A
269021000,2019-05-08T06:24:41,38.87117,-75.09267,0.4,142.0,273.0,THORCO BASILISK,IMO9539377,HBLG,70.0,0.0,161.0,25.0,8.6,,A
367730710,2019-05-08T06:23:54,39.01564,-74.95854,0.0,158.9,35.0,GODSPEED,,WDI7643,37.0,,,,,,B
338447000,2019-05-08T06:23:07,38.93015,-75.14019,0.2,189.6,282.0,OSG HORIZON,IMO9436549,WDF6180,31.0,1.0,46.0,15.0,6.5,57.0,A
249227000,2019-05-08T06:23:50,39.16026,-75.25405,13.3,143.9,144.0,WARNOW STAR,IMO9509619,9HA4158,70.0,0.0,179.0,28.0,10.0,,B
369235000,2019-05-08T06:24:25,38.91711,-75.13465,0.1,178.7,281.0,OSG VISION,IMO9436537,WDF2493,31.0,1.0,46.0,15.0,6.5,57.0,A
338131000,2019-05-08T06:24:32,39.18982,-75.27647,9.1,-74.2,335.0,GENESIS EAGLE,IMO9117260,WDG9347,31.0,12.0,37.0,11.0,4.9,,B
258628000,2019-05-08T06:24:46,38.8553,-75.06883,14.1,-64.6,342.0,HOEGH TRACER,IMO9684990,LAUL7,70.0,0.0,199.0,,,,A
311073800,2019-05-08T06:23:33,38.98461,-75.21139,0.1,195.4,301.0,EURO,IMO9567702,C6AA5,84.0,1.0,274.0,48.0,-11.5,84.0,A
368058330,2019-05-08T06:25:18,39.45446,-75.55856,5.2,143.5,511.0,PURPLE  HAYS,,WDC9127,52.0,0.0,24.0,8.0,3.0,52.0,B
538004030,2019-05-08T06:26:17,38.92686,-75.15874,0.0,198.9,324.0,FRIO,IMO9596985,V7UU3,80.0,1.0,274.0,48.0,17.1,89.0,A
249227000,2019-05-08T06:25:00,39.15666,-75.25074,13.4,145.1,144.0,WARNOW STAR,IMO9509619,9HA4158,70.0,0.0,179.0,28.0,10.0,,A
338131000,2019-05-08T06:25:53,39.1929,-75.27829,9.1,-73.8,336.0,GENESIS EAGLE,IMO9117260,WDG9347,31.0,12.0,37.0,11.0,4.9,,B
269021000,2019-05-08T06:26:15,38.871,-75.0925,0.8,151.0,267.0,THORCO BASILISK,IMO9539377,HBLG,70.0,0.0,161.0,25.0,8.6,,A
368058330,2019-05-08T06:27:08,39.45233,-75.5565,5.3,142.9,511.0,PURPLE  HAYS,,WDC9127,52.0,0.0,24.0,8.0,3.0,52.0,B
258628000,2019-05-08T06:26:34,38.86227,-75.07129,14.6,-64.5,342.0,HOEGH TRACER,IMO9684990,LAUL7,70.0,0.0,199.0,,,,A
338447000,2019-05-08T06:26:07,38.93,-75.14025,0.1,-193.8,287.0,OSG HORIZON,IMO9436549,WDF6180,31.0,1.0,46.0,15.0,6.5,57.0,A
311073800,2019-05-08T06:26:34,38.98443,-75.2115,0.1,-202.5,306.0,EURO,IMO9567702,C6AA5,84.0,1.0,274.0,48.0,-11.5,84.0,A
367730710,2019-05-08T06:26:54,39.01562,-74.95856,0.2,24.4,35.0,GODSPEED,,WDI7643,37.0,,,,,,B
269021000,2019-05-08T06:27:32,38.87078,-75.09229,0.7,155.0,271.0,THORCO BASILISK,IMO9539377,HBLG,70.0,0.0,161.0,25.0,8.6,,B
240463000,2019-05-08T06:25:04,38.93957,-75.17015,0.0,-198.6,325.0,BOUBOULINA,IMO9298753,SZIS,80.0,1.0,274.0,50.0,17.0,80.0,A
249227000,2019-05-08T06:27:29,39.14905,-75.24376,13.6,144.6,144.0,WARNOW STAR,IMO9509619,9HA4158,70.0,0.0,179.0,28.0,10.0,,B
258628000,2019-05-08T06:27:40,38.86655,-75.07275,14.8,-64.2,342.0,HOEGH TRACER,IMO9684990,LAUL7,70.0,0.0,199.0,,,,A
249227000,2019-05-08T06:26:10,39.1531,-75.24746,13.5,144.4,144.0,WARNOW STAR,IMO9509619,9HA4158,70.0,0.0,179.0,28.0,10.0,,B
369235000,2019-05-08T06:27:25,38.91703,-75.13463,0.1,178.7,283.0,OSG VISION,IMO9436537,WDF2493,31.0,1.0,46.0,15.0,6.5,57.0,A
258628000,2019-05-08T06:28:46,38.87102,-75.07431,15.0,-64.2,342.0,HOEGH TRACER,IMO9684990,LAUL7,70.0,0.0,199.0,,,,A
338131000,2019-05-08T06:28:13,39.19834,-75.28141,9.1,-74.4,335.0,GENESIS EAGLE,IMO9117260,WDG9347,31.0,12.0,37.0,11.0,4.9,,B
368058330,2019-05-08T06:28:27,39.45078,-75.55496,5.3,143.5,511.0,PURPLE  HAYS,,WDC9127,52.0,0.0,24.0,8.0,3.0,52.0,B
249227000,2019-05-08T06:28:50,39.14488,-75.23995,13.6,144.6,144.0,WARNOW STAR,IMO9509619,9HA4158,70.0,0.0,179.0,28.0,10.0,,B
240463000,2019-05-08T06:28:04,38.9395,-75.17028,0.0,-200.6,328.0,BOUBOULINA,IMO9298753,SZIS,80.0,1.0,274.0,50.0,17.0,80.0,A
538004030,2019-05-08T06:29:15,38.92676,-75.15879,0.1,180.4,327.0,FRIO,IMO9596985,V7UU3,80.0,1.0,274.0,48.0,17.1,89.0,A
368058330,2019-05-08T06:30:08,39.44887,-75.55301,5.2,139.9,511.0,PURPLE  HAYS,,WDC9127,52.0,0.0,24.0,8.0,3.0,52.0,B
258628000,2019-05-08T06:30:28,38.8779,-75.07672,15.1,-64.9,342.0,HOEGH TRACER,IMO9684990,LAUL7,70.0,0.0,199.0,,,,A
269021000,2019-05-08T06:29:43,38.8705,-75.09217,0.2,186.0,287.0,THORCO BASILISK,IMO9539377,HBLG,70.0,0.0,161.0,25.0,8.6,,B
338447000,2019-05-08T06:29:07,38.92995,-75.14022,0.0,-193.8,288.0,OSG HORIZON,IMO9436549,WDF6180,31.0,1.0,46.0,15.0,6.5,57.0,A
367730710,2019-05-08T06:29:54,39.01563,-74.95855,0.1,24.4,34.0,GODSPEED,,WDI7643,37.0,,,,,,B
311073800,2019-05-08T06:29:33,38.9843,-75.21162,0.0,-200.6,311.0,EURO,IMO9567702,C6AA5,84.0,1.0,274.0,48.0,-11.5,84.0,A
338131000,2019-05-08T06:27:03,39.19565,-75.27987,9.1,-74.2,335.0,GENESIS EAGLE,IMO9117260,WDG9347,31.0,12.0,37.0,11.0,4.9,,B
240463000,2019-05-08T06:31:03,38.93947,-75.17035,0.0,173.0,332.0,BOUBOULINA,IMO9298753,SZIS,80.0,1.0,274.0,50.0,17.0,80.0,A
338131000,2019-05-08T06:29:23,39.20096,-75.28294,9.1,-74.3,335.0,GENESIS EAGLE,IMO9117260,WDG9347,31.0,12.0,37.0,11.0,4.9,,B
338131000,2019-05-08T06:30:33,39.2037,-75.28456,9.1,-74.3,335.0,GENESIS EAGLE,IMO9117260,WDG9347,31.0,12.0,37.0,11.0,4.9,,B
269021000,2019-05-08T06:28:35,38.87067,-75.09217,0.6,172.0,280.0,THORCO BASILISK,IMO9539377,HBLG,70.0,0.0,161.0,25.0,8.6,,A
258628000,2019-05-08T06:31:45,38.88311,-75.07865,15.2,-67.3,340.0,HOEGH TRACER,IMO9684990,LAUL7,70.0,0.0,199.0,,,,A
368058330,2019-05-08T06:31:29,39.44746,-75.55129,5.2,134.9,511.0,PURPLE  HAYS,,WDC9127,52.0,0.0,24.0,8.0,3.0,52.0,B
311073800,2019-05-08T06:32:34,38.98422,-75.2117,0.0,198.2,314.0,EURO,IMO9567702,C6AA5,84.0,1.0,274.0,48.0,-11.5,84.0,A
269021000,2019-05-08T06:32:33,38.8705,-75.09217,0.2,-175.6,283.0,THORCO BASILISK,IMO9539377,HBLG,70.0,0.0,161.0,25.0,8.6,,B
258628000,2019-05-08T06:33:04,38.88833,-75.08087,15.2,-68.1,340.0,HOEGH TRACER,IMO9684990,LAUL7,70.0,0.0,199.0,,,,A
338131000,2019-05-08T06:31:52,39.2068,-75.28639,9.1,-74.3,335.0,GENESIS EAGLE,IMO9117260,WDG9347,31.0,12.0,37.0,11.0,4.9,,B
249227000,2019-05-08T06:32:50,39.13246,-75.22866,13.7,144.5,144.0,WARNOW STAR,IMO9509619,9HA4158,70.0,0.0,179.0,28.0,10.0,,B
538004030,2019-05-08T06:32:13,38.92672,-75.15882,0.1,159.8,331.0,FRIO,IMO9596985,V7UU3,80.0,1.0,274.0,48.0,17.1,89.0,A
338131000,2019-05-08T06:33:03,39.20948,-75.28799,9.1,-74.2,335.0,GENESIS EAGLE,IMO9117260,WDG9347,31.0,12.0,37.0,11.0,4.9,,B
369235000,2019-05-08T06:33:25,38.91692,-75.13455,0.1,178.7,285.0,OSG VISION,IMO9436537,WDF2493,31.0,1.0,46.0,15.0,6.5,57.0,A
249227000,2019-05-08T06:30:50,39.13868,-75.23432,13.6,144.6,144.0,WARNOW STAR,IMO9509619,9HA4158,70.0,0.0,179.0,28.0,10.0,,B
269021000,2019-05-08T06:33:41,38.8705,-75.09233,0.2,-168.6,282.0,THORCO BASILISK,IMO9539377,HBLG,70.0,0.0,161.0,25.0,8.6,,B
369235000,2019-05-08T06:30:25,38.91696,-75.13457,0.1,178.7,285.0,OSG VISION,IMO9436537,WDF2493,31.0,1.0,46.0,15.0,6.5,57.0,A
269021000,2019-05-08T06:30:52,38.8705,-75.09217,0.0,-118.6,287.0,THORCO BASILISK,IMO9539377,HBLG,70.0,0.0,161.0,25.0,8.6,,B
368058330,2019-05-08T06:32:38,39.44619,-75.54976,5.4,138.2,511.0,PURPLE  HAYS,,WDC9127,52.0,0.0,24.0,8.0,3.0,52.0,B
249227000,2019-05-08T06:33:51,39.12933,-75.2258,13.8,145.0,144.0,WARNOW STAR,IMO9509619,9HA4158,70.0,0.0,179.0,28.0,10.0,,B
258628000,2019-05-08T06:34:28,38.89406,-75.08333,15.3,-68.5,340.0,HOEGH TRACER,IMO9684990,LAUL7,70.0,0.0,199.0,,,,A
368058330,2019-05-08T06:34:38,39.44399,-75.54716,5.5,136.4,511.0,PURPLE  HAYS,,WDC9127,52.0,0.0,24.0,8.0,3.0,52.0,B
240463000,2019-05-08T06:34:04,38.93948,-75.1703,0.0,156.0,334.0,BOUBOULINA,IMO9298753,SZIS,80.0,1.0,274.0,50.0,17.0,80.0,A
338131000,2019-05-08T06:34:13,39.21212,-75.28958,9.0,-74.7,335.0,GENESIS EAGLE,IMO9117260,WDG9347,31.0,12.0,37.0,11.0,4.9,,B
258628000,2019-05-08T06:35:34,38.89843,-75.08521,15.2,-67.7,340.0,HOEGH TRACER,IMO9684990,LAUL7,70.0,0.0,199.0,,,,A
249227000,2019-05-08T06:35:10,39.12513,-75.22198,13.8,144.1,144.0,WARNOW STAR,IMO9509619,9HA4158,70.0,0.0,179.0,28.0,10.0,,B
269021000,2019-05-08T06:34:53,38.8705,-75.09233,0.2,-166.6,282.0,THORCO BASILISK,IMO9539377,HBLG,70.0,0.0,161.0,25.0,8.6,,B
538004030,2019-05-08T06:35:15,38.92673,-75.15875,0.1,95.8,334.0,FRIO,IMO9596985,V7UU3,80.0,1.0,274.0,48.0,17.1,89.0,A
338447000,2019-05-08T06:35:07,38.92979,-75.1402,0.1,-193.8,289.0,OSG HORIZON,IMO9436549,WDF6180,31.0,1.0,46.0,15.0,6.5,57.0,A
338131000,2019-05-08T06:35:22,39.21472,-75.29113,9.0,-74.8,335.0,GENESIS EAGLE,IMO9117260,WDG9347,31.0,12.0,37.0,11.0,4.9,,B
338131000,2019-05-08T06:36:52,39.21813,-75.29314,8.9,-74.4,335.0,GENESIS EAGLE,IMO9117260,WDG9347,31.0,12.0,37.0,11.0,4.9,,B
269021000,2019-05-08T06:36:51,38.8705,-75.0925,0.2,-187.6,283.0,THORCO BASILISK,IMO9539377,HBLG,70.0,0.0,161.0,25.0,8.6,,B
368058330,2019-05-08T06:35:48,39.44268,-75.54559,5.6,139.4,511.0,PURPLE  HAYS,,WDC9127,52.0,0.0,24.0,8.0,3.0,52.0,B
258628000,2019-05-08T06:36:40,38.90293,-75.0871,15.3,-67.9,340.0,HOEGH TRACER,IMO9684990,LAUL7,70.0,0.0,199.0,,,,A
367730710,2019-05-08T06:35:54,39.01567,-74.95849,0.3,1.3,37.0,GODSPEED,,WDI7643,37.0,,,,,,B
369235000,2019-05-08T06:36:25,38.91685,-75.13457,0.0,178.7,285.0,OSG VISION,IMO9436537,WDF2493,31.0,1.0,46.0,15.0,6.5,57.0,A
249227000,2019-05-08T06:36:20,39.12152,-75.21869,13.8,143.8,144.0,WARNOW STAR,IMO9509619,9HA4158,70.0,0.0,179.0,28.0,10.0,,B
368058330,2019-05-08T06:38:27,39.43943,-75.54229,5.5,143.2,511.0,PURPLE  HAYS,,WDC9127,52.0,0.0,24.0,8.0,3.0,52.0,B
311073800,2019-05-08T06:35:33,38.98417,-75.21175,0.0,-192.9,315.0,EURO,IMO9567702,C6AA5,84.0,1.0,274.0,48.0,-11.5,84.0,A
368058330,2019-05-08T06:36:58,39.44126,-75.54408,5.5,142.4,511.0,PURPLE  HAYS,,WDC9127,52.0,0.0,24.0,8.0,3.0,52.0,B
240463000,2019-05-08T06:37:03,38.93945,-75.17032,0.0,147.0,334.0,BOUBOULINA,IMO9298753,SZIS,80.0,1.0,274.0,50.0,17.0,80.0,A
269021000,2019-05-08T06:38:41,38.87033,-75.09267,0.2,-201.6,285.0,THORCO BASILISK,IMO9539377,HBLG,70.0,0.0,161.0,25.0,8.6,,B
249227000,2019-05-08T06:37:30,39.11785,-75.21538,13.8,145.3,144.0,WARNOW STAR,IMO9509619,9HA4158,70.0,0.0,179.0,28.0,10.0,,B
338131000,2019-05-08T06:38:03,39.2208,-75.29473,9.0,-74.4,335.0,GENESIS EAGLE,IMO9117260,WDG9347,31.0,12.0,37.0,11.0,4.9,,B
338447000,2019-05-08T06:38:06,38.92968,-75.14022,0.1,-193.8,291.0,OSG HORIZON,IMO9436549,WDF6180,31.0,1.0,46.0,15.0,6.5,57.0,A
258628000,2019-05-08T06:39:39,38.91493,-75.09258,15.0,-70.4,338.0,HOEGH TRACER,IMO9684990,LAUL7,70.0,0.0,199.0,,,,A
338131000,2019-05-08T06:39:42,39.22463,-75.29706,9.1,-74.6,335.0,GENESIS EAGLE,IMO9117260,WDG9347,31.0,12.0,37.0,11.0,4.9,,B
249227000,2019-05-08T06:38:41,39.11413,-75.212,13.8,144.3,143.0,WARNOW STAR,IMO9509619,9HA4158,70.0,0.0,179.0,28.0,10.0,,B
258628000,2019-05-08T06:37:52,38.90783,-75.08913,15.4,-68.0,340.0,HOEGH TRACER,IMO9684990,LAUL7,70.0,0.0,199.0,,,,A
367730710,2019-05-08T06:38:55,39.01567,-74.95847,0.2,1.3,36.0,GODSPEED,,WDI7643,37.0,,,,,,B
368058330,2019-05-08T06:40:27,39.43699,-75.53987,5.6,138.0,511.0,PURPLE  HAYS,,WDC9127,52.0,0.0,24.0,8.0,3.0,52.0,B
369235000,2019-05-08T06:39:24,38.9168,-75.1346,0.1,178.7,286.0,OSG VISION,IMO9436537,WDF2493,31.0,1.0,46.0,15.0,6.5,57.0,A
338131000,2019-05-08T06:40:52,39.22726,-75.29864,9.1,-74.7,335.0,GENESIS EAGLE,IMO9117260,WDG9347,31.0,12.0,37.0,11.0,4.9,,B
249227000,2019-05-08T06:39:50,39.11045,-75.20862,13.9,144.7,144.0,WARNOW STAR,IMO9509619,9HA4158,70.0,0.0,179.0,28.0,10.0,,B
258628000,2019-05-08T06:40:52,38.91966,-75.09493,14.8,-71.0,337.0,HOEGH TRACER,IMO9684990,LAUL7,70.0,0.0,199.0,,,,A
240463000,2019-05-08T06:40:02,38.93948,-75.17032,0.0,147.0,333.0,BOUBOULINA,IMO9298753,SZIS,80.0,1.0,274.0,50.0,17.0,80.0,A
311073800,2019-05-08T06:41:34,38.98405,-75.2119,0.0,191.2,322.0,EURO,IMO9567702,C6AA5,84.0,1.0,274.0,48.0,-11.5,84.0,A
249227000,2019-05-08T06:41:44,39.10441,-75.20316,14.0,144.6,144.0,WARNOW STAR,IMO9509619,9HA4158,70.0,0.0,179.0,28.0,10.0,,A
269021000,2019-05-08T06:41:32,38.87033,-75.09267,0.1,-196.6,287.0,THORCO BASILISK,IMO9539377,HBLG,70.0,0.0,161.0,25.0,8.6,,B
338447000,2019-05-08T06:41:07,38.92958,-75.14032,0.1,-188.7,294.0,OSG HORIZON,IMO9436549,WDF6180,31.0,1.0,46.0,15.0,6.5,57.0,A
368058330,2019-05-08T06:42:08,39.43503,-75.53766,5.6,141.0,511.0,PURPLE  HAYS,,WDC9127,52.0,0.0,24.0,8.0,3.0,52.0,B
538004030,2019-05-08T06:41:15,38.92684,-75.1586,0.0,102.9,333.0,FRIO,IMO9596985,V7UU3,80.0,1.0,274.0,48.0,17.1,89.0,A
538004030,2019-05-08T06:38:14,38.9268,-75.15868,0.1,63.7,334.0,FRIO,IMO9596985,V7UU3,80.0,1.0,274.0,48.0,17.1,89.0,A
249227000,2019-05-08T06:43:08,39.09994,-75.19914,14.0,144.9,144.0,WARNOW STAR,IMO9509619,9HA4158,70.0,0.0,179.0,28.0,10.0,,B
367730710,2019-05-08T06:41:55,39.01565,-74.95851,0.1,1.3,36.0,GODSPEED,,WDI7643,37.0,,,,,,B
269021000,2019-05-08T06:39:51,38.87033,-75.09267,0.2,-198.6,286.0,THORCO BASILISK,IMO9539377,HBLG,70.0,0.0,161.0,25.0,8.6,,B
311073800,2019-05-08T06:38:36,38.9841,-75.21185,0.1,196.1,319.0,EURO,IMO9567702,C6AA5,84.0,1.0,274.0,48.0,-11.5,84.0,A
258628000,2019-05-08T06:41:58,38.92385,-75.09715,14.7,-72.6,336.0,HOEGH TRACER,IMO9684990,LAUL7,70.0,0.0,199.0,,,,A
258628000,2019-05-08T06:43:45,38.93057,-75.10078,14.6,-72.2,336.0,HOEGH TRACER,IMO9684990,LAUL7,70.0,0.0,199.0,,,,A
269021000,2019-05-08T06:43:51,38.87033,-75.09267,0.1,204.0,289.0,THORCO BASILISK,IMO9539377,HBLG,70.0,0.0,161.0,25.0,8.6,,B
338131000,2019-05-08T06:42:03,39.22997,-75.30022,9.1,-75.3,331.0,GENESIS EAGLE,IMO9117260,WDG9347,31.0,12.0,37.0,11.0,4.9,,B
369235000,2019-05-08T06:42:25,38.91671,-75.1346,0.1,178.7,288.0,OSG VISION,IMO9436537,WDF2493,31.0,1.0,46.0,15.0,6.5,57.0,A
368058330,2019-05-08T06:44:27,39.4322,-75.53467,5.8,141.8,511.0,PURPLE  HAYS,,WDC9127,52.0,0.0,24.0,8.0,3.0,52.0,B
240463000,2019-05-08T06:43:04,38.93945,-75.17035,0.0,178.0,333.0,BOUBOULINA,IMO9298753,SZIS,80.0,1.0,274.0,50.0,17.0,80.0,A
338131000,2019-05-08T06:43:12,39.23252,-75.30205,9.0,-80.4,323.0,GENESIS EAGLE,IMO9117260,WDG9347,31.0,12.0,37.0,11.0,4.9,,B
269021000,2019-05-08T06:45:21,38.87033,-75.09267,0.1,105.0,290.0,THORCO BASILISK,IMO9539377,HBLG,70.0,0.0,161.0,25.0,8.6,,B
538004030,2019-05-08T06:44:16,38.92687,-75.15852,0.0,126.1,331.0,FRIO,IMO9596985,V7UU3,80.0,1.0,274.0,48.0,17.1,89.0,A
338447000,2019-05-08T06:44:07,38.92946,-75.14039,0.1,-188.7,298.0,OSG HORIZON,IMO9436549,WDF6180,31.0,1.0,46.0,15.0,6.5,57.0,A
258628000,2019-05-08T06:45:45,38.93809,-75.10484,14.5,-72.8,336.0,HOEGH TRACER,IMO9684990,LAUL7,70.0,0.0,199.0,,,,A
311073800,2019-05-08T06:44:35,38.98403,-75.21197,0.0,203.8,324.0,EURO,IMO9567702,C6AA5,84.0,1.0,274.0,48.0,-11.5,84.0,A
368058330,2019-05-08T06:46:08,39.43015,-75.53235,5.9,142.2,511.0,PURPLE  HAYS,,WDC9127,52.0,0.0,24.0,8.0,3.0,52.0,B
338131000,2019-05-08T06:45:44,39.23741,-75.30728,9.1,-91.6,318.0,GENESIS EAGLE,IMO9117260,WDG9347,31.0,12.0,37.0,11.0,4.9,,B
240463000,2019-05-08T06:46:05,38.93938,-75.17038,0.0,183.0,334.0,BOUBOULINA,IMO9298753,SZIS,80.0,1.0,274.0,50.0,17.0,80.0,A
249227000,2019-05-08T06:45:08,39.09352,-75.19338,14.1,145.4,144.0,WARNOW STAR,IMO9509619,9HA4158,70.0,0.0,179.0,28.0,10.0,,B
338131000,2019-05-08T06:44:43,39.23547,-75.30509,9.0,-91.0,319.0,GENESIS EAGLE,IMO9117260,WDG9347,31.0,12.0,37.0,11.0,4.9,,B
369235000,2019-05-08T06:45:25,38.91658,-75.13469,0.2,194.2,289.0,OSG VISION,IMO9436537,WDF2493,31.0,1.0,46.0,15.0,6.5,57.0,A
338447000,2019-05-08T06:47:07,38.92938,-75.14042,0.0,-188.7,302.0,OSG HORIZON,IMO9436549,WDF6180,31.0,1.0,46.0,15.0,6.5,57.0,A
249227000,2019-05-08T06:47:08,39.08713,-75.18751,14.1,144.3,150.0,WARNOW STAR,IMO9509619,9HA4158,70.0,0.0,179.0,28.0,10.0,,A
258628000,2019-05-08T06:47:10,38.94336,-75.10775,14.6,-73.4,336.0,HOEGH TRACER,IMO9684990,LAUL7,70.0,0.0,199.0,,,,A
269021000,2019-05-08T06:46:31,38.87033,-75.09267,0.2,118.0,291.0,THORCO BASILISK,IMO9539377,HBLG,70.0,0.0,161.0,25.0,8.6,,B
258628000,2019-05-08T06:48:16,38.94748,-75.11002,14.7,-73.4,335.0,HOEGH TRACER,IMO9684990,LAUL7,70.0,0.0,199.0,,,,A
338131000,2019-05-08T06:48:13,39.24211,-75.31277,9.2,-92.0,318.0,GENESIS EAGLE,IMO9117260,WDG9347,31.0,12.0,37.0,11.0,4.9,,B
538004030,2019-05-08T06:47:15,38.92686,-75.15846,0.1,161.0,329.0,FRIO,IMO9596985,V7UU3,80.0,1.0,274.0,48.0,17.1,89.0,A
368058330,2019-05-08T06:47:18,39.42864,-75.53087,5.9,143.3,511.0,PURPLE  HAYS,,WDC9127,52.0,0.0,24.0,8.0,3.0,52.0,B
269021000,2019-05-08T06:47:42,38.87033,-75.0925,0.2,146.0,292.0,THORCO BASILISK,IMO9539377,HBLG,70.0,0.0,161.0,25.0,8.6,,B
367730710,2019-05-08T06:47:55,39.01565,-74.95851,0.1,14.2,35.0,GODSPEED,,WDI7643,37.0,,,,,,B
249227000,2019-05-08T06:49:26,39.07886,-75.18313,14.0,160.1,160.0,WARNOW STAR,IMO9509619,9HA4158,70.0,0.0,179.0,28.0,10.0,,B
269021000,2019-05-08T06:49:42,38.87017,-75.0925,0.1,51.0,293.0,THORCO BASILISK,IMO9539377,HBLG,70.0,0.0,161.0,25.0,8.6,,B
369235000,2019-05-08T06:48:25,38.9163,-75.13482,0.3,199.8,299.0,OSG VISION,IMO9436537,WDF2493,31.0,1.0,46.0,15.0,6.5,57.0,A
338131000,2019-05-08T06:49:22,39.24427,-75.31532,9.2,-92.6,318.0,GENESIS EAGLE,IMO9117260,WDG9347,31.0,12.0,37.0,11.0,4.9,,B
311073800,2019-05-08T06:47:36,38.98401,-75.21204,0.0,-202.7,326.0,EURO,IMO9567702,C6AA5,84.0,1.0,274.0,48.0,-11.5,84.0,A
368058330,2019-05-08T06:50:08,39.42498,-75.52699,6.1,138.9,511.0,PURPLE  HAYS,,WDC9127,52.0,0.0,24.0,8.0,3.0,52.0,B
249227000,2019-05-08T06:50:32,39.07481,-75.18127,14.1,160.3,159.0,WARNOW STAR,IMO9509619,9HA4158,70.0,0.0,179.0,28.0,10.0,,B
240463000,2019-05-08T06:49:05,38.93937,-75.17043,0.0,190.0,335.0,BOUBOULINA,IMO9298753,SZIS,80.0,1.0,274.0,50.0,17.0,80.0,A
368058330,2019-05-08T06:48:29,39.42711,-75.52932,6.0,138.3,511.0,PURPLE  HAYS,,WDC9127,52.0,0.0,24.0,8.0,3.0,52.0,B
269021000,2019-05-08T06:51:31,38.87033,-75.0925,0.1,18.0,293.0,THORCO BASILISK,IMO9539377,HBLG,70.0,0.0,161.0,25.0,8.6,,B
258628000,2019-05-08T06:51:16,38.95874,-75.1162,14.6,-72.5,336.0,HOEGH TRACER,IMO9684990,LAUL7,70.0,0.0,199.0,,,,A
538004030,2019-05-08T06:50:14,38.92684,-75.1585,0.1,-194.9,327.0,FRIO,IMO9596985,V7UU3,80.0,1.0,274.0,48.0,17.1,89.0,A
258628000,2019-05-08T06:49:22,38.95156,-75.11225,14.6,-73.2,336.0,HOEGH TRACER,IMO9684990,LAUL7,70.0,0.0,199.0,,,,A
338447000,2019-05-08T06:50:07,38.92935,-75.14044,0.0,-188.7,303.0,OSG HORIZON,IMO9436549,WDF6180,31.0,1.0,46.0,15.0,6.5,57.0,A
338131000,2019-05-08T06:52:13,39.2496,-75.32157,9.1,-91.7,319.0,GENESIS EAGLE,IMO9117260,WDG9347,31.0,12.0,37.0,11.0,4.9,,B
311073800,2019-05-08T06:50:33,38.98396,-75.21208,0.0,187.1,328.0,EURO,IMO9567702,C6AA5,84.0,1.0,274.0,48.0,-11.5,84.0,A
269021000,2019-05-08T06:52:53,38.87033,-75.0925,0.1,13.0,292.0,THORCO BASILISK,IMO9539377,HBLG,70.0,0.0,161.0,25.0,8.6,,B
368058330,2019-05-08T06:51:18,39.42346,-75.52531,6.2,139.5,511.0,PURPLE  HAYS,,WDC9127,52.0,0.0,24.0,8.0,3.0,52.0,B
258628000,2019-05-08T06:52:46,38.9644,-75.11929,14.8,-72.9,336.0,HOEGH TRACER,IMO9684990,LAUL7,70.0,0.0,199.0,,,,A
368058330,2019-05-08T06:53:08,39.42106,-75.52266,6.3,138.6,511.0,PURPLE  HAYS,,WDC9127,52.0,0.0,24.0,8.0,3.0,52.0,B
311073800,2019-05-08T06:53:32,38.98393,-75.21207,0.1,169.3,331.0,EURO,IMO9567702,C6AA5,84.0,1.0,274.0,48.0,-11.5,84.0,A
249227000,2019-05-08T06:52:32,39.06746,-75.17766,14.1,158.4,158.0,WARNOW STAR,IMO9509619,9HA4158,70.0,0.0,179.0,28.0,10.0,,B
369235000,2019-05-08T06:51:25,38.9161,-75.13489,0.1,199.6,309.0,OSG VISION,IMO9436537,WDF2493,31.0,1.0,46.0,15.0,6.5,57.0,A
240463000,2019-05-08T06:52:05,38.93938,-75.17047,0.0,190.0,335.0,BOUBOULINA,IMO9298753,SZIS,80.0,1.0,274.0,50.0,17.0,80.0,A
258628000,2019-05-08T06:54:03,38.96925,-75.12201,14.8,-73.4,336.0,HOEGH TRACER,IMO9684990,LAUL7,70.0,0.0,199.0,,,,A
338447000,2019-05-08T06:53:07,38.92934,-75.14048,0.0,-188.7,304.0,OSG HORIZON,IMO9436549,WDF6180,31.0,1.0,46.0,15.0,6.5,57.0,A
368058330,2019-05-08T06:55:17,39.41816,-75.51946,6.3,142.2,511.0,PURPLE  HAYS,,WDC9127,52.0,0.0,24.0,8.0,3.0,52.0,B
338131000,2019-05-08T06:53:22,39.25173,-75.32412,9.0,-92.4,320.0,GENESIS EAGLE,IMO9117260,WDG9347,31.0,12.0,37.0,11.0,4.9,,B
249227000,2019-05-08T06:55:44,39.05576,-75.17154,14.2,158.2,157.0,WARNOW STAR,IMO9509619,9HA4158,70.0,0.0,179.0,28.0,10.0,,B
269021000,2019-05-08T06:54:02,38.87033,-75.0925,0.0,158.0,292.0,THORCO BASILISK,IMO9539377,HBLG,70.0,0.0,161.0,25.0,8.6,,B
258628000,2019-05-08T06:55:52,38.97613,-75.12586,14.7,-72.2,338.0,HOEGH TRACER,IMO9684990,LAUL7,70.0,0.0,199.0,,,,A
369235000,2019-05-08T06:54:25,38.91607,-75.13493,0.0,199.6,310.0,OSG VISION,IMO9436537,WDF2493,31.0,1.0,46.0,15.0,6.5,57.0,A
338131000,2019-05-08T06:56:13,39.25705,-75.33037,9.1,-92.2,320.0,GENESIS EAGLE,IMO9117260,WDG9347,31.0,12.0,37.0,11.0,4.9,,B
240463000,2019-05-08T06:55:03,38.93935,-75.17048,0.0,169.0,335.0,BOUBOULINA,IMO9298753,SZIS,80.0,1.0,274.0,50.0,17.0,80.0,A
269021000,2019-05-08T06:55:21,38.87033,-75.0925,0.1,-170.6,291.0,THORCO BASILISK,IMO9539377,HBLG,70.0,0.0,161.0,25.0,8.6,,A
249227000,2019-05-08T06:56:49,39.0518,-75.16942,14.2,156.9,157.0,WARNOW STAR,IMO9509619,9HA4158,70.0,0.0,179.0,28.0,10.0,,B
368058330,2019-05-08T06:57:18,39.41548,-75.5165,6.4,136.7,511.0,PURPLE  HAYS,,WDC9127,52.0,0.0,24.0,8.0,3.0,52.0,B
338131000,2019-05-08T06:57:53,39.26024,-75.33399,9.1,-91.2,319.0,GENESIS EAGLE,IMO9117260,WDG9347,31.0,12.0,37.0,11.0,4.9,,B
538004030,2019-05-08T06:53:14,38.92681,-75.15864,0.1,-175.7,327.0,FRIO,IMO9596985,V7UU3,80.0,1.0,274.0,48.0,17.1,89.0,A
367100370,2019-05-08T06:57:58,38.78934,-75.11535,20.8,0.5,511.0,LEWES,,WDC9301,50.0,0.0,16.0,5.0,,50.0,B
258628000,2019-05-08T06:58:03,38.98444,-75.13032,14.6,-72.8,337.0,HOEGH TRACER,IMO9684990,LAUL7,70.0,0.0,199.0,,,,A
269021000,2019-05-08T06:56:22,38.87033,-75.0925,0.1,-128.6,291.0,THORCO BASILISK,IMO9539377,HBLG,70.0,0.0,161.0,25.0,8.6,,B
249227000,2019-05-08T06:53:37,39.0635,-75.17562,14.2,157.6,157.0,WARNOW STAR,IMO9509619,9HA4158,70.0,0.0,179.0,28.0,10.0,,B
311073800,2019-05-08T06:56:33,38.98394,-75.21206,0.0,158.9,333.0,EURO,IMO9567702,C6AA5,84.0,1.0,274.0,48.0,-11.5,84.0,A
369235000,2019-05-08T06:57:25,38.91607,-75.13495,0.0,199.6,309.0,OSG VISION,IMO9436537,WDF2493,31.0,1.0,46.0,15.0,6.5,57.0,A
367730710,2019-05-08T06:56:53,39.0156,-74.95864,0.2,185.4,28.0,GODSPEED,,WDI7643,37.0,,,,,,B
269021000,2019-05-08T06:59:01,38.87017,-75.09267,0.2,-152.6,292.0,THORCO BASILISK,IMO9539377,HBLG,70.0,0.0,161.0,25.0,8.6,,B
258628000,2019-05-08T06:59:16,38.98899,-75.13275,14.7,-71.2,338.0,HOEGH TRACER,IMO9684990,LAUL7,70.0,0.0,199.0,,,,A
249227000,2019-05-08T06:59:26,39.04225,-75.16441,14.2,156.7,156.0,WARNOW STAR,IMO9509619,9HA4158,70.0,0.0,179.0,28.0,10.0,,B
368058330,2019-05-08T06:58:29,39.41394,-75.51458,6.4,135.5,511.0,PURPLE  HAYS,,WDC9127,52.0,0.0,24.0,8.0,3.0,52.0,B
338447000,2019-05-08T06:59:07,38.92919,-75.14066,0.1,-188.7,308.0,OSG HORIZON,IMO9436549,WDF6180,31.0,1.0,46.0,15.0,6.5,57.0,A
538004030,2019-05-08T06:59:17,38.92664,-75.15897,0.1,195.7,337.0,FRIO,IMO9596985,V7UU3,80.0,1.0,274.0,48.0,17.1,89.0,A
338131000,2019-05-08T06:59:03,39.2625,-75.33645,9.2,-90.5,319.0,GENESIS EAGLE,IMO9117260,WDG9347,31.0,12.0,37.0,11.0,4.9,,B
338447000,2019-05-08T06:56:07,38.92927,-75.14056,0.1,-188.7,305.0,OSG HORIZON,IMO9436549,WDF6180,31.0,1.0,46.0,15.0,6.5,57.0,A
538004030,2019-05-08T06:56:13,38.92672,-75.15884,0.0,-187.4,331.0,FRIO,IMO9596985,V7UU3,80.0,1.0,274.0,48.0,17.1,89.0,A
367100370,2019-05-08T06:59:22,38.79716,-75.11795,20.7,-67.7,511.0,LEWES,,WDC9301,50.0,0.0,16.0,5.0,,50.0,B
311073800,2019-05-08T06:59:35,38.98398,-75.21201,0.0,95.2,334.0,EURO,IMO9567702,C6AA5,84.0,1.0,274.0,48.0,-11.5,84.0,A
240463000,2019-05-08T06:58:06,38.93932,-75.17052,0.0,177.0,336.0,BOUBOULINA,IMO9298753,SZIS,80.0,1.0,274.0,50.0,17.0,80.0,A
368058330,2019-05-08T06:59:39,39.41246,-75.51267,6.4,135.0,511.0,PURPLE  HAYS,,WDC9127,52.0,0.0,24.0,8.0,3.0,52.0,B
258628000,2019-05-08T07:00:04,38.992,-75.13438,14.6,-71.9,337.0,HOEGH TRACER,IMO9684990,LAUL7,70.0,0.0,199.0,,,,A
269021000,2019-05-08T07:00:01,38.87017,-75.09267,0.1,-98.6,293.0,THORCO BASILISK,IMO9539377,HBLG,70.0,0.0,161.0,25.0,8.6,,B
249227000,2019-05-08T07:00:02,39.04005,-75.16321,14.3,156.7,156.0,WARNOW STAR,IMO9509619,9HA4158,70.0,0.0,179.0,28.0,10.0,,B
338131000,2019-05-08T07:00:03,39.26442,-75.33861,9.2,-90.4,320.0,GENESIS EAGLE,IMO9117260,WDG9347,31.0,12.0,37.0,11.0,4.9,,B
368058330,2019-05-08T07:00:08,39.41184,-75.51188,6.5,137.7,511.0,PURPLE  HAYS,,WDC9127,52.0,0.0,24.0,8.0,3.0,52.0,B
369235000,2019-05-08T07:00:25,38.91599,-75.13501,0.0,199.6,310.0,OSG VISION,IMO9436537,WDF2493,31.0,1.0,46.0,15.0,6.5,57.0,A
240463000,2019-05-08T07:01:05,38.93933,-75.1705,0.0,177.0,338.0,BOUBOULINA,IMO9298753,SZIS,80.0,1.0,274.0,50.0,17.0,80.0,A
249227000,2019-05-08T07:01:07,39.03602,-75.161,14.3,157.1,156.0,WARNOW STAR,IMO9509619,9HA4158,70.0,0.0,179.0,28.0,10.0,,B
258628000,2019-05-08T07:01:10,38.99614,-75.13649,14.3,-72.9,338.0,HOEGH TRACER,IMO9684990,LAUL7,70.0,0.0,199.0,,,,A
338131000,2019-05-08T07:01:22,39.26697,-75.34148,9.2,-90.9,319.0,GENESIS EAGLE,IMO9117260,WDG9347,31.0,12.0,37.0,11.0,4.9,,B
367100370,2019-05-08T07:00:22,38.80268,-75.11849,21.1,27.4,511.0,LEWES,,WDC9301,50.0,0.0,16.0,5.0,,50.0,B
367100370,2019-05-08T07:01:34,38.8066,-75.11094,22.2,65.6,511.0,LEWES,,WDC9301,50.0,0.0,16.0,5.0,,50.0,B
269021000,2019-05-08T07:01:11,38.87017,-75.09267,0.2,25.0,293.0,THORCO BASILISK,IMO9539377,HBLG,70.0,0.0,161.0,25.0,8.6,,B
368058330,2019-05-08T07:01:18,39.41019,-75.5102,6.4,141.6,511.0,PURPLE  HAYS,,WDC9127,52.0,0.0,24.0,8.0,3.0,52.0,B
338447000,2019-05-08T07:02:07,38.92912,-75.14073,0.1,-188.7,311.0,OSG HORIZON,IMO9436549,WDF6180,31.0,1.0,46.0,15.0,6.5,57.0,A
249227000,2019-05-08T07:02:14,39.03193,-75.15875,14.3,156.5,156.0,WARNOW STAR,IMO9509619,9HA4158,70.0,0.0,179.0,28.0,10.0,,B
538004030,2019-05-08T07:02:16,38.92662,-75.15899,0.2,114.9,341.0,FRIO,IMO9596985,V7UU3,80.0,1.0,274.0,48.0,17.1,89.0,A
258628000,2019-05-08T07:02:16,39.00026,-75.1386,14.3,-72.3,338.0,HOEGH TRACER,IMO9684990,LAUL7,70.0,0.0,199.0,,,,A
269021000,2019-05-08T07:02:21,38.87017,-75.09267,0.1,186.0,293.0,THORCO BASILISK,IMO9539377,HBLG,70.0,0.0,161.0,25.0,8.6,,B
368058330,2019-05-08T07:02:29,39.40857,-75.5085,6.4,138.3,511.0,PURPLE  HAYS,,WDC9127,52.0,0.0,24.0,8.0,3.0,52.0,B
311073800,2019-05-08T07:02:33,38.984,-75.21197,0.0,119.8,333.0,EURO,IMO9567702,C6AA5,84.0,1.0,274.0,48.0,-11.5,84.0,A
338131000,2019-05-08T07:02:33,39.26927,-75.34405,9.2,-91.1,319.0,GENESIS EAGLE,IMO9117260,WDG9347,31.0,12.0,37.0,11.0,4.9,,B
367730710,2019-05-08T07:02:54,39.01563,-74.9586,0.1,193.6,33.0,GODSPEED,,WDI7643,37.0,,,,,,B
249227000,2019-05-08T07:03:26,39.02757,-75.15639,14.4,157.1,156.0,WARNOW STAR,IMO9509619,9HA4158,70.0,0.0,179.0,28.0,10.0,,B
369235000,2019-05-08T07:03:25,38.91596,-75.13505,0.0,199.6,313.0,OSG VISION,IMO9436537,WDF2493,31.0,1.0,46.0,15.0,6.5,57.0,A
368058330,2019-05-08T07:03:39,39.40703,-75.50665,6.5,136.1,511.0,PURPLE  HAYS,,WDC9127,52.0,0.0,24.0,8.0,3.0,52.0,B
258628000,2019-05-08T07:03:28,39.00467,-75.14105,14.4,-73.3,337.0,HOEGH TRACER,IMO9684990,LAUL7,70.0,0.0,199.0,,,,A
269021000,2019-05-08T07:03:22,38.87017,-75.09267,0.0,14.0,294.0,THORCO BASILISK,IMO9539377,HBLG,70.0,0.0,161.0,25.0,8.6,,B
367100370,2019-05-08T07:03:42,38.81044,-75.09455,22.9,84.2,511.0,LEWES,,WDC9301,50.0,0.0,16.0,5.0,,50.0,A
338131000,2019-05-08T07:03:44,39.2715,-75.34659,9.2,-91.1,319.0,GENESIS EAGLE,IMO9117260,WDG9347,31.0,12.0,37.0,11.0,4.9,,B
258628000,2019-05-08T07:04:34,39.0088,-75.14335,14.4,-73.3,337.0,HOEGH TRACER,IMO9684990,LAUL7,70.0,0.0,199.0,,,,A
269021000,2019-05-08T07:04:32,38.87017,-75.09267,0.2,87.0,295.0,THORCO BASILISK,IMO9539377,HBLG,70.0,0.0,161.0,25.0,8.6,,B
367100370,2019-05-08T07:02:40,38.8092,-75.10268,22.5,75.2,511.0,LEWES,,WDC9301,50.0,0.0,16.0,5.0,,50.0,B
240463000,2019-05-08T07:04:06,38.93933,-75.1705,0.0,177.0,338.0,BOUBOULINA,IMO9298753,SZIS,80.0,1.0,274.0,50.0,17.0,80.0,A
368058330,2019-05-08T07:04:47,39.40552,-75.5048,6.6,136.1,511.0,PURPLE  HAYS,,WDC9127,52.0,0.0,24.0,8.0,3.0,52.0,B
338447000,2019-05-08T07:05:07,38.92906,-75.1408,0.1,-188.7,315.0,OSG HORIZON,IMO9436549,WDF6180,31.0,1.0,46.0,15.0,6.5,57.0,A
249227000,2019-05-08T07:04:32,39.02352,-75.15418,14.4,156.4,156.0,WARNOW STAR,IMO9509619,9HA4158,70.0,0.0,179.0,28.0,10.0,,B
311073800,2019-05-08T07:05:33,38.98396,-75.2119,0.0,122.5,331.0,EURO,IMO9567702,C6AA5,84.0,1.0,274.0,48.0,-11.5,84.0,A
249227000,2019-05-08T07:05:38,39.01945,-75.15197,14.4,157.0,155.0,WARNOW STAR,IMO9509619,9HA4158,70.0,0.0,179.0,28.0,10.0,,B
269021000,2019-05-08T07:05:42,38.87017,-75.0925,0.2,80.0,294.0,THORCO BASILISK,IMO9539377,HBLG,70.0,0.0,161.0,25.0,8.6,,B
258628000,2019-05-08T07:05:46,39.01321,-75.14577,14.3,-73.3,337.0,HOEGH TRACER,IMO9684990,LAUL7,70.0,0.0,199.0,,,,A
368058330,2019-05-08T07:05:59,39.40392,-75.50297,6.5,137.8,511.0,PURPLE  HAYS,,WDC9127,52.0,0.0,24.0,8.0,3.0,52.0,B
367730710,2019-05-08T07:05:54,39.01562,-74.95856,0.1,16.2,34.0,GODSPEED,,WDI7643,37.0,,,,,,B
338131000,2019-05-08T07:04:52,39.27372,-75.34909,9.2,-91.5,319.0,GENESIS EAGLE,IMO9117260,WDG9347,31.0,12.0,37.0,11.0,4.9,,B
338131000,2019-05-08T07:06:12,39.27627,-75.35204,9.1,-91.0,320.0,GENESIS EAGLE,IMO9117260,WDG9347,31.0,12.0,37.0,11.0,4.9,,B
249227000,2019-05-08T07:06:44,39.01535,-75.14959,14.6,154.6,153.0,WARNOW STAR,IMO9509619,9HA4158,70.0,0.0,179.0,28.0,10.0,,B
269021000,2019-05-08T07:07:02,38.87017,-75.0925,0.1,90.0,294.0,THORCO BASILISK,IMO9539377,HBLG,70.0,0.0,161.0,25.0,8.6,,B
258628000,2019-05-08T07:06:51,39.0172,-75.14801,14.3,-73.4,337.0,HOEGH TRACER,IMO9684990,LAUL7,70.0,0.0,199.0,,,,A
240463000,2019-05-08T07:07:04,38.93932,-75.17053,0.0,177.0,339.0,BOUBOULINA,IMO9298753,SZIS,80.0,1.0,274.0,50.0,17.0,80.0,A
368058330,2019-05-08T07:07:07,39.40239,-75.50112,6.5,138.3,511.0,PURPLE  HAYS,,WDC9127,52.0,0.0,24.0,8.0,3.0,52.0,B
367730710,2019-05-08T07:07:23,39.01562,-74.95853,0.4,141.7,34.0,GODSPEED,,WDI7643,37.0,,,,,,B
249227000,2019-05-08T07:07:50,39.01136,-75.14709,14.5,153.8,153.0,WARNOW STAR,IMO9509619,9HA4158,70.0,0.0,179.0,28.0,10.0,,B
338447000,2019-05-08T07:08:07,38.92896,-75.1409,0.1,-188.7,320.0,OSG HORIZON,IMO9436549,WDF6180,31.0,1.0,46.0,15.0,6.5,57.0,A
258628000,2019-05-08T07:07:58,39.02124,-75.15027,14.3,-73.7,337.0,HOEGH TRACER,IMO9684990,LAUL7,70.0,0.0,199.0,,,,A
368058330,2019-05-08T07:08:17,39.40079,-75.4993,6.5,139.4,511.0,PURPLE  HAYS,,WDC9127,52.0,0.0,24.0,8.0,3.0,52.0,B
269021000,2019-05-08T07:08:12,38.87017,-75.0925,0.2,65.0,297.0,THORCO BASILISK,IMO9539377,HBLG,70.0,0.0,161.0,25.0,8.6,,B
338131000,2019-05-08T07:08:32,39.28061,-75.35697,8.9,-91.3,320.0,GENESIS EAGLE,IMO9117260,WDG9347,31.0,12.0,37.0,11.0,4.9,,B
369235000,2019-05-08T07:06:25,38.91594,-75.13505,0.0,199.6,317.0,OSG VISION,IMO9436537,WDF2493,31.0,1.0,46.0,15.0,6.5,57.0,A
367730710,2019-05-08T07:08:27,39.01563,-74.95854,0.5,141.7,27.0,GODSPEED,,WDI7643,37.0,,,,,,B
258628000,2019-05-08T07:09:16,39.02607,-75.153,14.3,-73.4,337.0,HOEGH TRACER,IMO9684990,LAUL7,70.0,0.0,199.0,,,,A
369235000,2019-05-08T07:09:25,38.916,-75.13498,0.1,199.6,316.0,OSG VISION,IMO9436537,WDF2493,31.0,1.0,46.0,15.0,6.5,57.0,A
338131000,2019-05-08T07:09:34,39.28252,-75.35913,8.9,-91.0,319.0,GENESIS EAGLE,IMO9117260,WDG9347,31.0,12.0,37.0,11.0,4.9,,B
269021000,2019-05-08T07:09:23,38.87017,-75.09233,0.1,102.0,298.0,THORCO BASILISK,IMO9539377,HBLG,70.0,0.0,161.0,25.0,8.6,,B
338131000,2019-05-08T07:07:22,39.27849,-75.35453,9.0,-91.5,319.0,GENESIS EAGLE,IMO9117260,WDG9347,31.0,12.0,37.0,11.0,4.9,,B
368058330,2019-05-08T07:09:28,39.39914,-75.49747,6.6,135.6,511.0,PURPLE  HAYS,,WDC9127,52.0,0.0,24.0,8.0,3.0,52.0,B
538004030,2019-05-08T07:08:15,38.92677,-75.15879,0.0,65.2,340.0,FRIO,IMO9596985,V7UU3,80.0,1.0,274.0,48.0,17.1,89.0,A
311073800,2019-05-08T07:08:36,38.98403,-75.21184,0.0,86.5,329.0,EURO,IMO9567702,C6AA5,84.0,1.0,274.0,48.0,-11.5,84.0,A
249227000,2019-05-08T07:08:56,39.00735,-75.14458,14.6,153.8,153.0,WARNOW STAR,IMO9509619,9HA4158,70.0,0.0,179.0,28.0,10.0,,B
240463000,2019-05-08T07:10:06,38.9393,-75.17052,0.0,177.0,339.0,BOUBOULINA,IMO9298753,SZIS,80.0,1.0,274.0,50.0,17.0,80.0,A
249227000,2019-05-08T07:10:02,39.00339,-75.14208,14.7,154.1,154.0,WARNOW STAR,IMO9509619,9HA4158,70.0,0.0,179.0,28.0,10.0,,B
258628000,2019-05-08T07:10:34,39.03086,-75.15571,14.3,-73.6,337.0,HOEGH TRACER,IMO9684990,LAUL7,70.0,0.0,199.0,,,,A
269021000,2019-05-08T07:10:32,38.87017,-75.09233,0.2,26.0,297.0,THORCO BASILISK,IMO9539377,HBLG,70.0,0.0,161.0,25.0,8.6,,B
368058330,2019-05-08T07:10:38,39.39758,-75.49563,6.4,139.5,511.0,PURPLE  HAYS,,WDC9127,52.0,0.0,24.0,8.0,3.0,52.0,B
338131000,2019-05-08T07:10:43,39.28467,-75.36162,8.9,-91.9,319.0,GENESIS EAGLE,IMO9117260,WDG9347,31.0,12.0,37.0,11.0,4.9,,B
249227000,2019-05-08T07:11:08,38.99925,-75.13961,14.7,155.5,155.0,WARNOW STAR,IMO9509619,9HA4158,70.0,0.0,179.0,28.0,10.0,,B
538004030,2019-05-08T07:11:14,38.92679,-75.1587,0.0,124.9,337.0,FRIO,IMO9596985,V7UU3,80.0,1.0,274.0,48.0,17.1,89.0,A
311073800,2019-05-08T07:11:35,38.98406,-75.21181,0.1,159.8,326.0,EURO,IMO9567702,C6AA5,84.0,1.0,274.0,48.0,-11.5,84.0,A
368058330,2019-05-08T07:11:57,39.39585,-75.49373,6.2,139.6,511.0,PURPLE  HAYS,,WDC9127,52.0,0.0,24.0,8.0,3.0,52.0,B
258628000,2019-05-08T07:11:58,39.03601,-75.15864,14.6,-72.5,337.0,HOEGH TRACER,IMO9684990,LAUL7,70.0,0.0,199.0,,,,A
338131000,2019-05-08T07:11:53,39.28684,-75.36415,8.9,-90.9,320.0,GENESIS EAGLE,IMO9117260,WDG9347,31.0,12.0,37.0,11.0,4.9,,B
269021000,2019-05-08T07:11:42,38.87033,-75.09233,0.1,67.0,295.0,THORCO BASILISK,IMO9539377,HBLG,70.0,0.0,161.0,25.0,8.6,,B
367730710,2019-05-08T07:11:55,39.0156,-74.95857,0.1,192.1,30.0,GODSPEED,,WDI7643,37.0,,,,,,B
338447000,2019-05-08T07:11:07,38.9289,-75.14099,0.1,-188.7,326.0,OSG HORIZON,IMO9436549,WDF6180,31.0,1.0,46.0,15.0,6.5,57.0,A
249227000,2019-05-08T07:12:26,38.99439,-75.13676,14.8,155.8,155.0,WARNOW STAR,IMO9509619,9HA4158,70.0,0.0,179.0,28.0,10.0,,B
369235000,2019-05-08T07:12:25,38.91607,-75.13495,0.1,199.6,312.0,OSG VISION,IMO9436537,WDF2493,31.0,1.0,46.0,15.0,6.5,57.0,A
258628000,2019-05-08T07:13:15,39.04077,-75.16133,14.6,-72.9,338.0,HOEGH TRACER,IMO9684990,LAUL7,70.0,0.0,199.0,,,,A
269021000,2019-05-08T07:12:53,38.87033,-75.09233,0.0,-136.6,293.0,THORCO BASILISK,IMO9539377,HBLG,70.0,0.0,161.0,25.0,8.6,,B
338131000,2019-05-08T07:13:04,39.2891,-75.36672,8.8,-91.4,320.0,GENESIS EAGLE,IMO9117260,WDG9347,31.0,12.0,37.0,11.0,4.9,,B
240463000,2019-05-08T07:13:06,38.93928,-75.1705,0.0,177.0,339.0,BOUBOULINA,IMO9298753,SZIS,80.0,1.0,274.0,50.0,17.0,80.0,A
249227000,2019-05-08T07:13:44,38.9895,-75.1339,14.9,155.4,154.0,WARNOW STAR,IMO9509619,9HA4158,70.0,0.0,179.0,28.0,10.0,,B
538004030,2019-05-08T07:14:13,38.92674,-75.15869,0.1,192.0,336.0,FRIO,IMO9596985,V7UU3,80.0,1.0,274.0,48.0,17.1,89.0,A
368058330,2019-05-08T07:13:08,39.39436,-75.49203,6.1,139.0,511.0,PURPLE  HAYS,,WDC9127,52.0,0.0,24.0,8.0,3.0,52.0,B
258628000,2019-05-08T07:14:28,39.04527,-75.16389,14.4,-73.7,337.0,HOEGH TRACER,IMO9684990,LAUL7,70.0,0.0,199.0,,,,A
269021000,2019-05-08T07:14:03,38.87031,-75.0923,0.1,-194.6,292.0,THORCO BASILISK,IMO9539377,HBLG,70.0,0.0,161.0,25.0,8.6,,B
367730710,2019-05-08T07:13:24,39.01559,-74.95858,0.5,181.1,27.0,GODSPEED,,WDI7643,37.0,,,,,,B
338447000,2019-05-08T07:14:07,38.92885,-75.14103,0.0,-188.7,329.0,OSG HORIZON,IMO9436549,WDF6180,31.0,1.0,46.0,15.0,6.5,57.0,A
338131000,2019-05-08T07:14:23,39.29149,-75.36937,8.8,-90.8,320.0,GENESIS EAGLE,IMO9117260,WDG9347,31.0,12.0,37.0,11.0,4.9,,B
311073800,2019-05-08T07:14:34,38.98401,-75.21183,0.1,-189.7,325.0,EURO,IMO9567702,C6AA5,84.0,1.0,274.0,48.0,-11.5,84.0,A
368058330,2019-05-08T07:14:18,39.3928,-75.49047,6.0,143.5,511.0,PURPLE  HAYS,,WDC9127,52.0,0.0,24.0,8.0,3.0,52.0,B
249227000,2019-05-08T07:15:08,38.98423,-75.13078,14.9,155.5,156.0,WARNOW STAR,IMO9509619,9HA4158,70.0,0.0,179.0,28.0,10.0,,B
269021000,2019-05-08T07:15:12,38.87033,-75.09233,0.2,-156.6,291.0,THORCO BASILISK,IMO9539377,HBLG,70.0,0.0,161.0,25.0,8.6,,B
367730710,2019-05-08T07:14:55,39.01561,-74.95859,0.1,181.1,27.0,GODSPEED,,WDI7643,37.0,,,,,,B
258628000,2019-05-08T07:15:34,39.04936,-75.16619,14.5,-72.8,338.0,HOEGH TRACER,IMO9684990,LAUL7,70.0,0.0,199.0,,,,A
368058330,2019-05-08T07:15:57,39.39069,-75.48816,6.2,137.7,511.0,PURPLE  HAYS,,WDC9127,52.0,0.0,24.0,8.0,3.0,52.0,B
338131000,2019-05-08T07:15:33,39.29364,-75.3718,8.8,-91.4,320.0,GENESIS EAGLE,IMO9117260,WDG9347,31.0,12.0,37.0,11.0,4.9,,B
240463000,2019-05-08T07:16:05,38.93927,-75.17048,0.0,177.0,338.0,BOUBOULINA,IMO9298753,SZIS,80.0,1.0,274.0,50.0,17.0,80.0,A
249227000,2019-05-08T07:16:44,38.97813,-75.12732,14.9,156.1,156.0,WARNOW STAR,IMO9509619,9HA4158,70.0,0.0,179.0,28.0,10.0,,B
269021000,2019-05-08T07:16:23,38.87033,-75.09233,0.2,-162.6,290.0,THORCO BASILISK,IMO9539377,HBLG,70.0,0.0,161.0,25.0,8.6,,B
338131000,2019-05-08T07:16:34,39.29548,-75.37387,8.8,-90.6,319.0,GENESIS EAGLE,IMO9117260,WDG9347,31.0,12.0,37.0,11.0,4.9,,B
369235000,2019-05-08T07:15:25,38.91591,-75.13512,0.2,-181.0,315.0,OSG VISION,IMO9436537,WDF2493,31.0,1.0,46.0,15.0,6.5,57.0,A
338447000,2019-05-08T07:17:07,38.92881,-75.14106,0.1,-188.7,325.0,OSG HORIZON,IMO9436549,WDF6180,31.0,1.0,46.0,15.0,6.5,57.0,A
368058330,2019-05-08T07:17:08,39.38905,-75.4864,6.4,143.6,511.0,PURPLE  HAYS,,WDC9127,52.0,0.0,24.0,8.0,3.0,52.0,B
338131000,2019-05-08T07:18:03,39.29826,-75.37712,8.7,-92.2,318.0,GENESIS EAGLE,IMO9117260,WDG9347,31.0,12.0,37.0,11.0,4.9,,B
269021000,2019-05-08T07:18:12,38.87033,-75.0925,0.1,-162.6,291.0,THORCO BASILISK,IMO9539377,HBLG,70.0,0.0,161.0,25.0,8.6,,B
249227000,2019-05-08T07:18:08,38.97281,-75.1243,14.9,156.0,156.0,WARNOW STAR,IMO9509619,9HA4158,70.0,0.0,179.0,28.0,10.0,,B
311073800,2019-05-08T07:17:35,38.98398,-75.21197,0.0,-175.0,328.0,EURO,IMO9567702,C6AA5,84.0,1.0,274.0,48.0,-11.5,84.0,A
369235000,2019-05-08T07:18:25,38.91576,-75.13529,0.1,-184.3,323.0,OSG VISION,IMO9436537,WDF2493,31.0,1.0,46.0,15.0,6.5,57.0,A
368058330,2019-05-08T07:18:18,39.38739,-75.48484,6.4,145.9,511.0,PURPLE  HAYS,,WDC9127,52.0,0.0,24.0,8.0,3.0,52.0,B
258628000,2019-05-08T07:19:22,39.06356,-75.17363,14.5,-71.3,339.0,HOEGH TRACER,IMO9684990,LAUL7,70.0,0.0,199.0,,,,A
367730710,2019-05-08T07:18:53,39.01563,-74.95856,0.3,35.0,32.0,GODSPEED,,WDI7643,37.0,,,,,,B
258628000,2019-05-08T07:16:39,39.05342,-75.16834,14.5,-71.0,338.0,HOEGH TRACER,IMO9684990,LAUL7,70.0,0.0,199.0,,,,A
240463000,2019-05-08T07:19:06,38.93928,-75.17053,0.0,177.0,339.0,BOUBOULINA,IMO9298753,SZIS,80.0,1.0,274.0,50.0,17.0,80.0,A
338131000,2019-05-08T07:19:14,39.30027,-75.3795,8.6,-92.3,318.0,GENESIS EAGLE,IMO9117260,WDG9347,31.0,12.0,37.0,11.0,4.9,,B
269021000,2019-05-08T07:19:23,38.87025,-75.09256,0.2,-154.6,292.0,THORCO BASILISK,IMO9539377,HBLG,70.0,0.0,161.0,25.0,8.6,,B
258628000,2019-05-08T07:17:58,39.05836,-75.17093,14.6,-71.3,338.0,HOEGH TRACER,IMO9684990,LAUL7,70.0,0.0,199.0,,,,A
367730710,2019-05-08T07:19:54,39.01564,-74.95855,0.4,35.0,29.0,GODSPEED,,WDI7643,37.0,,,,,,B
249227000,2019-05-08T07:20:38,38.96328,-75.11893,15.0,156.4,157.0,WARNOW STAR,IMO9509619,9HA4158,70.0,0.0,179.0,28.0,10.0,,B
338447000,2019-05-08T07:20:07,38.92871,-75.14117,0.1,-196.3,330.0,OSG HORIZON,IMO9436549,WDF6180,31.0,1.0,46.0,15.0,6.5,57.0,A
338131000,2019-05-08T07:20:43,39.30287,-75.38263,8.5,-92.8,318.0,GENESIS EAGLE,IMO9117260,WDG9347,31.0,12.0,37.0,11.0,4.9,,B
538004030,2019-05-08T07:20:16,38.9266,-75.159,0.1,-173.0,341.0,FRIO,IMO9596985,V7UU3,80.0,1.0,274.0,48.0,17.1,89.0,A
311073800,2019-05-08T07:20:32,38.98393,-75.21208,0.0,-190.9,332.0,EURO,IMO9567702,C6AA5,84.0,1.0,274.0,48.0,-11.5,84.0,A
269021000,2019-05-08T07:20:31,38.87017,-75.09267,0.1,-179.6,291.0,THORCO BASILISK,IMO9539377,HBLG,70.0,0.0,161.0,25.0,8.6,,B
368058330,2019-05-08T07:20:48,39.38375,-75.48149,6.6,142.2,511.0,PURPLE  HAYS,,WDC9127,52.0,0.0,24.0,8.0,3.0,52.0,B
249227000,2019-05-08T07:19:14,38.9687,-75.12192,14.9,156.8,157.0,WARNOW STAR,IMO9509619,9HA4158,70.0,0.0,179.0,28.0,10.0,,B
368058330,2019-05-08T07:19:37,39.38545,-75.4831,6.4,144.5,511.0,PURPLE  HAYS,,WDC9127,52.0,0.0,24.0,8.0,3.0,52.0,B
258628000,2019-05-08T07:20:27,39.06768,-75.17581,14.5,-72.3,338.0,HOEGH TRACER,IMO9684990,LAUL7,70.0,0.0,199.0,,,,A
367699890,2019-05-08T07:21:09,38.78533,-75.11833,22.5,36.5,511.0,J P VIRDEN,,WDI4560,,15.0,16.0,,,,A
258628000,2019-05-08T07:21:33,39.07182,-75.17796,14.4,-71.4,338.0,HOEGH TRACER,IMO9684990,LAUL7,70.0,0.0,199.0,,,,A
249227000,2019-05-08T07:21:56,38.9583,-75.1162,14.9,156.2,157.0,WARNOW STAR,IMO9509619,9HA4158,70.0,0.0,179.0,28.0,10.0,,B
338131000,2019-05-08T07:22:12,39.30538,-75.38575,8.5,-92.1,320.0,GENESIS EAGLE,IMO9117260,WDG9347,31.0,12.0,37.0,11.0,4.9,,B
369235000,2019-05-08T07:21:25,38.91568,-75.13538,0.0,-184.3,327.0,OSG VISION,IMO9436537,WDF2493,31.0,1.0,46.0,15.0,6.5,57.0,A
368058330,2019-05-08T07:22:07,39.38184,-75.47949,6.5,142.3,511.0,PURPLE  HAYS,,WDC9127,52.0,0.0,24.0,8.0,3.0,52.0,B
269021000,2019-05-08T07:21:42,38.87017,-75.09267,0.2,-187.6,291.0,THORCO BASILISK,IMO9539377,HBLG,70.0,0.0,161.0,25.0,8.6,,B
367699890,2019-05-08T07:22:45,38.79517,-75.11683,22.4,-58.6,511.0,J P VIRDEN,,WDI4560,,15.0,16.0,,,,B
240463000,2019-05-08T07:22:03,38.9393,-75.17058,0.0,177.0,340.0,BOUBOULINA,IMO9298753,SZIS,80.0,1.0,274.0,50.0,17.0,80.0,A
258628000,2019-05-08T07:23:10,39.07794,-75.18105,14.7,-70.5,339.0,HOEGH TRACER,IMO9684990,LAUL7,70.0,0.0,199.0,,,,A
269021000,2019-05-08T07:22:53,38.87017,-75.09267,0.2,-192.6,293.0,THORCO BASILISK,IMO9539377,HBLG,70.0,0.0,161.0,25.0,8.6,,B
367730710,2019-05-08T07:22:55,39.01565,-74.95854,1.3,-82.9,31.0,GODSPEED,,WDI7643,37.0,,,,,,B
338447000,2019-05-08T07:23:07,38.9287,-75.14114,0.2,45.8,334.0,OSG HORIZON,IMO9436549,WDF6180,31.0,1.0,46.0,15.0,6.5,57.0,A
249227000,2019-05-08T07:22:58,38.95442,-75.11405,14.9,157.9,158.0,WARNOW STAR,IMO9509619,9HA4158,70.0,0.0,179.0,28.0,10.0,,A
368058330,2019-05-08T07:23:18,39.38018,-75.4778,6.5,141.1,511.0,PURPLE  HAYS,,WDC9127,52.0,0.0,24.0,8.0,3.0,52.0,B
367699890,2019-05-08T07:24:09,38.80317,-75.11683,23.5,48.3,511.0,J P VIRDEN,,WDI4560,,15.0,16.0,,,,A
538004030,2019-05-08T07:23:17,38.92662,-75.15908,0.2,-155.9,347.0,FRIO,IMO9596985,V7UU3,80.0,1.0,274.0,48.0,17.1,89.0,A
338131000,2019-05-08T07:23:22,39.30747,-75.38815,8.5,-91.6,319.0,GENESIS EAGLE,IMO9117260,WDG9347,31.0,12.0,37.0,11.0,4.9,,B
367730710,2019-05-08T07:24:25,39.01564,-74.95852,0.4,183.3,30.0,GODSPEED,,WDI7643,37.0,,,,,,B
311073800,2019-05-08T07:23:35,38.98388,-75.2121,0.0,156.4,335.0,EURO,IMO9567702,C6AA5,84.0,1.0,274.0,48.0,-11.5,84.0,A
258628000,2019-05-08T07:24:28,39.08283,-75.18368,14.6,-76.7,333.0,HOEGH TRACER,IMO9684990,LAUL7,70.0,0.0,199.0,,,,A
269021000,2019-05-08T07:24:01,38.87017,-75.09267,0.1,-191.6,294.0,THORCO BASILISK,IMO9539377,HBLG,70.0,0.0,161.0,25.0,8.6,,B
338131000,2019-05-08T07:24:32,39.30956,-75.39049,8.5,-91.0,319.0,GENESIS EAGLE,IMO9117260,WDG9347,31.0,12.0,37.0,11.0,4.9,,B
368058330,2019-05-08T07:24:37,39.37828,-75.47579,6.5,139.1,511.0,PURPLE  HAYS,,WDC9127,52.0,0.0,24.0,8.0,3.0,52.0,B
249227000,2019-05-08T07:24:02,38.95031,-75.11188,15.0,157.8,158.0,WARNOW STAR,IMO9509619,9HA4158,70.0,0.0,179.0,28.0,10.0,,B
369235000,2019-05-08T07:24:24,38.91563,-75.13534,0.1,-184.3,329.0,OSG VISION,IMO9436537,WDF2493,31.0,1.0,46.0,15.0,6.5,57.0,A
249227000,2019-05-08T07:25:07,38.94607,-75.10965,14.9,157.3,158.0,WARNOW STAR,IMO9509619,9HA4158,70.0,0.0,179.0,28.0,10.0,,B
367699890,2019-05-08T07:25:25,38.807,-75.10717,24.2,65.9,511.0,J P VIRDEN,,WDI4560,,15.0,16.0,,,,B
367730710,2019-05-08T07:25:55,39.01563,-74.95854,0.3,151.1,31.0,GODSPEED,,WDI7643,37.0,,,,,,B
338131000,2019-05-08T07:26:13,39.31252,-75.3939,8.5,-90.8,320.0,GENESIS EAGLE,IMO9117260,WDG9347,31.0,12.0,37.0,11.0,4.9,,B
240463000,2019-05-08T07:25:03,38.93928,-75.17062,0.0,177.0,341.0,BOUBOULINA,IMO9298753,SZIS,80.0,1.0,274.0,50.0,17.0,80.0,A
269021000,2019-05-08T07:25:02,38.87014,-75.09273,0.1,-162.6,295.0,THORCO BASILISK,IMO9539377,HBLG,70.0,0.0,161.0,25.0,8.6,,B
368058330,2019-05-08T07:26:07,39.37628,-75.47346,6.5,136.5,511.0,PURPLE  HAYS,,WDC9127,52.0,0.0,24.0,8.0,3.0,52.0,B
338447000,2019-05-08T07:26:07,38.92876,-75.14096,0.1,53.7,327.0,OSG HORIZON,IMO9436549,WDF6180,31.0,1.0,46.0,15.0,6.5,57.0,A
258628000,2019-05-08T07:26:10,39.08855,-75.18867,14.5,-84.8,325.0,HOEGH TRACER,IMO9684990,LAUL7,70.0,0.0,199.0,,,,A
269021000,2019-05-08T07:26:11,38.87017,-75.09267,0.1,185.0,295.0,THORCO BASILISK,IMO9539377,HBLG,70.0,0.0,161.0,25.0,8.6,,B
311073800,2019-05-08T07:26:35,38.98394,-75.21207,0.0,50.2,335.0,EURO,IMO9567702,C6AA5,84.0,1.0,274.0,48.0,-11.5,84.0,A
249227000,2019-05-08T07:26:08,38.94222,-75.10764,14.9,158.0,158.0,WARNOW STAR,IMO9509619,9HA4158,70.0,0.0,179.0,28.0,10.0,,B
538004030,2019-05-08T07:26:16,38.92671,-75.15897,0.2,59.7,348.0,FRIO,IMO9596985,V7UU3,80.0,1.0,274.0,48.0,17.1,89.0,A
367699890,2019-05-08T07:26:27,38.80967,-75.09883,24.1,69.7,511.0,J P VIRDEN,,WDI4560,,15.0,16.0,,,,B
368058330,2019-05-08T07:27:28,39.3745,-75.47141,6.3,138.7,511.0,PURPLE  HAYS,,WDC9127,52.0,0.0,24.0,8.0,3.0,52.0,B
338131000,2019-05-08T07:27:33,39.31489,-75.39654,8.6,-91.3,318.0,GENESIS EAGLE,IMO9117260,WDG9347,31.0,12.0,37.0,11.0,4.9,,B
269021000,2019-05-08T07:27:13,38.87017,-75.09283,0.1,196.0,296.0,THORCO BASILISK,IMO9539377,HBLG,70.0,0.0,161.0,25.0,8.6,,B
249227000,2019-05-08T07:27:13,38.93798,-75.10548,14.9,158.3,158.0,WARNOW STAR,IMO9509619,9HA4158,70.0,0.0,179.0,28.0,10.0,,B
369235000,2019-05-08T07:27:25,38.91572,-75.13517,0.2,75.6,328.0,OSG VISION,IMO9436537,WDF2493,31.0,1.0,46.0,15.0,6.5,57.0,A
367699890,2019-05-08T07:27:29,38.80867,-75.09017,25.2,115.9,511.0,J P VIRDEN,,WDI4560,,15.0,16.0,,,,B
258628000,2019-05-08T07:27:34,39.09315,-75.19285,14.5,-85.6,325.0,HOEGH TRACER,IMO9684990,LAUL7,70.0,0.0,199.0,,,,A
338131000,2019-05-08T07:28:42,39.31697,-75.39894,8.6,-91.9,318.0,GENESIS EAGLE,IMO9117260,WDG9347,31.0,12.0,37.0,11.0,4.9,,B
249227000,2019-05-08T07:28:14,38.93412,-75.10351,14.9,157.8,157.0,WARNOW STAR,IMO9509619,9HA4158,70.0,0.0,179.0,28.0,10.0,,B
258628000,2019-05-08T07:29:04,39.09804,-75.19733,14.4,-83.9,326.0,HOEGH TRACER,IMO9684990,LAUL7,70.0,0.0,199.0,,,,A
269021000,2019-05-08T07:29:13,38.87,-75.09283,0.1,-61.6,298.0,THORCO BASILISK,IMO9539377,HBLG,70.0,0.0,161.0,25.0,8.6,,B
240463000,2019-05-08T07:28:05,38.93917,-75.17062,0.0,177.0,342.0,BOUBOULINA,IMO9298753,SZIS,80.0,1.0,274.0,50.0,17.0,80.0,A
368058330,2019-05-08T07:29:28,39.37183,-75.46844,6.3,139.5,511.0,PURPLE  HAYS,,WDC9127,52.0,0.0,24.0,8.0,3.0,52.0,B
367730710,2019-05-08T07:28:24,39.01564,-74.95853,0.6,-52.9,29.0,GODSPEED,,WDI7643,37.0,,,,,,B
258628000,2019-05-08T07:30:10,39.10173,-75.20067,14.4,-84.5,325.0,HOEGH TRACER,IMO9684990,LAUL7,70.0,0.0,199.0,,,,A
338447000,2019-05-08T07:29:07,38.92874,-75.14096,0.1,53.7,325.0,OSG HORIZON,IMO9436549,WDF6180,31.0,1.0,46.0,15.0,6.5,57.0,A
338131000,2019-05-08T07:30:13,39.3196,-75.40209,8.5,-92.6,319.0,GENESIS EAGLE,IMO9117260,WDG9347,31.0,12.0,37.0,11.0,4.9,,B
538004030,2019-05-08T07:29:14,38.92684,-75.15873,0.1,64.5,343.0,FRIO,IMO9596985,V7UU3,80.0,1.0,274.0,48.0,17.1,89.0,A
367730710,2019-05-08T07:29:25,39.01563,-74.95852,0.2,-116.9,33.0,GODSPEED,,WDI7643,37.0,,,,,,B
249227000,2019-05-08T07:29:26,38.92947,-75.10117,14.9,158.7,158.0,WARNOW STAR,IMO9509619,9HA4158,70.0,0.0,179.0,28.0,10.0,,B
369235000,2019-05-08T07:30:25,38.91573,-75.13501,0.1,89.9,319.0,OSG VISION,IMO9436537,WDF2493,31.0,1.0,46.0,15.0,6.5,57.0,A
311073800,2019-05-08T07:29:33,38.98394,-75.21198,0.0,105.0,334.0,EURO,IMO9567702,C6AA5,84.0,1.0,274.0,48.0,-11.5,84.0,A
367100370,2019-05-08T07:30:50,38.80975,-75.09238,16.7,-134.8,511.0,LEWES,,WDC9301,50.0,0.0,16.0,5.0,,50.0,B
249227000,2019-05-08T07:30:50,38.92399,-75.09845,14.8,161.1,160.0,WARNOW STAR,IMO9509619,9HA4158,70.0,0.0,179.0,28.0,10.0,,A
368058330,2019-05-08T07:30:29,39.37051,-75.46687,6.4,134.8,511.0,PURPLE  HAYS,,WDC9127,52.0,0.0,24.0,8.0,3.0,52.0,B
269021000,2019-05-08T07:30:52,38.87,-75.09283,0.2,-200.6,299.0,THORCO BASILISK,IMO9539377,HBLG,70.0,0.0,161.0,25.0,8.6,,B
367730710,2019-05-08T07:30:54,39.01562,-74.95854,0.2,103.1,31.0,GODSPEED,,WDI7643,37.0,,,,,,B
249227000,2019-05-08T07:32:02,38.9193,-75.09646,14.8,163.2,164.0,WARNOW STAR,IMO9509619,9HA4158,70.0,0.0,179.0,28.0,10.0,,B
240463000,2019-05-08T07:31:05,38.9392,-75.17068,0.0,177.0,343.0,BOUBOULINA,IMO9298753,SZIS,80.0,1.0,274.0,50.0,17.0,80.0,A
258628000,2019-05-08T07:31:16,39.10535,-75.20397,14.4,-84.4,325.0,HOEGH TRACER,IMO9684990,LAUL7,70.0,0.0,199.0,,,,A
338131000,2019-05-08T07:31:23,39.32164,-75.40452,8.4,-92.6,319.0,GENESIS EAGLE,IMO9117260,WDG9347,31.0,12.0,37.0,11.0,4.9,,B
367730710,2019-05-08T07:32:23,39.01562,-74.95852,0.0,103.1,31.0,GODSPEED,,WDI7643,37.0,,,,,,B
368058330,2019-05-08T07:31:39,39.36892,-75.4651,6.4,139.9,511.0,PURPLE  HAYS,,WDC9127,52.0,0.0,24.0,8.0,3.0,52.0,B
367100370,2019-05-08T07:32:44,38.80702,-75.10373,17.6,-164.2,511.0,LEWES,,WDC9301,50.0,0.0,16.0,5.0,,50.0,B
538004030,2019-05-08T07:32:17,38.92692,-75.15852,0.1,98.6,336.0,FRIO,IMO9596985,V7UU3,80.0,1.0,274.0,48.0,17.1,89.0,A
258628000,2019-05-08T07:32:22,39.10893,-75.20721,14.5,-84.9,325.0,HOEGH TRACER,IMO9684990,LAUL7,70.0,0.0,199.0,,,,A
269021000,2019-05-08T07:32:02,38.87,-75.09283,0.2,-202.6,302.0,THORCO BASILISK,IMO9539377,HBLG,70.0,0.0,161.0,25.0,8.6,,B
368058330,2019-05-08T07:32:47,39.36737,-75.46338,6.4,139.9,511.0,PURPLE  HAYS,,WDC9127,52.0,0.0,24.0,8.0,3.0,52.0,B
338131000,2019-05-08T07:32:24,39.32337,-75.40658,8.4,-92.4,319.0,GENESIS EAGLE,IMO9117260,WDG9347,31.0,12.0,37.0,11.0,4.9,,B
338447000,2019-05-08T07:32:07,38.92865,-75.14118,0.2,-177.6,328.0,OSG HORIZON,IMO9436549,WDF6180,31.0,1.0,46.0,15.0,6.5,57.0,A
311073800,2019-05-08T07:32:36,38.98396,-75.21189,0.0,101.0,331.0,EURO,IMO9567702,C6AA5,84.0,1.0,274.0,48.0,-11.5,84.0,A
249227000,2019-05-08T07:33:37,38.91297,-75.09425,14.9,164.3,165.0,WARNOW STAR,IMO9509619,9HA4158,70.0,0.0,179.0,28.0,10.0,,B
338131000,2019-05-08T07:34:12,39.3265,-75.41035,8.4,-92.1,318.0,GENESIS EAGLE,IMO9117260,WDG9347,31.0,12.0,37.0,11.0,4.9,,B
367730710,2019-05-08T07:33:25,39.01563,-74.95855,0.8,133.8,31.0,GODSPEED,,WDI7643,37.0,,,,,,B
269021000,2019-05-08T07:33:11,38.86983,-75.09283,0.2,-203.6,306.0,THORCO BASILISK,IMO9539377,HBLG,70.0,0.0,161.0,25.0,8.6,,B
368058330,2019-05-08T07:34:19,39.36532,-75.46112,6.6,138.4,511.0,PURPLE  HAYS,,WDC9127,52.0,0.0,24.0,8.0,3.0,52.0,B
369235000,2019-05-08T07:33:25,38.91555,-75.13518,0.3,-185.3,322.0,OSG VISION,IMO9436537,WDF2493,31.0,1.0,46.0,15.0,6.5,57.0,A
269021000,2019-05-08T07:34:52,38.86983,-75.093,0.4,189.0,313.0,THORCO BASILISK,IMO9539377,HBLG,70.0,0.0,161.0,25.0,8.6,,B
249227000,2019-05-08T07:34:56,38.90768,-75.09232,15.1,163.8,165.0,WARNOW STAR,IMO9509619,9HA4158,70.0,0.0,179.0,28.0,10.0,,B
367100370,2019-05-08T07:33:50,38.80475,-75.11017,18.3,-161.0,511.0,LEWES,,WDC9301,50.0,0.0,16.0,5.0,,50.0,B
258628000,2019-05-08T07:33:28,39.1126,-75.21053,14.5,-85.0,325.0,HOEGH TRACER,IMO9684990,LAUL7,70.0,0.0,199.0,,,,A
367100370,2019-05-08T07:35:02,38.80317,-75.11763,18.8,-163.7,511.0,LEWES,,WDC9301,50.0,0.0,16.0,5.0,,50.0,B
240463000,2019-05-08T07:34:04,38.93925,-75.17068,0.0,177.0,345.0,BOUBOULINA,IMO9298753,SZIS,80.0,1.0,274.0,50.0,17.0,80.0,A
258628000,2019-05-08T07:34:34,39.11627,-75.21383,14.6,-85.2,325.0,HOEGH TRACER,IMO9684990,LAUL7,70.0,0.0,199.0,,,,A
367730710,2019-05-08T07:34:54,39.0156,-74.95852,0.1,90.5,32.0,GODSPEED,,WDI7643,37.0,,,,,,B
269021000,2019-05-08T07:36:11,38.86967,-75.093,0.2,166.0,319.0,THORCO BASILISK,IMO9539377,HBLG,70.0,0.0,161.0,25.0,8.6,,B
538004030,2019-05-08T07:35:13,38.92685,-75.15844,0.2,179.1,332.0,FRIO,IMO9596985,V7UU3,80.0,1.0,274.0,48.0,17.1,89.0,A
311588000,2019-05-08T07:37:01,38.84381,-75.05638,14.6,-68.1,339.0,DOLE ECUADOR,IMO8513479,C6FX6,70.0,0.0,178.0,27.0,8.7,70.0,B
338131000,2019-05-08T07:35:24,39.32854,-75.41281,8.4,-92.0,318.0,GENESIS EAGLE,IMO9117260,WDG9347,31.0,12.0,37.0,11.0,4.9,,B
338447000,2019-05-08T07:35:07,38.92857,-75.14137,0.1,-162.5,334.0,OSG HORIZON,IMO9436549,WDF6180,31.0,1.0,46.0,15.0,6.5,57.0,A
311073800,2019-05-08T07:35:36,38.98396,-75.21189,0.1,202.1,330.0,EURO,IMO9567702,C6AA5,84.0,1.0,274.0,48.0,-11.5,84.0,A
249227000,2019-05-08T07:36:34,38.90108,-75.09003,14.9,166.9,170.0,WARNOW STAR,IMO9509619,9HA4158,70.0,0.0,179.0,28.0,10.0,,A
258628000,2019-05-08T07:35:39,39.11992,-75.21716,14.6,-84.9,325.0,HOEGH TRACER,IMO9684990,LAUL7,70.0,0.0,199.0,,,,A
367100370,2019-05-08T07:36:50,38.79422,-75.11879,20.8,160.9,511.0,LEWES,,WDC9301,50.0,0.0,16.0,5.0,,50.0,B
368058330,2019-05-08T07:37:28,39.36077,-75.45622,6.7,139.9,511.0,PURPLE  HAYS,,WDC9127,52.0,0.0,24.0,8.0,3.0,52.0,B
369235000,2019-05-08T07:36:25,38.91541,-75.13536,0.1,-200.3,332.0,OSG VISION,IMO9436537,WDF2493,31.0,1.0,46.0,15.0,6.5,57.0,A
368058330,2019-05-08T07:35:29,39.36362,-75.45928,6.7,140.0,511.0,PURPLE  HAYS,,WDC9127,52.0,0.0,24.0,8.0,3.0,52.0,B
367730710,2019-05-08T07:36:24,39.0156,-74.95851,0.4,76.3,30.0,GODSPEED,,WDI7643,37.0,,,,,,B
258628000,2019-05-08T07:37:52,39.12736,-75.22393,14.9,-83.3,325.0,HOEGH TRACER,IMO9684990,LAUL7,70.0,0.0,199.0,,,,A
338131000,2019-05-08T07:37:52,39.33284,-75.41777,8.5,-91.7,319.0,GENESIS EAGLE,IMO9117260,WDG9347,31.0,12.0,37.0,11.0,4.9,,B
258628000,2019-05-08T07:36:40,39.12326,-75.22021,14.7,-85.0,325.0,HOEGH TRACER,IMO9684990,LAUL7,70.0,0.0,199.0,,,,A
249227000,2019-05-08T07:37:56,38.89555,-75.08865,14.8,169.0,170.0,WARNOW STAR,IMO9509619,9HA4158,70.0,0.0,179.0,28.0,10.0,,B
240463000,2019-05-08T07:37:06,38.9393,-75.1706,0.0,45.0,345.0,BOUBOULINA,IMO9298753,SZIS,80.0,1.0,274.0,50.0,17.0,80.0,A
269021000,2019-05-08T07:37:13,38.86967,-75.09294,0.2,180.0,324.0,THORCO BASILISK,IMO9539377,HBLG,70.0,0.0,161.0,25.0,8.6,,B
311073800,2019-05-08T07:38:36,38.98394,-75.21198,0.0,-180.6,331.0,EURO,IMO9567702,C6AA5,84.0,1.0,274.0,48.0,-11.5,84.0,A
269021000,2019-05-08T07:39:02,38.86967,-75.09283,0.4,55.0,330.0,THORCO BASILISK,IMO9539377,HBLG,70.0,0.0,161.0,25.0,8.6,,B
367100370,2019-05-08T07:37:51,38.78881,-75.11623,20.6,165.6,511.0,LEWES,,WDC9301,50.0,0.0,16.0,5.0,,50.0,B
311588000,2019-05-08T07:38:07,38.848,-75.05827,14.6,-69.0,340.0,DOLE ECUADOR,IMO8513479,C6FX6,70.0,0.0,178.0,27.0,8.7,70.0,B
368058330,2019-05-08T07:39:28,39.35784,-75.45304,6.8,140.6,511.0,PURPLE  HAYS,,WDC9127,52.0,0.0,24.0,8.0,3.0,52.0,B
249227000,2019-05-08T07:39:20,38.88994,-75.08723,14.6,168.4,170.0,WARNOW STAR,IMO9509619,9HA4158,70.0,0.0,179.0,28.0,10.0,,B
338447000,2019-05-08T07:38:07,38.92851,-75.14146,0.0,-162.5,340.0,OSG HORIZON,IMO9436549,WDF6180,31.0,1.0,46.0,15.0,6.5,57.0,A
538004030,2019-05-08T07:38:16,38.92665,-75.15854,0.2,-196.3,331.0,FRIO,IMO9596985,V7UU3,80.0,1.0,274.0,48.0,17.1,89.0,A
367730710,2019-05-08T07:38:24,39.01564,-74.95849,0.9,129.4,33.0,GODSPEED,,WDI7643,37.0,,,,,,B
258628000,2019-05-08T07:39:45,39.13374,-75.22966,14.7,-85.1,325.0,HOEGH TRACER,IMO9684990,LAUL7,70.0,0.0,199.0,,,,A
338131000,2019-05-08T07:40:12,39.33701,-75.42252,8.5,-91.8,319.0,GENESIS EAGLE,IMO9117260,WDG9347,31.0,12.0,37.0,11.0,4.9,,B
367100370,2019-05-08T07:38:55,38.78416,-75.11874,8.4,-180.7,511.0,LEWES,,WDC9301,50.0,0.0,16.0,5.0,,50.0,B
311588000,2019-05-08T07:39:14,38.85233,-75.06019,14.6,-68.5,339.0,DOLE ECUADOR,IMO8513479,C6FX6,70.0,0.0,178.0,27.0,8.7,70.0,B
269021000,2019-05-08T07:40:21,38.86983,-75.09267,0.7,51.0,327.0,THORCO BASILISK,IMO9539377,HBLG,70.0,0.0,161.0,25.0,8.6,,A
369235000,2019-05-08T07:39:24,38.91534,-75.13535,0.0,-200.3,332.0,OSG VISION,IMO9436537,WDF2493,31.0,1.0,46.0,15.0,6.5,57.0,A
258628000,2019-05-08T07:40:52,39.1375,-75.23301,14.7,-84.2,325.0,HOEGH TRACER,IMO9684990,LAUL7,70.0,0.0,199.0,,,,A
311588000,2019-05-08T07:41:13,38.85998,-75.06399,14.8,-71.8,340.0,DOLE ECUADOR,IMO8513479,C6FX6,70.0,0.0,178.0,27.0,8.7,70.0,B
240463000,2019-05-08T07:40:06,38.93938,-75.17048,0.0,67.0,343.0,BOUBOULINA,IMO9298753,SZIS,80.0,1.0,274.0,50.0,17.0,80.0,A
338131000,2019-05-08T07:41:23,39.33915,-75.425,8.5,-91.5,319.0,GENESIS EAGLE,IMO9117260,WDG9347,31.0,12.0,37.0,11.0,4.9,,B
269021000,2019-05-08T07:41:25,38.87,-75.0925,0.5,29.0,319.0,THORCO BASILISK,IMO9539377,HBLG,70.0,0.0,161.0,25.0,8.6,,A
368058330,2019-05-08T07:40:29,39.35639,-75.4514,6.7,137.8,511.0,PURPLE  HAYS,,WDC9127,52.0,0.0,24.0,8.0,3.0,52.0,B
249227000,2019-05-08T07:40:26,38.88561,-75.08615,14.6,168.8,170.0,WARNOW STAR,IMO9509619,9HA4158,70.0,0.0,179.0,28.0,10.0,,B
258628000,2019-05-08T07:41:58,39.14117,-75.23622,14.7,-83.9,325.0,HOEGH TRACER,IMO9684990,LAUL7,70.0,0.0,199.0,,,,A
368058330,2019-05-08T07:42:08,39.35404,-75.44868,6.9,139.1,511.0,PURPLE  HAYS,,WDC9127,52.0,0.0,24.0,8.0,3.0,52.0,B
367730710,2019-05-08T07:40:53,39.01564,-74.95851,0.1,129.4,32.0,GODSPEED,,WDI7643,37.0,,,,,,B
338447000,2019-05-08T07:41:06,38.92856,-75.14137,0.1,-162.5,339.0,OSG HORIZON,IMO9436549,WDF6180,31.0,1.0,46.0,15.0,6.5,57.0,A
538004030,2019-05-08T07:41:16,38.92647,-75.15878,0.1,-180.0,335.0,FRIO,IMO9596985,V7UU3,80.0,1.0,274.0,48.0,17.1,89.0,A
311588000,2019-05-08T07:42:43,38.86568,-75.06687,14.9,-71.5,340.0,DOLE ECUADOR,IMO8513479,C6FX6,70.0,0.0,178.0,27.0,8.7,70.0,B
249227000,2019-05-08T07:42:50,38.87602,-75.08369,14.5,168.1,171.0,WARNOW STAR,IMO9509619,9HA4158,70.0,0.0,179.0,28.0,10.0,,B
269021000,2019-05-08T07:42:55,38.87017,-75.09233,0.0,-57.6,306.0,THORCO BASILISK,IMO9539377,HBLG,70.0,0.0,161.0,25.0,8.6,,A
367730710,2019-05-08T07:41:54,39.01563,-74.95851,0.1,129.4,32.0,GODSPEED,,WDI7643,37.0,,,,,,B
311073800,2019-05-08T07:41:33,38.98391,-75.21207,0.0,-157.9,334.0,EURO,IMO9567702,C6AA5,84.0,1.0,274.0,48.0,-11.5,84.0,A
367730710,2019-05-08T07:43:24,39.01565,-74.95854,0.1,129.4,32.0,GODSPEED,,WDI7643,37.0,,,,,,B
369235000,2019-05-08T07:42:25,38.91534,-75.13542,0.0,-200.3,333.0,OSG VISION,IMO9436537,WDF2493,31.0,1.0,46.0,15.0,6.5,57.0,A
338131000,2019-05-08T07:42:34,39.3411,-75.42736,8.5,-91.5,320.0,GENESIS EAGLE,IMO9117260,WDG9347,31.0,12.0,37.0,11.0,4.9,,B
538004030,2019-05-08T07:44:13,38.9264,-75.15897,0.2,-146.3,343.0,FRIO,IMO9596985,V7UU3,80.0,1.0,274.0,48.0,17.1,89.0,A
258628000,2019-05-08T07:43:52,39.14765,-75.24199,14.9,-83.7,325.0,HOEGH TRACER,IMO9684990,LAUL7,70.0,0.0,199.0,,,,A
249227000,2019-05-08T07:43:56,38.87166,-75.0825,14.5,168.2,171.0,WARNOW STAR,IMO9509619,9HA4158,70.0,0.0,179.0,28.0,10.0,,B
269021000,2019-05-08T07:44:02,38.87017,-75.09233,0.2,-175.6,298.0,THORCO BASILISK,IMO9539377,HBLG,70.0,0.0,161.0,25.0,8.6,,A
311588000,2019-05-08T07:44:13,38.87149,-75.06984,15.1,-71.0,341.0,DOLE ECUADOR,IMO8513479,C6FX6,70.0,0.0,178.0,27.0,8.7,70.0,B
368058330,2019-05-08T07:43:19,39.35238,-75.44673,7.0,137.7,511.0,PURPLE  HAYS,,WDC9127,52.0,0.0,24.0,8.0,3.0,52.0,B
338131000,2019-05-08T07:44:02,39.34365,-75.43031,8.5,-91.3,319.0,GENESIS EAGLE,IMO9117260,WDG9347,31.0,12.0,37.0,11.0,4.9,,B
240463000,2019-05-08T07:43:05,38.93938,-75.17037,0.0,89.0,340.0,BOUBOULINA,IMO9298753,SZIS,80.0,1.0,274.0,50.0,17.0,80.0,A
311073800,2019-05-08T07:44:32,38.98392,-75.21208,0.0,-171.4,335.0,EURO,IMO9567702,C6AA5,84.0,1.0,274.0,48.0,-11.5,84.0,A
338447000,2019-05-08T07:44:07,38.92864,-75.14124,0.0,43.2,334.0,OSG HORIZON,IMO9436549,WDF6180,31.0,1.0,46.0,15.0,6.5,57.0,A
368058330,2019-05-08T07:44:37,39.35056,-75.44439,7.0,136.5,511.0,PURPLE  HAYS,,WDC9127,52.0,0.0,24.0,8.0,3.0,52.0,B
311588000,2019-05-08T07:45:25,38.8762,-75.07216,15.2,-70.8,340.0,DOLE ECUADOR,IMO8513479,C6FX6,70.0,0.0,178.0,27.0,8.7,70.0,B
258628000,2019-05-08T07:45:28,39.15308,-75.24679,14.8,-83.7,325.0,HOEGH TRACER,IMO9684990,LAUL7,70.0,0.0,199.0,,,,A
249227000,2019-05-08T07:45:56,38.8638,-75.08025,14.2,166.4,170.0,WARNOW STAR,IMO9509619,9HA4158,70.0,0.0,179.0,28.0,10.0,,B
269021000,2019-05-08T07:45:13,38.87,-75.0925,0.8,-192.6,297.0,THORCO BASILISK,IMO9539377,HBLG,70.0,0.0,161.0,25.0,8.6,,B
258628000,2019-05-08T07:46:46,39.15748,-75.25075,14.8,-85.2,325.0,HOEGH TRACER,IMO9684990,LAUL7,70.0,0.0,199.0,,,,A
369235000,2019-05-08T07:45:25,38.91534,-75.13542,0.1,-200.3,336.0,OSG VISION,IMO9436537,WDF2493,31.0,1.0,46.0,15.0,6.5,57.0,A
269021000,2019-05-08T07:46:58,38.86967,-75.09283,0.7,-177.6,309.0,THORCO BASILISK,IMO9539377,HBLG,70.0,0.0,161.0,25.0,8.6,,A
338131000,2019-05-08T07:45:13,39.34571,-75.4327,8.5,-91.6,319.0,GENESIS EAGLE,IMO9117260,WDG9347,31.0,12.0,37.0,11.0,4.9,,B
338131000,2019-05-08T07:47:23,39.34974,-75.43716,8.5,-91.2,319.0,GENESIS EAGLE,IMO9117260,WDG9347,31.0,12.0,37.0,11.0,4.9,,B
240463000,2019-05-08T07:46:03,38.93937,-75.17033,0.0,89.0,338.0,BOUBOULINA,IMO9298753,SZIS,80.0,1.0,274.0,50.0,17.0,80.0,A
368058330,2019-05-08T07:45:58,39.34857,-75.4421,7.0,135.8,511.0,PURPLE  HAYS,,WDC9127,52.0,0.0,24.0,8.0,3.0,52.0,B
311588000,2019-05-08T07:46:31,38.88054,-75.07437,15.2,-71.3,341.0,DOLE ECUADOR,IMO8513479,C6FX6,70.0,0.0,178.0,27.0,8.7,70.0,B
249227000,2019-05-08T07:47:20,38.85858,-75.07862,13.4,165.7,170.0,WARNOW STAR,IMO9509619,9HA4158,70.0,0.0,179.0,28.0,10.0,,B
338447000,2019-05-08T07:47:07,38.92859,-75.14125,0.0,43.2,333.0,OSG HORIZON,IMO9436549,WDF6180,31.0,1.0,46.0,15.0,6.5,57.0,A
538004030,2019-05-08T07:47:13,38.92645,-75.15893,0.2,47.1,347.0,FRIO,IMO9596985,V7UU3,80.0,1.0,274.0,48.0,17.1,89.0,A
269021000,2019-05-08T07:48:45,38.8695,-75.09317,0.5,-178.6,326.0,THORCO BASILISK,IMO9539377,HBLG,70.0,0.0,161.0,25.0,8.6,,A
368058330,2019-05-08T07:48:58,39.34412,-75.43673,7.3,138.7,511.0,PURPLE  HAYS,,WDC9127,52.0,0.0,24.0,8.0,3.0,52.0,B
311588000,2019-05-08T07:48:55,38.89004,-75.07913,15.2,-70.6,341.0,DOLE ECUADOR,IMO8513479,C6FX6,70.0,0.0,178.0,27.0,8.7,70.0,B
258628000,2019-05-08T07:48:16,39.16253,-75.25526,14.9,-84.7,325.0,HOEGH TRACER,IMO9684990,LAUL7,70.0,0.0,199.0,,,,A
311073800,2019-05-08T07:47:33,38.98398,-75.21204,0.0,89.0,334.0,EURO,IMO9567702,C6AA5,84.0,1.0,274.0,48.0,-11.5,84.0,A
368058330,2019-05-08T07:47:09,39.34695,-75.43991,7.3,135.4,511.0,PURPLE  HAYS,,WDC9127,52.0,0.0,24.0,8.0,3.0,52.0,B
249227000,2019-05-08T07:49:20,38.85173,-75.07631,12.0,165.0,170.0,WARNOW STAR,IMO9509619,9HA4158,70.0,0.0,179.0,28.0,10.0,,B
338131000,2019-05-08T07:50:02,39.35445,-75.44253,8.5,-91.0,320.0,GENESIS EAGLE,IMO9117260,WDG9347,31.0,12.0,37.0,11.0,4.9,,B
258628000,2019-05-08T07:50:10,39.16903,-75.26103,14.9,-84.1,325.0,HOEGH TRACER,IMO9684990,LAUL7,70.0,0.0,199.0,,,,A
369235000,2019-05-08T07:48:25,38.91542,-75.13528,0.1,50.3,333.0,OSG VISION,IMO9436537,WDF2493,31.0,1.0,46.0,15.0,6.5,57.0,A
311588000,2019-05-08T07:50:25,38.89595,-75.08202,15.1,-69.4,341.0,DOLE ECUADOR,IMO8513479,C6FX6,70.0,0.0,178.0,27.0,8.7,70.0,B
269021000,2019-05-08T07:50:35,38.8695,-75.09317,0.3,112.0,342.0,THORCO BASILISK,IMO9539377,HBLG,70.0,0.0,161.0,25.0,8.6,,A
249227000,2019-05-08T07:50:35,38.84784,-75.07496,11.2,164.9,171.0,WARNOW STAR,IMO9509619,9HA4158,70.0,0.0,179.0,28.0,10.0,,B
240463000,2019-05-08T07:49:03,38.9393,-75.17038,0.0,89.0,339.0,BOUBOULINA,IMO9298753,SZIS,80.0,1.0,274.0,50.0,17.0,80.0,A
311588000,2019-05-08T07:51:49,38.90136,-75.08467,14.8,-71.7,340.0,DOLE ECUADOR,IMO8513479,C6FX6,70.0,0.0,178.0,27.0,8.7,70.0,B
367730710,2019-05-08T07:49:53,39.01565,-74.95857,0.1,18.8,33.0,GODSPEED,,WDI7643,37.0,,,,,,B
338131000,2019-05-08T07:51:23,39.35683,-75.44523,8.6,-91.1,319.0,GENESIS EAGLE,IMO9117260,WDG9347,31.0,12.0,37.0,11.0,4.9,,B
368058330,2019-05-08T07:50:09,39.34244,-75.4346,7.3,133.5,511.0,PURPLE  HAYS,,WDC9127,52.0,0.0,24.0,8.0,3.0,52.0,B
538004030,2019-05-08T07:50:14,38.92663,-75.15868,0.1,51.4,345.0,FRIO,IMO9596985,V7UU3,80.0,1.0,274.0,48.0,17.1,89.0,A
269021000,2019-05-08T07:52:15,38.8695,-75.09283,0.9,64.0,343.0,THORCO BASILISK,IMO9539377,HBLG,70.0,0.0,161.0,25.0,8.6,,A
367699890,2019-05-08T07:52:26,38.83767,-75.069,20.2,4.4,511.0,J P VIRDEN,,WDI4560,,15.0,16.0,,,,B
249227000,2019-05-08T07:52:35,38.84208,-75.07287,10.4,164.2,171.0,WARNOW STAR,IMO9509619,9HA4158,70.0,0.0,179.0,28.0,10.0,,B
311073800,2019-05-08T07:50:33,38.98401,-75.21197,0.0,101.6,332.0,EURO,IMO9567702,C6AA5,84.0,1.0,274.0,48.0,-11.5,84.0,A
258628000,2019-05-08T07:52:46,39.17785,-75.26905,14.6,-85.1,325.0,HOEGH TRACER,IMO9684990,LAUL7,70.0,0.0,199.0,,,,A
368058330,2019-05-08T07:51:19,39.34083,-75.43232,7.3,133.1,511.0,PURPLE  HAYS,,WDC9127,52.0,0.0,24.0,8.0,3.0,52.0,B
369235000,2019-05-08T07:51:25,38.91543,-75.13519,0.0,50.3,329.0,OSG VISION,IMO9436537,WDF2493,31.0,1.0,46.0,15.0,6.5,57.0,A
269021000,2019-05-08T07:53:35,38.86967,-75.09233,0.8,41.0,328.0,THORCO BASILISK,IMO9539377,HBLG,70.0,0.0,161.0,25.0,8.6,,A
311588000,2019-05-08T07:53:37,38.90832,-75.08818,14.9,-71.4,341.0,DOLE ECUADOR,IMO8513479,C6FX6,70.0,0.0,178.0,27.0,8.7,70.0,B
240463000,2019-05-08T07:52:05,38.93927,-75.17038,0.0,89.0,341.0,BOUBOULINA,IMO9298753,SZIS,80.0,1.0,274.0,50.0,17.0,80.0,A
258628000,2019-05-08T07:53:52,39.18175,-75.27189,14.5,-70.4,338.0,HOEGH TRACER,IMO9684990,LAUL7,70.0,0.0,199.0,,,,A
249227000,2019-05-08T07:53:56,38.83844,-75.07155,9.7,168.8,183.0,WARNOW STAR,IMO9509619,9HA4158,70.0,0.0,179.0,28.0,10.0,,A
368058330,2019-05-08T07:52:29,39.33926,-75.42996,7.5,130.5,511.0,PURPLE  HAYS,,WDC9127,52.0,0.0,24.0,8.0,3.0,52.0,B
338131000,2019-05-08T07:52:34,39.35883,-75.4476,8.6,-90.9,320.0,GENESIS EAGLE,IMO9117260,WDG9347,31.0,12.0,37.0,11.0,4.9,,B
367730710,2019-05-08T07:52:53,39.01564,-74.95857,0.5,18.8,32.0,GODSPEED,,WDI7643,37.0,,,,,,B
538004030,2019-05-08T07:53:15,38.92678,-75.15844,0.1,56.7,339.0,FRIO,IMO9596985,V7UU3,80.0,1.0,274.0,48.0,17.1,89.0,A
311588000,2019-05-08T07:54:49,38.91291,-75.09051,14.7,-70.7,341.0,DOLE ECUADOR,IMO8513479,C6FX6,70.0,0.0,178.0,27.0,8.7,70.0,B
338447000,2019-05-08T07:53:07,38.92854,-75.14144,0.0,43.2,336.0,OSG HORIZON,IMO9436549,WDF6180,31.0,1.0,46.0,15.0,6.5,57.0,A
368058330,2019-05-08T07:53:39,39.33749,-75.42771,7.6,137.1,511.0,PURPLE  HAYS,,WDC9127,52.0,0.0,24.0,8.0,3.0,52.0,B
249227000,2019-05-08T07:55:35,38.83421,-75.07088,9.0,175.4,185.0,WARNOW STAR,IMO9509619,9HA4158,70.0,0.0,179.0,28.0,10.0,,A
338131000,2019-05-08T07:53:43,39.36095,-75.44995,8.6,-90.9,319.0,GENESIS EAGLE,IMO9117260,WDG9347,31.0,12.0,37.0,11.0,4.9,,B
269021000,2019-05-08T07:54:51,38.86983,-75.09217,0.2,25.0,315.0,THORCO BASILISK,IMO9539377,HBLG,70.0,0.0,161.0,25.0,8.6,,A
258628000,2019-05-08T07:55:58,39.18945,-75.27597,14.4,-73.8,335.0,HOEGH TRACER,IMO9684990,LAUL7,70.0,0.0,199.0,,,,A
367699890,2019-05-08T07:54:39,38.83633,-75.07133,9.2,171.0,511.0,J P VIRDEN,,WDI4560,,15.0,16.0,,,,B
367699890,2019-05-08T07:53:33,38.84083,-75.07217,21.5,-202.2,511.0,J P VIRDEN,,WDI4560,,15.0,16.0,,,,B
311588000,2019-05-08T07:56:13,38.9181,-75.09359,14.6,-76.4,336.0,DOLE ECUADOR,IMO8513479,C6FX6,70.0,0.0,178.0,27.0,8.7,70.0,B
369235000,2019-05-08T07:54:25,38.91535,-75.13532,0.1,-168.1,330.0,OSG VISION,IMO9436537,WDF2493,31.0,1.0,46.0,15.0,6.5,57.0,A
367699890,2019-05-08T07:56:29,38.83,-75.07433,23.8,-200.8,511.0,J P VIRDEN,,WDI4560,,15.0,16.0,,,,B
368058330,2019-05-08T07:54:48,39.33569,-75.42549,7.6,135.2,511.0,PURPLE  HAYS,,WDC9127,52.0,0.0,24.0,8.0,3.0,52.0,B
338131000,2019-05-08T07:54:53,39.36299,-75.45228,8.5,-90.8,319.0,GENESIS EAGLE,IMO9117260,WDG9347,31.0,12.0,37.0,11.0,4.9,,B
269021000,2019-05-08T07:56:51,38.86983,-75.09233,0.7,-175.6,306.0,THORCO BASILISK,IMO9539377,HBLG,70.0,0.0,161.0,25.0,8.6,,B
258628000,2019-05-08T07:57:10,39.1939,-75.27851,14.6,-72.8,335.0,HOEGH TRACER,IMO9684990,LAUL7,70.0,0.0,199.0,,,,A
249227000,2019-05-08T07:56:59,38.83073,-75.07042,8.9,169.9,167.0,WARNOW STAR,IMO9509619,9HA4158,70.0,0.0,179.0,28.0,10.0,,A
338131000,2019-05-08T07:57:22,39.36736,-75.4574,8.4,-91.9,318.0,GENESIS EAGLE,IMO9117260,WDG9347,31.0,12.0,37.0,11.0,4.9,,B
311588000,2019-05-08T07:57:31,38.92279,-75.09662,14.5,-76.1,336.0,DOLE ECUADOR,IMO8513479,C6FX6,70.0,0.0,178.0,27.0,8.7,70.0,B
368058330,2019-05-08T07:55:49,39.33414,-75.42365,7.7,137.8,511.0,PURPLE  HAYS,,WDC9127,52.0,0.0,24.0,8.0,3.0,52.0,B
367730710,2019-05-08T07:55:54,39.01565,-74.95858,0.0,18.8,32.0,GODSPEED,,WDI7643,37.0,,,,,,B
338447000,2019-05-08T07:56:07,38.92852,-75.14141,0.0,43.2,337.0,OSG HORIZON,IMO9436549,WDF6180,31.0,1.0,46.0,15.0,6.5,57.0,A
240463000,2019-05-08T07:55:06,38.93922,-75.17033,0.0,89.0,342.0,BOUBOULINA,IMO9298753,SZIS,80.0,1.0,274.0,50.0,17.0,80.0,A
538004030,2019-05-08T07:56:16,38.92681,-75.15829,0.1,95.8,334.0,FRIO,IMO9596985,V7UU3,80.0,1.0,274.0,48.0,17.1,89.0,A
269021000,2019-05-08T07:57:55,38.86967,-75.0925,0.9,-168.6,313.0,THORCO BASILISK,IMO9539377,HBLG,70.0,0.0,161.0,25.0,8.6,,A
367699890,2019-05-08T07:58:11,38.82067,-75.08133,22.5,-196.9,511.0,J P VIRDEN,,WDI4560,,15.0,16.0,,,,B
311073800,2019-05-08T07:56:33,38.98401,-75.21193,0.0,36.3,331.0,EURO,IMO9567702,C6AA5,84.0,1.0,274.0,48.0,-11.5,84.0,A
369235000,2019-05-08T07:57:25,38.91528,-75.13546,0.0,-179.6,336.0,OSG VISION,IMO9436537,WDF2493,31.0,1.0,46.0,15.0,6.5,57.0,A
240463000,2019-05-08T07:58:03,38.93913,-75.1703,0.0,108.0,342.0,BOUBOULINA,IMO9298753,SZIS,80.0,1.0,274.0,50.0,17.0,80.0,A
368058330,2019-05-08T07:56:58,39.33237,-75.42145,7.6,135.0,511.0,PURPLE  HAYS,,WDC9127,52.0,0.0,24.0,8.0,3.0,52.0,B
258628000,2019-05-08T07:58:58,39.20068,-75.28236,14.9,-72.7,336.0,HOEGH TRACER,IMO9684990,LAUL7,70.0,0.0,199.0,,,,A
311588000,2019-05-08T07:58:49,38.92754,-75.0995,14.4,-74.4,338.0,DOLE ECUADOR,IMO8513479,C6FX6,70.0,0.0,178.0,27.0,8.7,70.0,B
538004030,2019-05-08T07:59:15,38.92674,-75.15821,0.1,170.0,331.0,FRIO,IMO9596985,V7UU3,80.0,1.0,274.0,48.0,17.1,89.0,A
269021000,2019-05-08T07:59:15,38.8695,-75.09283,0.7,-169.6,327.0,THORCO BASILISK,IMO9539377,HBLG,70.0,0.0,161.0,25.0,8.6,,A
367699890,2019-05-08T07:59:29,38.81383,-75.087,22.4,-184.3,511.0,J P VIRDEN,,WDI4560,,15.0,16.0,,,,B
368058330,2019-05-08T07:59:57,39.32796,-75.41552,7.7,136.7,511.0,PURPLE  HAYS,,WDC9127,52.0,0.0,24.0,8.0,3.0,52.0,B
338131000,2019-05-08T07:58:32,39.36938,-75.45978,8.4,-92.6,318.0,GENESIS EAGLE,IMO9117260,WDG9347,31.0,12.0,37.0,11.0,4.9,,A
367730710,2019-05-08T07:58:55,39.01566,-74.95855,0.3,72.2,33.0,GODSPEED,,WDI7643,37.0,,,,,,B
311073800,2019-05-08T07:59:35,38.98402,-75.21193,0.0,107.9,331.0,EURO,IMO9567702,C6AA5,84.0,1.0,274.0,48.0,-11.5,84.0,A
311588000,2019-05-08T07:59:50,38.93124,-75.10172,14.6,-75.2,337.0,DOLE ECUADOR,IMO8513479,C6FX6,70.0,0.0,178.0,27.0,8.7,70.0,B
338131000,2019-05-08T07:59:42,39.37139,-75.46222,8.4,-93.3,319.0,GENESIS EAGLE,IMO9117260,WDG9347,31.0,12.0,37.0,11.0,4.9,,B
269021000,2019-05-08T08:00:02,38.8695,-75.093,0.3,-171.6,335.0,THORCO BASILISK,IMO9539377,HBLG,70.0,0.0,161.0,25.0,8.6,,A
338131000,2019-05-08T08:00:03,39.37194,-75.46286,8.4,-93.4,319.0,GENESIS EAGLE,IMO9117260,WDG9347,31.0,12.0,37.0,11.0,4.9,,B
367699890,2019-05-08T08:00:01,38.812,-75.0905,22.0,-169.2,511.0,J P VIRDEN,,WDI4560,,15.0,16.0,,,,B
311588000,2019-05-08T08:00:02,38.93199,-75.10216,14.6,-74.8,338.0,DOLE ECUADOR,IMO8513479,C6FX6,70.0,0.0,178.0,27.0,8.7,70.0,B
338447000,2019-05-08T07:59:07,38.92855,-75.14138,0.0,43.2,336.0,OSG HORIZON,IMO9436549,WDF6180,31.0,1.0,46.0,15.0,6.5,57.0,A
258628000,2019-05-08T08:00:04,39.20492,-75.28477,14.9,-73.0,335.0,HOEGH TRACER,IMO9684990,LAUL7,70.0,0.0,199.0,,,,A
368058330,2019-05-08T08:00:09,39.32765,-75.41514,7.8,136.8,511.0,PURPLE  HAYS,,WDC9127,52.0,0.0,24.0,8.0,3.0,52.0,B
369235000,2019-05-08T08:00:25,38.91531,-75.13536,0.1,-179.6,336.0,OSG VISION,IMO9436537,WDF2493,31.0,1.0,46.0,15.0,6.5,57.0,A
367730710,2019-05-08T08:00:24,39.01565,-74.95855,0.4,72.2,32.0,GODSPEED,,WDI7643,37.0,,,,,,B
269021000,2019-05-08T08:01:06,38.8695,-75.093,0.0,117.0,345.0,THORCO BASILISK,IMO9539377,HBLG,70.0,0.0,161.0,25.0,8.6,,A
258628000,2019-05-08T08:01:10,39.20906,-75.28709,14.6,-74.3,334.0,HOEGH TRACER,IMO9684990,LAUL7,70.0,0.0,199.0,,,,A
367699890,2019-05-08T08:01:03,38.809,-75.09717,20.1,-164.9,511.0,J P VIRDEN,,WDI4560,,15.0,16.0,,,,B
338131000,2019-05-08T08:01:13,39.37394,-75.46538,8.4,-93.2,319.0,GENESIS EAGLE,IMO9117260,WDG9347,31.0,12.0,37.0,11.0,4.9,,B
311588000,2019-05-08T08:01:07,38.9359,-75.10449,14.5,-74.6,337.0,DOLE ECUADOR,IMO8513479,C6FX6,70.0,0.0,178.0,27.0,8.7,70.0,B
538004030,2019-05-08T08:02:15,38.92661,-75.15829,0.2,-198.5,330.0,FRIO,IMO9596985,V7UU3,80.0,1.0,274.0,48.0,17.1,89.0,A
338447000,2019-05-08T08:02:07,38.92858,-75.14134,0.0,43.2,335.0,OSG HORIZON,IMO9436549,WDF6180,31.0,1.0,46.0,15.0,6.5,57.0,A
367699890,2019-05-08T08:02:05,38.80667,-75.10383,20.2,-162.1,511.0,J P VIRDEN,,WDI4560,,15.0,16.0,,,,B
269021000,2019-05-08T08:02:15,38.8695,-75.09283,1.0,70.0,348.0,THORCO BASILISK,IMO9539377,HBLG,70.0,0.0,161.0,25.0,8.6,,A
368058330,2019-05-08T08:01:39,39.32532,-75.41228,7.8,137.5,511.0,PURPLE  HAYS,,WDC9127,52.0,0.0,24.0,8.0,3.0,52.0,B
258628000,2019-05-08T08:02:16,39.21308,-75.28942,14.6,-73.7,334.0,HOEGH TRACER,IMO9684990,LAUL7,70.0,0.0,199.0,,,,A
311588000,2019-05-08T08:02:13,38.94,-75.1069,14.5,-73.6,338.0,DOLE ECUADOR,IMO8513479,C6FX6,70.0,0.0,178.0,27.0,8.7,70.0,B
311588000,2019-05-08T08:03:19,38.94406,-75.10925,14.6,-74.0,338.0,DOLE ECUADOR,IMO8513479,C6FX6,70.0,0.0,178.0,27.0,8.7,70.0,B
338131000,2019-05-08T08:02:14,39.37564,-75.46737,8.4,-92.1,320.0,GENESIS EAGLE,IMO9117260,WDG9347,31.0,12.0,37.0,11.0,4.9,,B
368058330,2019-05-08T08:02:47,39.32356,-75.41002,7.8,134.7,511.0,PURPLE  HAYS,,WDC9127,52.0,0.0,24.0,8.0,3.0,52.0,B
269021000,2019-05-08T08:03:19,38.86967,-75.0925,0.9,42.0,337.0,THORCO BASILISK,IMO9539377,HBLG,70.0,0.0,161.0,25.0,8.6,,A
311073800,2019-05-08T08:02:35,38.98398,-75.21191,0.0,157.5,331.0,EURO,IMO9567702,C6AA5,84.0,1.0,274.0,48.0,-11.5,84.0,A
258628000,2019-05-08T08:03:22,39.21722,-75.29181,14.5,-73.5,334.0,HOEGH TRACER,IMO9684990,LAUL7,70.0,0.0,199.0,,,,A
538006702,2019-05-08T08:03:28,38.83589,-75.0632,8.8,-71.9,335.0,NAMSEN,IMO9761528,V7QJ6,80.0,0.0,,,,,B
338131000,2019-05-08T08:03:22,39.37763,-75.46968,8.4,-92.2,320.0,GENESIS EAGLE,IMO9117260,WDG9347,31.0,12.0,37.0,11.0,4.9,,B
367699890,2019-05-08T08:03:11,38.8045,-75.1115,20.8,-160.5,511.0,J P VIRDEN,,WDI4560,,15.0,16.0,,,,B
240463000,2019-05-08T08:04:04,38.93907,-75.17007,0.0,105.0,337.0,BOUBOULINA,IMO9298753,SZIS,80.0,1.0,274.0,50.0,17.0,80.0,A
368058330,2019-05-08T08:03:57,39.3218,-75.40765,7.9,135.5,511.0,PURPLE  HAYS,,WDC9127,52.0,0.0,24.0,8.0,3.0,52.0,B
311588000,2019-05-08T08:04:25,38.94812,-75.11158,14.6,-73.3,337.0,DOLE ECUADOR,IMO8513479,C6FX6,70.0,0.0,178.0,27.0,8.7,70.0,B
369235000,2019-05-08T08:03:25,38.91537,-75.1353,0.0,-179.6,332.0,OSG VISION,IMO9436537,WDF2493,31.0,1.0,46.0,15.0,6.5,57.0,A
538006702,2019-05-08T08:04:37,38.8385,-75.06459,8.8,-72.0,335.0,NAMSEN,IMO9761528,V7QJ6,80.0,0.0,,,,,B
338131000,2019-05-08T08:04:33,39.37969,-75.4721,8.5,-92.5,320.0,GENESIS EAGLE,IMO9117260,WDG9347,31.0,12.0,37.0,11.0,4.9,,B
367699890,2019-05-08T08:05:23,38.79467,-75.11767,22.9,166.4,511.0,J P VIRDEN,,WDI4560,,15.0,16.0,,,,B
367730710,2019-05-08T08:03:54,39.01565,-74.95855,0.1,65.1,33.0,GODSPEED,,WDI7643,37.0,,,,,,B
311073800,2019-05-08T08:05:34,38.98398,-75.2119,0.0,169.9,330.0,EURO,IMO9567702,C6AA5,84.0,1.0,274.0,48.0,-11.5,84.0,A
367699890,2019-05-08T08:04:16,38.8015,-75.11833,21.8,-204.4,511.0,J P VIRDEN,,WDI4560,,15.0,16.0,,,,B
258628000,2019-05-08T08:05:34,39.22537,-75.29657,14.9,-73.7,334.0,HOEGH TRACER,IMO9684990,LAUL7,70.0,0.0,199.0,,,,A
269021000,2019-05-08T08:04:25,38.86983,-75.09233,0.7,40.0,324.0,THORCO BASILISK,IMO9539377,HBLG,70.0,0.0,161.0,25.0,8.6,,A
368058330,2019-05-08T08:04:58,39.32016,-75.4057,8.0,136.9,511.0,PURPLE  HAYS,,WDC9127,52.0,0.0,24.0,8.0,3.0,52.0,B
258628000,2019-05-08T08:04:28,39.22124,-75.29416,14.6,-74.7,334.0,HOEGH TRACER,IMO9684990,LAUL7,70.0,0.0,199.0,,,,A
311588000,2019-05-08T08:05:32,38.95219,-75.11383,14.5,-72.6,338.0,DOLE ECUADOR,IMO8513479,C6FX6,70.0,0.0,178.0,27.0,8.7,70.0,B
338131000,2019-05-08T08:05:43,39.38173,-75.47451,8.5,-92.2,320.0,GENESIS EAGLE,IMO9117260,WDG9347,31.0,12.0,37.0,11.0,4.9,,B
369235000,2019-05-08T08:06:25,38.91536,-75.13537,0.1,-179.6,330.0,OSG VISION,IMO9436537,WDF2493,31.0,1.0,46.0,15.0,6.5,57.0,A
367699890,2019-05-08T08:06:29,38.78783,-75.1165,22.7,196.1,511.0,J P VIRDEN,,WDI4560,,15.0,16.0,,,,B
311588000,2019-05-08T08:06:37,38.95628,-75.11605,14.5,-71.8,339.0,DOLE ECUADOR,IMO8513479,C6FX6,70.0,0.0,178.0,27.0,8.7,70.0,B
538006702,2019-05-08T08:06:51,38.84361,-75.06722,8.8,-71.1,328.0,NAMSEN,IMO9761528,V7QJ6,80.0,0.0,,,,,A
338447000,2019-05-08T08:05:07,38.92857,-75.14137,0.0,43.2,336.0,OSG HORIZON,IMO9436549,WDF6180,31.0,1.0,46.0,15.0,6.5,57.0,A
367730710,2019-05-08T08:06:53,39.01565,-74.95855,0.4,65.1,33.0,GODSPEED,,WDI7643,37.0,,,,,,B
368058330,2019-05-08T08:06:08,39.3182,-75.40346,8.0,138.8,511.0,PURPLE  HAYS,,WDC9127,52.0,0.0,24.0,8.0,3.0,52.0,B
538004030,2019-05-08T08:05:15,38.9265,-75.15844,0.0,-169.9,333.0,FRIO,IMO9596985,V7UU3,80.0,1.0,274.0,48.0,17.1,89.0,A
269021000,2019-05-08T08:05:35,38.87,-75.09233,0.1,0.0,312.0,THORCO BASILISK,IMO9539377,HBLG,70.0,0.0,161.0,25.0,8.6,,A
258628000,2019-05-08T08:06:40,39.22937,-75.2994,14.8,-87.2,321.0,HOEGH TRACER,IMO9684990,LAUL7,70.0,0.0,199.0,,,,A
338131000,2019-05-08T08:06:53,39.38371,-75.47688,8.5,-91.8,320.0,GENESIS EAGLE,IMO9117260,WDG9347,31.0,12.0,37.0,11.0,4.9,,B
269021000,2019-05-08T08:06:39,38.86983,-75.09233,0.5,-182.6,306.0,THORCO BASILISK,IMO9539377,HBLG,70.0,0.0,161.0,25.0,8.6,,A
368058330,2019-05-08T08:07:28,39.31595,-75.40088,8.2,138.4,511.0,PURPLE  HAYS,,WDC9127,52.0,0.0,24.0,8.0,3.0,52.0,B
538006702,2019-05-08T08:05:48,38.8412,-75.06599,8.8,-72.3,335.0,NAMSEN,IMO9761528,V7QJ6,80.0,0.0,,,,,B
311588000,2019-05-08T08:07:44,38.96043,-75.11832,14.6,-72.5,339.0,DOLE ECUADOR,IMO8513479,C6FX6,70.0,0.0,178.0,27.0,8.7,70.0,B
240463000,2019-05-08T08:07:05,38.93905,-75.17012,0.0,105.0,336.0,BOUBOULINA,IMO9298753,SZIS,80.0,1.0,274.0,50.0,17.0,80.0,A
338447000,2019-05-08T08:08:07,38.92859,-75.14134,0.0,43.2,336.0,OSG HORIZON,IMO9436549,WDF6180,31.0,1.0,46.0,15.0,6.5,57.0,A
269021000,2019-05-08T08:07:41,38.86968,-75.09257,1.2,-181.6,310.0,THORCO BASILISK,IMO9539377,HBLG,70.0,0.0,161.0,25.0,8.6,,A
538006702,2019-05-08T08:07:54,38.84579,-75.06877,8.3,-88.1,309.0,NAMSEN,IMO9761528,V7QJ6,80.0,0.0,,,,,A
338131000,2019-05-08T08:08:03,39.38585,-75.47926,8.6,-91.8,319.0,GENESIS EAGLE,IMO9117260,WDG9347,31.0,12.0,37.0,11.0,4.9,,B
269021000,2019-05-08T08:08:45,38.86948,-75.09295,1.1,-168.6,327.0,THORCO BASILISK,IMO9539377,HBLG,70.0,0.0,161.0,25.0,8.6,,A
311073800,2019-05-08T08:08:35,38.98397,-75.2119,0.1,137.6,331.0,EURO,IMO9567702,C6AA5,84.0,1.0,274.0,48.0,-11.5,84.0,A
311588000,2019-05-08T08:08:49,38.96449,-75.12053,14.7,-72.5,338.0,DOLE ECUADOR,IMO8513479,C6FX6,70.0,0.0,178.0,27.0,8.7,70.0,B
368058330,2019-05-08T08:08:37,39.3139,-75.39866,8.3,140.7,511.0,PURPLE  HAYS,,WDC9127,52.0,0.0,24.0,8.0,3.0,52.0,B
258628000,2019-05-08T08:07:46,39.23279,-75.30327,14.9,-90.4,319.0,HOEGH TRACER,IMO9684990,LAUL7,70.0,0.0,199.0,,,,A
538004030,2019-05-08T08:08:16,38.92645,-75.15858,0.1,-167.0,337.0,FRIO,IMO9596985,V7UU3,80.0,1.0,274.0,48.0,17.1,89.0,A
258628000,2019-05-08T08:08:51,39.2363,-75.30707,14.9,-90.0,319.0,HOEGH TRACER,IMO9684990,LAUL7,70.0,0.0,199.0,,,,A
338131000,2019-05-08T08:09:12,39.38792,-75.48168,8.6,-91.9,320.0,GENESIS EAGLE,IMO9117260,WDG9347,31.0,12.0,37.0,11.0,4.9,,B
538006702,2019-05-08T08:08:57,38.84725,-75.07116,8.0,-106.4,306.0,NAMSEN,IMO9761528,V7QJ6,80.0,0.0,,,,,B
269021000,2019-05-08T08:09:49,38.8695,-75.09317,0.5,-112.6,341.0,THORCO BASILISK,IMO9539377,HBLG,70.0,0.0,161.0,25.0,8.6,,A
368058330,2019-05-08T08:09:39,39.31211,-75.39674,8.2,138.9,511.0,PURPLE  HAYS,,WDC9127,52.0,0.0,24.0,8.0,3.0,52.0,B
258628000,2019-05-08T08:09:57,39.23977,-75.31087,14.6,-90.2,319.0,HOEGH TRACER,IMO9684990,LAUL7,70.0,0.0,199.0,,,,A
369235000,2019-05-08T08:09:25,38.9153,-75.13551,0.1,-179.6,334.0,OSG VISION,IMO9436537,WDF2493,31.0,1.0,46.0,15.0,6.5,57.0,A
538006702,2019-05-08T08:10:07,38.84862,-75.07406,8.2,-109.6,307.0,NAMSEN,IMO9761528,V7QJ6,80.0,0.0,,,,,B
240463000,2019-05-08T08:10:03,38.93903,-75.17025,0.0,-176.6,339.0,BOUBOULINA,IMO9298753,SZIS,80.0,1.0,274.0,50.0,17.0,80.0,A
311588000,2019-05-08T08:09:55,38.9686,-75.12281,14.7,-73.6,338.0,DOLE ECUADOR,IMO8513479,C6FX6,70.0,0.0,178.0,27.0,8.7,70.0,B
338131000,2019-05-08T08:10:22,39.38997,-75.48416,8.5,-91.0,320.0,GENESIS EAGLE,IMO9117260,WDG9347,31.0,12.0,37.0,11.0,4.9,,B
258628000,2019-05-08T08:11:04,39.24325,-75.31471,14.7,-90.4,319.0,HOEGH TRACER,IMO9684990,LAUL7,70.0,0.0,199.0,,,,A
269021000,2019-05-08T08:11:05,38.86967,-75.09333,0.9,1.0,352.0,THORCO BASILISK,IMO9539377,HBLG,70.0,0.0,161.0,25.0,8.6,,A
368058330,2019-05-08T08:10:58,39.30985,-75.39414,8.4,137.1,511.0,PURPLE  HAYS,,WDC9127,52.0,0.0,24.0,8.0,3.0,52.0,B
311588000,2019-05-08T08:11:19,38.9738,-75.12575,14.8,-73.7,338.0,DOLE ECUADOR,IMO8513479,C6FX6,70.0,0.0,178.0,27.0,8.7,70.0,B
338447000,2019-05-08T08:11:07,38.92859,-75.1413,0.0,43.2,334.0,OSG HORIZON,IMO9436549,WDF6180,31.0,1.0,46.0,15.0,6.5,57.0,A
538006702,2019-05-08T08:11:18,38.85009,-75.07701,8.4,-106.8,311.0,NAMSEN,IMO9761528,V7QJ6,80.0,0.0,,,,,B
538004030,2019-05-08T08:11:14,38.92649,-75.15857,0.1,58.6,340.0,FRIO,IMO9596985,V7UU3,80.0,1.0,274.0,48.0,17.1,89.0,A
311073800,2019-05-08T08:11:33,38.98394,-75.21185,0.0,109.1,331.0,EURO,IMO9567702,C6AA5,84.0,1.0,274.0,48.0,-11.5,84.0,A
338131000,2019-05-08T08:11:34,39.39209,-75.48644,8.5,-89.6,320.0,GENESIS EAGLE,IMO9117260,WDG9347,31.0,12.0,37.0,11.0,4.9,,B
258628000,2019-05-08T08:12:09,39.24663,-75.31848,14.7,-89.7,319.0,HOEGH TRACER,IMO9684990,LAUL7,70.0,0.0,199.0,,,,A
269021000,2019-05-08T08:12:11,38.87,-75.09317,0.9,32.0,358.0,THORCO BASILISK,IMO9539377,HBLG,70.0,0.0,161.0,25.0,8.6,,B
368058330,2019-05-08T08:12:09,39.30771,-75.39191,8.3,143.2,511.0,PURPLE  HAYS,,WDC9127,52.0,0.0,24.0,8.0,3.0,52.0,B
538006702,2019-05-08T08:12:28,38.85171,-75.07988,8.5,-101.7,314.0,NAMSEN,IMO9761528,V7QJ6,80.0,0.0,,,,,B
338131000,2019-05-08T08:12:43,39.39417,-75.4887,8.4,-90.6,319.0,GENESIS EAGLE,IMO9117260,WDG9347,31.0,12.0,37.0,11.0,4.9,,B
311588000,2019-05-08T08:12:25,38.97802,-75.12811,14.9,-72.6,339.0,DOLE ECUADOR,IMO8513479,C6FX6,70.0,0.0,178.0,27.0,8.7,70.0,B
369235000,2019-05-08T08:12:25,38.91524,-75.13557,0.0,-179.6,337.0,OSG VISION,IMO9436537,WDF2493,31.0,1.0,46.0,15.0,6.5,57.0,A
367730710,2019-05-08T08:12:54,39.01565,-74.95854,0.1,65.1,32.0,GODSPEED,,WDI7643,37.0,,,,,,B
538006702,2019-05-08T08:13:38,38.8535,-75.08257,8.6,-99.1,314.0,NAMSEN,IMO9761528,V7QJ6,80.0,0.0,,,,,B
269021000,2019-05-08T08:13:25,38.87017,-75.09283,1.3,44.0,343.0,THORCO BASILISK,IMO9539377,HBLG,70.0,0.0,161.0,25.0,8.6,,A
258628000,2019-05-08T08:13:16,39.25004,-75.32231,14.8,-92.2,318.0,HOEGH TRACER,IMO9684990,LAUL7,70.0,0.0,199.0,,,,A
368058330,2019-05-08T08:13:17,39.30566,-75.38978,8.4,141.4,511.0,PURPLE  HAYS,,WDC9127,52.0,0.0,24.0,8.0,3.0,52.0,B
311588000,2019-05-08T08:13:37,38.98259,-75.13058,14.9,-72.3,340.0,DOLE ECUADOR,IMO8513479,C6FX6,70.0,0.0,178.0,27.0,8.7,70.0,B
338131000,2019-05-08T08:13:53,39.39615,-75.49096,8.3,-91.0,319.0,GENESIS EAGLE,IMO9117260,WDG9347,31.0,12.0,37.0,11.0,4.9,,B
338447000,2019-05-08T08:14:07,38.92856,-75.14136,0.1,43.2,333.0,OSG HORIZON,IMO9436549,WDF6180,31.0,1.0,46.0,15.0,6.5,57.0,A
538004030,2019-05-08T08:14:15,38.92657,-75.15842,0.0,51.9,337.0,FRIO,IMO9596985,V7UU3,80.0,1.0,274.0,48.0,17.1,89.0,A
269021000,2019-05-08T08:14:45,38.8705,-75.09267,0.4,2.0,324.0,THORCO BASILISK,IMO9539377,HBLG,70.0,0.0,161.0,25.0,8.6,,A
258628000,2019-05-08T08:14:22,39.25352,-75.32617,14.8,-89.5,320.0,HOEGH TRACER,IMO9684990,LAUL7,70.0,0.0,199.0,,,,A
538006702,2019-05-08T08:14:47,38.85527,-75.08527,8.6,-98.9,314.0,NAMSEN,IMO9761528,V7QJ6,80.0,0.0,,,,,B
311073800,2019-05-08T08:14:35,38.9839,-75.21187,0.0,197.0,330.0,EURO,IMO9567702,C6AA5,84.0,1.0,274.0,48.0,-11.5,84.0,A
311588000,2019-05-08T08:14:43,38.98676,-75.13285,14.8,-72.6,340.0,DOLE ECUADOR,IMO8513479,C6FX6,70.0,0.0,178.0,27.0,8.7,70.0,B
338131000,2019-05-08T08:15:02,39.39819,-75.49331,8.3,-90.9,319.0,GENESIS EAGLE,IMO9117260,WDG9347,31.0,12.0,37.0,11.0,4.9,,B
258628000,2019-05-08T08:15:46,39.25793,-75.33101,14.8,-90.2,319.0,HOEGH TRACER,IMO9684990,LAUL7,70.0,0.0,199.0,,,,A
269021000,2019-05-08T08:15:48,38.87067,-75.09267,0.5,-130.6,313.0,THORCO BASILISK,IMO9539377,HBLG,70.0,0.0,161.0,25.0,8.6,,A
369235000,2019-05-08T08:15:25,38.9153,-75.1355,0.0,-179.6,336.0,OSG VISION,IMO9436537,WDF2493,31.0,1.0,46.0,15.0,6.5,57.0,A
368058330,2019-05-08T08:15:28,39.30176,-75.38557,8.4,139.5,511.0,PURPLE  HAYS,,WDC9127,52.0,0.0,24.0,8.0,3.0,52.0,B
311588000,2019-05-08T08:16:07,38.99205,-75.13572,14.7,-72.3,340.0,DOLE ECUADOR,IMO8513479,C6FX6,70.0,0.0,178.0,27.0,8.7,70.0,B
368058330,2019-05-08T08:14:18,39.30382,-75.38787,8.4,140.9,511.0,PURPLE  HAYS,,WDC9127,52.0,0.0,24.0,8.0,3.0,52.0,B
240463000,2019-05-08T08:16:06,38.93912,-75.17025,0.0,63.0,344.0,BOUBOULINA,IMO9298753,SZIS,80.0,1.0,274.0,50.0,17.0,80.0,A
338131000,2019-05-08T08:16:12,39.40025,-75.49553,8.3,-91.1,319.0,GENESIS EAGLE,IMO9117260,WDG9347,31.0,12.0,37.0,11.0,4.9,,B
338447000,2019-05-08T08:17:07,38.92853,-75.14147,0.0,43.2,337.0,OSG HORIZON,IMO9436549,WDF6180,31.0,1.0,46.0,15.0,6.5,57.0,A
258628000,2019-05-08T08:17:10,39.26237,-75.3359,15.0,-90.5,319.0,HOEGH TRACER,IMO9684990,LAUL7,70.0,0.0,199.0,,,,A
538006702,2019-05-08T08:17:07,38.85899,-75.09033,8.0,-94.2,317.0,NAMSEN,IMO9761528,V7QJ6,80.0,0.0,,,,,B
368058330,2019-05-08T08:16:58,39.29911,-75.38263,8.4,138.1,511.0,PURPLE  HAYS,,WDC9127,52.0,0.0,24.0,8.0,3.0,52.0,B
538004030,2019-05-08T08:17:14,38.92663,-75.15826,0.2,112.4,330.0,FRIO,IMO9596985,V7UU3,80.0,1.0,274.0,48.0,17.1,89.0,A
269021000,2019-05-08T08:17:55,38.87033,-75.09317,1.4,-180.6,312.0,THORCO BASILISK,IMO9539377,HBLG,70.0,0.0,161.0,25.0,8.6,,A
538006702,2019-05-08T08:18:37,38.86134,-75.09328,7.7,-94.7,317.0,NAMSEN,IMO9761528,V7QJ6,80.0,0.0,,,,,B
311073800,2019-05-08T08:17:34,38.98384,-75.21193,0.0,196.2,332.0,EURO,IMO9567702,C6AA5,84.0,1.0,274.0,48.0,-11.5,84.0,A
258628000,2019-05-08T08:18:22,39.26617,-75.34007,14.9,-90.5,319.0,HOEGH TRACER,IMO9684990,LAUL7,70.0,0.0,199.0,,,,A
367730710,2019-05-08T08:15:54,39.01564,-74.95852,0.0,65.1,33.0,GODSPEED,,WDI7643,37.0,,,,,,B
538006702,2019-05-08T08:15:57,38.85709,-75.08791,8.3,-95.8,317.0,NAMSEN,IMO9761528,V7QJ6,80.0,0.0,,,,,B
311588000,2019-05-08T08:18:43,39.00187,-75.14107,14.8,-73.2,339.0,DOLE ECUADOR,IMO8513479,C6FX6,70.0,0.0,178.0,27.0,8.7,70.0,B
338131000,2019-05-08T08:18:23,39.40398,-75.49983,8.3,-91.2,319.0,GENESIS EAGLE,IMO9117260,WDG9347,31.0,12.0,37.0,11.0,4.9,,B
369235000,2019-05-08T08:18:25,38.91527,-75.13544,0.0,-179.6,334.0,OSG VISION,IMO9436537,WDF2493,31.0,1.0,46.0,15.0,6.5,57.0,A
269021000,2019-05-08T08:18:56,38.87017,-75.0935,1.2,-158.6,330.0,THORCO BASILISK,IMO9539377,HBLG,70.0,0.0,161.0,25.0,8.6,,A
240463000,2019-05-08T08:19:03,38.93907,-75.17018,0.0,59.0,343.0,BOUBOULINA,IMO9298753,SZIS,80.0,1.0,274.0,50.0,17.0,80.0,A
367730710,2019-05-08T08:18:54,39.01565,-74.95853,0.1,11.7,31.0,GODSPEED,,WDI7643,37.0,,,,,,B
269021000,2019-05-08T08:16:53,38.87054,-75.09283,0.8,-172.6,307.0,THORCO BASILISK,IMO9539377,HBLG,70.0,0.0,161.0,25.0,8.6,,B
311588000,2019-05-08T08:17:25,38.99695,-75.13839,14.7,-72.3,340.0,DOLE ECUADOR,IMO8513479,C6FX6,70.0,0.0,178.0,27.0,8.7,70.0,B
338131000,2019-05-08T08:19:33,39.40599,-75.5021,8.2,-91.5,318.0,GENESIS EAGLE,IMO9117260,WDG9347,31.0,12.0,37.0,11.0,4.9,,B
368058330,2019-05-08T08:19:37,39.29447,-75.3773,8.4,139.8,511.0,PURPLE  HAYS,,WDC9127,52.0,0.0,24.0,8.0,3.0,52.0,B
258628000,2019-05-08T08:19:27,39.26964,-75.34387,14.7,-90.6,319.0,HOEGH TRACER,IMO9684990,LAUL7,70.0,0.0,199.0,,,,A
338131000,2019-05-08T08:17:14,39.402,-75.49759,8.3,-91.1,319.0,GENESIS EAGLE,IMO9117260,WDG9347,31.0,12.0,37.0,11.0,4.9,,B
368058330,2019-05-08T08:18:18,39.29682,-75.3799,8.4,137.3,511.0,PURPLE  HAYS,,WDC9127,52.0,0.0,24.0,8.0,3.0,52.0,B
538006702,2019-05-08T08:20:07,38.86352,-75.09607,7.2,-94.3,317.0,NAMSEN,IMO9761528,V7QJ6,80.0,0.0,,,,,B
269021000,2019-05-08T08:20:19,38.87017,-75.09383,0.3,-90.6,353.0,THORCO BASILISK,IMO9539377,HBLG,70.0,0.0,161.0,25.0,8.6,,A
258628000,2019-05-08T08:20:28,39.27274,-75.34737,14.7,-91.5,318.0,HOEGH TRACER,IMO9684990,LAUL7,70.0,0.0,199.0,,,,A
311588000,2019-05-08T08:20:25,39.00841,-75.14469,15.0,-73.1,339.0,DOLE ECUADOR,IMO8513479,C6FX6,70.0,0.0,178.0,27.0,8.7,70.0,B
538004030,2019-05-08T08:20:17,38.92655,-75.15827,0.3,-200.9,326.0,FRIO,IMO9596985,V7UU3,80.0,1.0,274.0,48.0,17.1,89.0,A
269021000,2019-05-08T08:21:21,38.87017,-75.09383,0.4,67.0,4.0,THORCO BASILISK,IMO9539377,HBLG,70.0,0.0,161.0,25.0,8.6,,A
311073800,2019-05-08T08:20:35,38.98384,-75.21194,0.0,-69.8,333.0,EURO,IMO9567702,C6AA5,84.0,1.0,274.0,48.0,-11.5,84.0,A
338131000,2019-05-08T08:20:42,39.40796,-75.50434,8.2,-91.4,319.0,GENESIS EAGLE,IMO9117260,WDG9347,31.0,12.0,37.0,11.0,4.9,,B
368058330,2019-05-08T08:20:49,39.29219,-75.37508,8.5,142.2,511.0,PURPLE  HAYS,,WDC9127,52.0,0.0,24.0,8.0,3.0,52.0,B
538006702,2019-05-08T08:21:37,38.86556,-75.09869,6.7,-94.2,318.0,NAMSEN,IMO9761528,V7QJ6,80.0,0.0,,,,,B
311588000,2019-05-08T08:21:43,39.01336,-75.14754,15.0,-73.4,339.0,DOLE ECUADOR,IMO8513479,C6FX6,70.0,0.0,178.0,27.0,8.7,70.0,B
369235000,2019-05-08T08:21:25,38.91526,-75.1355,0.0,-179.6,334.0,OSG VISION,IMO9436537,WDF2493,31.0,1.0,46.0,15.0,6.5,57.0,A
368058330,2019-05-08T08:22:19,39.28935,-75.37244,8.5,143.4,511.0,PURPLE  HAYS,,WDC9127,52.0,0.0,24.0,8.0,3.0,52.0,B
258628000,2019-05-08T08:22:04,39.27766,-75.35295,14.6,-90.5,319.0,HOEGH TRACER,IMO9684990,LAUL7,70.0,0.0,199.0,,,,A
367730710,2019-05-08T08:21:54,39.01565,-74.95855,0.2,11.7,31.0,GODSPEED,,WDI7643,37.0,,,,,,B
338131000,2019-05-08T08:21:54,39.40997,-75.50672,8.2,-91.1,319.0,GENESIS EAGLE,IMO9117260,WDG9347,31.0,12.0,37.0,11.0,4.9,,B
538006702,2019-05-08T08:23:06,38.86751,-75.10116,6.4,-93.7,317.0,NAMSEN,IMO9761528,V7QJ6,80.0,0.0,,,,,B
240463000,2019-05-08T08:22:06,38.93918,-75.17007,0.0,66.0,340.0,BOUBOULINA,IMO9298753,SZIS,80.0,1.0,274.0,50.0,17.0,80.0,A
311588000,2019-05-08T08:22:49,39.0175,-75.14989,15.1,-73.6,339.0,DOLE ECUADOR,IMO8513479,C6FX6,70.0,0.0,178.0,27.0,8.7,70.0,B
338447000,2019-05-08T08:23:07,38.92852,-75.14142,0.0,43.2,338.0,OSG HORIZON,IMO9436549,WDF6180,31.0,1.0,46.0,15.0,6.5,57.0,A
258628000,2019-05-08T08:23:16,39.28129,-75.35713,14.5,-91.6,317.0,HOEGH TRACER,IMO9684990,LAUL7,70.0,0.0,199.0,,,,A
538004030,2019-05-08T08:23:16,38.92645,-75.15848,0.1,-180.9,327.0,FRIO,IMO9596985,V7UU3,80.0,1.0,274.0,48.0,17.1,89.0,A
269021000,2019-05-08T08:22:28,38.87013,-75.09353,0.8,105.0,14.0,THORCO BASILISK,IMO9539377,HBLG,70.0,0.0,161.0,25.0,8.6,,A
338131000,2019-05-08T08:23:43,39.4131,-75.51025,8.2,-90.9,319.0,GENESIS EAGLE,IMO9117260,WDG9347,31.0,12.0,37.0,11.0,4.9,,B
311073800,2019-05-08T08:23:36,38.98385,-75.21195,0.0,-69.8,333.0,EURO,IMO9567702,C6AA5,84.0,1.0,274.0,48.0,-11.5,84.0,A
269021000,2019-05-08T08:23:29,38.87006,-75.09313,1.5,104.0,20.0,THORCO BASILISK,IMO9539377,HBLG,70.0,0.0,161.0,25.0,8.6,,A
258628000,2019-05-08T08:24:39,39.28545,-75.36205,14.4,-92.1,317.0,HOEGH TRACER,IMO9684990,LAUL7,70.0,0.0,199.0,,,,A
311588000,2019-05-08T08:24:19,39.02331,-75.15319,15.0,-73.3,340.0,DOLE ECUADOR,IMO8513479,C6FX6,70.0,0.0,178.0,27.0,8.7,70.0,B
368058330,2019-05-08T08:23:27,39.28713,-75.3704,8.5,144.7,511.0,PURPLE  HAYS,,WDC9127,52.0,0.0,24.0,8.0,3.0,52.0,B
538006702,2019-05-08T08:24:07,38.86872,-75.10272,6.1,-94.8,317.0,NAMSEN,IMO9761528,V7QJ6,80.0,0.0,,,,,B
338131000,2019-05-08T08:25:03,39.41537,-75.51282,8.2,-90.8,319.0,GENESIS EAGLE,IMO9117260,WDG9347,31.0,12.0,37.0,11.0,4.9,,B
369235000,2019-05-08T08:24:25,38.91524,-75.13546,0.0,-179.6,335.0,OSG VISION,IMO9436537,WDF2493,31.0,1.0,46.0,15.0,6.5,57.0,A
269021000,2019-05-08T08:24:32,38.87,-75.0925,1.9,81.0,21.0,THORCO BASILISK,IMO9539377,HBLG,70.0,0.0,161.0,25.0,8.6,,B
311588000,2019-05-08T08:25:25,39.02747,-75.15551,15.0,-72.8,340.0,DOLE ECUADOR,IMO8513479,C6FX6,70.0,0.0,178.0,27.0,8.7,70.0,B
538006702,2019-05-08T08:25:28,38.87036,-75.10478,5.9,-94.7,317.0,NAMSEN,IMO9761528,V7QJ6,80.0,0.0,,,,,A
338131000,2019-05-08T08:26:13,39.4174,-75.51504,8.1,-90.6,317.0,GENESIS EAGLE,IMO9117260,WDG9347,31.0,12.0,37.0,11.0,4.9,,B
368058330,2019-05-08T08:24:58,39.28424,-75.36766,8.5,141.8,511.0,PURPLE  HAYS,,WDC9127,52.0,0.0,24.0,8.0,3.0,52.0,B
269021000,2019-05-08T08:25:42,38.87017,-75.0915,2.8,64.0,21.0,THORCO BASILISK,IMO9539377,HBLG,70.0,0.0,161.0,25.0,8.6,,B
311588000,2019-05-08T08:26:43,39.03247,-75.15827,15.0,-72.8,341.0,DOLE ECUADOR,IMO8513479,C6FX6,70.0,0.0,178.0,27.0,8.7,70.0,B
240463000,2019-05-08T08:25:06,38.93913,-75.17002,0.0,66.0,337.0,BOUBOULINA,IMO9298753,SZIS,80.0,1.0,274.0,50.0,17.0,80.0,A
258628000,2019-05-08T08:26:04,39.28959,-75.36691,14.4,-91.3,317.0,HOEGH TRACER,IMO9684990,LAUL7,70.0,0.0,199.0,,,,A
368058330,2019-05-08T08:26:58,39.28046,-75.36395,8.4,140.4,511.0,PURPLE  HAYS,,WDC9127,52.0,0.0,24.0,8.0,3.0,52.0,B
538004030,2019-05-08T08:26:17,38.92635,-75.15869,0.1,-179.9,333.0,FRIO,IMO9596985,V7UU3,80.0,1.0,274.0,48.0,17.1,89.0,A
338447000,2019-05-08T08:26:07,38.92852,-75.14141,0.0,43.2,336.0,OSG HORIZON,IMO9436549,WDF6180,31.0,1.0,46.0,15.0,6.5,57.0,A
311073800,2019-05-08T08:26:34,38.98382,-75.21193,0.0,-69.8,332.0,EURO,IMO9567702,C6AA5,84.0,1.0,274.0,48.0,-11.5,84.0,A
311588000,2019-05-08T08:27:49,39.0367,-75.16057,15.0,-72.6,340.0,DOLE ECUADOR,IMO8513479,C6FX6,70.0,0.0,178.0,27.0,8.7,70.0,B
369235000,2019-05-08T08:27:26,38.91532,-75.13535,0.0,-179.6,334.0,OSG VISION,IMO9436537,WDF2493,31.0,1.0,46.0,15.0,6.5,57.0,A
258628000,2019-05-08T08:27:10,39.29285,-75.37073,14.3,-92.2,317.0,HOEGH TRACER,IMO9684990,LAUL7,70.0,0.0,199.0,,,,A
538006702,2019-05-08T08:27:28,38.87266,-75.1077,5.6,-94.9,317.0,NAMSEN,IMO9761528,V7QJ6,80.0,0.0,,,,,B
338131000,2019-05-08T08:27:23,39.4193,-75.51733,8.1,-92.5,317.0,GENESIS EAGLE,IMO9117260,WDG9347,31.0,12.0,37.0,11.0,4.9,,B
258628000,2019-05-08T08:28:39,39.29727,-75.37585,14.2,-91.5,317.0,HOEGH TRACER,IMO9684990,LAUL7,70.0,0.0,199.0,,,,A
269021000,2019-05-08T08:28:02,38.87167,-75.08933,4.5,44.0,21.0,THORCO BASILISK,IMO9539377,HBLG,70.0,0.0,161.0,25.0,8.6,,B
338131000,2019-05-08T08:29:02,39.42209,-75.52063,8.1,-92.8,317.0,GENESIS EAGLE,IMO9117260,WDG9347,31.0,12.0,37.0,11.0,4.9,,B
538004030,2019-05-08T08:29:13,38.92632,-75.1587,0.2,93.2,337.0,FRIO,IMO9596985,V7UU3,80.0,1.0,274.0,48.0,17.1,89.0,A
538006702,2019-05-08T08:29:07,38.87438,-75.10994,5.4,-94.7,317.0,NAMSEN,IMO9761528,V7QJ6,80.0,0.0,,,,,B
311588000,2019-05-08T08:29:07,39.04169,-75.16329,15.0,-72.3,340.0,DOLE ECUADOR,IMO8513479,C6FX6,70.0,0.0,178.0,27.0,8.7,70.0,B
269021000,2019-05-08T08:26:52,38.87083,-75.0905,3.7,53.0,21.0,THORCO BASILISK,IMO9539377,HBLG,70.0,0.0,161.0,25.0,8.6,,B
338447000,2019-05-08T08:29:07,38.92849,-75.14147,0.0,43.2,338.0,OSG HORIZON,IMO9436549,WDF6180,31.0,1.0,46.0,15.0,6.5,57.0,A
269021000,2019-05-08T08:29:11,38.87283,-75.088,5.3,41.0,21.0,THORCO BASILISK,IMO9539377,HBLG,70.0,0.0,161.0,25.0,8.6,,B
311073800,2019-05-08T08:29:33,38.98382,-75.21199,0.0,-184.0,332.0,EURO,IMO9567702,C6AA5,84.0,1.0,274.0,48.0,-11.5,84.0,A
368058330,2019-05-08T08:28:47,39.27721,-75.36044,8.5,140.6,511.0,PURPLE  HAYS,,WDC9127,52.0,0.0,24.0,8.0,3.0,52.0,B
269021000,2019-05-08T08:30:45,38.87517,-75.08583,7.5,38.0,18.0,THORCO BASILISK,IMO9539377,HBLG,70.0,0.0,161.0,25.0,8.6,,A
240463000,2019-05-08T08:28:04,38.93907,-75.17008,0.0,66.0,337.0,BOUBOULINA,IMO9298753,SZIS,80.0,1.0,274.0,50.0,17.0,80.0,A
368058330,2019-05-08T08:29:59,39.27507,-75.35814,8.3,138.0,511.0,PURPLE  HAYS,,WDC9127,52.0,0.0,24.0,8.0,3.0,52.0,B
258628000,2019-05-08T08:29:46,39.30051,-75.37967,14.3,-93.1,316.0,HOEGH TRACER,IMO9684990,LAUL7,70.0,0.0,199.0,,,,A
311588000,2019-05-08T08:30:55,39.04857,-75.16705,14.9,-72.6,340.0,DOLE ECUADOR,IMO8513479,C6FX6,70.0,0.0,178.0,27.0,8.7,70.0,B
338131000,2019-05-08T08:31:02,39.42541,-75.52461,8.1,-92.5,317.0,GENESIS EAGLE,IMO9117260,WDG9347,31.0,12.0,37.0,11.0,4.9,,B
538006702,2019-05-08T08:31:07,38.87646,-75.11262,5.2,-93.8,316.0,NAMSEN,IMO9761528,V7QJ6,80.0,0.0,,,,,B
258628000,2019-05-08T08:31:04,39.30436,-75.38427,14.5,-92.3,318.0,HOEGH TRACER,IMO9684990,LAUL7,70.0,0.0,199.0,,,,A
369235000,2019-05-08T08:30:25,38.91535,-75.13528,0.0,-179.6,331.0,OSG VISION,IMO9436537,WDF2493,31.0,1.0,46.0,15.0,6.5,57.0,A
367730710,2019-05-08T08:31:25,39.0157,-74.95852,0.1,82.7,31.0,GODSPEED,,WDI7643,37.0,,,,,,B
368058330,2019-05-08T08:31:08,39.27309,-75.3557,8.4,134.9,511.0,PURPLE  HAYS,,WDC9127,52.0,0.0,24.0,8.0,3.0,52.0,B
338131000,2019-05-08T08:32:12,39.42734,-75.52693,8.2,-92.2,317.0,GENESIS EAGLE,IMO9117260,WDG9347,31.0,12.0,37.0,11.0,4.9,,B
338447000,2019-05-08T08:32:07,38.92849,-75.14146,0.0,43.2,339.0,OSG HORIZON,IMO9436549,WDF6180,31.0,1.0,46.0,15.0,6.5,57.0,A
240463000,2019-05-08T08:31:06,38.93905,-75.17022,0.0,-152.6,338.0,BOUBOULINA,IMO9298753,SZIS,80.0,1.0,274.0,50.0,17.0,80.0,A
258628000,2019-05-08T08:32:22,39.30824,-75.38887,14.6,-91.8,317.0,HOEGH TRACER,IMO9684990,LAUL7,70.0,0.0,199.0,,,,A
311588000,2019-05-08T08:32:43,39.05551,-75.17079,15.0,-72.3,341.0,DOLE ECUADOR,IMO8513479,C6FX6,70.0,0.0,178.0,27.0,8.7,70.0,B
538006702,2019-05-08T08:32:38,38.87792,-75.11467,5.0,-100.9,312.0,NAMSEN,IMO9761528,V7QJ6,80.0,0.0,,,,,B
269021000,2019-05-08T08:32:05,38.87767,-75.08433,8.5,19.0,10.0,THORCO BASILISK,IMO9539377,HBLG,70.0,0.0,161.0,25.0,8.6,,A
538004030,2019-05-08T08:32:14,38.92638,-75.15853,0.1,67.2,336.0,FRIO,IMO9596985,V7UU3,80.0,1.0,274.0,48.0,17.1,89.0,A
368058330,2019-05-08T08:32:18,39.27115,-75.35323,8.6,137.1,511.0,PURPLE  HAYS,,WDC9127,52.0,0.0,24.0,8.0,3.0,52.0,B
258628000,2019-05-08T08:33:46,39.31248,-75.39385,14.9,-91.6,317.0,HOEGH TRACER,IMO9684990,LAUL7,70.0,0.0,199.0,,,,A
367730710,2019-05-08T08:32:54,39.01568,-74.95854,0.0,175.5,31.0,GODSPEED,,WDI7643,37.0,,,,,,B
311073800,2019-05-08T08:32:32,38.98377,-75.21208,0.0,202.1,335.0,EURO,IMO9567702,C6AA5,84.0,1.0,274.0,48.0,-11.5,84.0,A
369235000,2019-05-08T08:33:25,38.91535,-75.13524,0.0,-179.6,331.0,OSG VISION,IMO9436537,WDF2493,31.0,1.0,46.0,15.0,6.5,57.0,A
338131000,2019-05-08T08:33:23,39.42925,-75.52927,8.2,-92.2,317.0,GENESIS EAGLE,IMO9117260,WDG9347,31.0,12.0,37.0,11.0,4.9,,B
269021000,2019-05-08T08:33:39,38.88167,-75.08283,9.6,8.0,0.0,THORCO BASILISK,IMO9539377,HBLG,70.0,0.0,161.0,25.0,8.6,,A
538006702,2019-05-08T08:33:47,38.87893,-75.11624,4.9,-102.4,312.0,NAMSEN,IMO9761528,V7QJ6,80.0,0.0,,,,,B
368058330,2019-05-08T08:33:29,39.26906,-75.35077,8.5,137.8,511.0,PURPLE  HAYS,,WDC9127,52.0,0.0,24.0,8.0,3.0,52.0,B
269021000,2019-05-08T08:34:55,38.885,-75.08233,10.3,6.0,0.0,THORCO BASILISK,IMO9539377,HBLG,70.0,0.0,161.0,25.0,8.6,,A
311588000,2019-05-08T08:34:55,39.06391,-75.17527,14.9,-72.2,340.0,DOLE ECUADOR,IMO8513479,C6FX6,70.0,0.0,178.0,27.0,8.7,70.0,B
368058330,2019-05-08T08:35:08,39.26614,-75.3474,8.4,138.7,511.0,PURPLE  HAYS,,WDC9127,52.0,0.0,24.0,8.0,3.0,52.0,B
240463000,2019-05-08T08:34:03,38.939,-75.17032,0.0,-157.6,342.0,BOUBOULINA,IMO9298753,SZIS,80.0,1.0,274.0,50.0,17.0,80.0,A
338131000,2019-05-08T08:34:32,39.4312,-75.53165,8.2,-92.0,317.0,GENESIS EAGLE,IMO9117260,WDG9347,31.0,12.0,37.0,11.0,4.9,,A
258628000,2019-05-08T08:35:46,39.31862,-75.40103,14.9,-92.1,317.0,HOEGH TRACER,IMO9684990,LAUL7,70.0,0.0,199.0,,,,A
338447000,2019-05-08T08:35:07,38.9285,-75.14145,0.0,43.2,338.0,OSG HORIZON,IMO9436549,WDF6180,31.0,1.0,46.0,15.0,6.5,57.0,A
538006702,2019-05-08T08:36:27,38.88104,-75.11993,4.7,-102.5,312.0,NAMSEN,IMO9761528,V7QJ6,80.0,0.0,,,,,B
269021000,2019-05-08T08:36:05,38.8885,-75.08217,10.7,1.0,353.0,THORCO BASILISK,IMO9539377,HBLG,70.0,0.0,161.0,25.0,8.6,,A
311588000,2019-05-08T08:36:31,39.07004,-75.17852,14.8,-72.6,340.0,DOLE ECUADOR,IMO8513479,C6FX6,70.0,0.0,178.0,27.0,8.7,70.0,B
538004030,2019-05-08T08:35:14,38.92647,-75.15835,0.1,72.2,331.0,FRIO,IMO9596985,V7UU3,80.0,1.0,274.0,48.0,17.1,89.0,A
311073800,2019-05-08T08:35:33,38.98377,-75.21206,0.0,202.1,334.0,EURO,IMO9567702,C6AA5,84.0,1.0,274.0,48.0,-11.5,84.0,A
269021000,2019-05-08T08:37:22,38.89217,-75.083,10.4,-64.6,346.0,THORCO BASILISK,IMO9539377,HBLG,70.0,0.0,161.0,25.0,8.6,,B
368058330,2019-05-08T08:36:18,39.26416,-75.34503,8.3,135.5,511.0,PURPLE  HAYS,,WDC9127,52.0,0.0,24.0,8.0,3.0,52.0,B
369235000,2019-05-08T08:36:24,38.91535,-75.13531,0.0,-179.6,331.0,OSG VISION,IMO9436537,WDF2493,31.0,1.0,46.0,15.0,6.5,57.0,A
220198000,2019-05-08T08:37:40,39.51587,-75.55218,17.6,194.8,195.0,OLGA MAERSK,IMO9251614,OXBB2,70.0,0.0,237.0,32.0,12.0,,B
338131000,2019-05-08T08:35:42,39.43314,-75.53385,8.2,-91.7,317.0,GENESIS EAGLE,IMO9117260,WDG9347,31.0,12.0,37.0,11.0,4.9,,B
538006702,2019-05-08T08:34:58,38.8799,-75.11791,4.8,-102.6,312.0,NAMSEN,IMO9761528,V7QJ6,80.0,0.0,,,,,B
538006702,2019-05-08T08:37:38,38.88196,-75.12148,4.5,-102.9,312.0,NAMSEN,IMO9761528,V7QJ6,80.0,0.0,,,,,B
258628000,2019-05-08T08:36:52,39.32204,-75.40502,15.1,-92.3,317.0,HOEGH TRACER,IMO9684990,LAUL7,70.0,0.0,199.0,,,,A
338131000,2019-05-08T08:36:52,39.43512,-75.53611,8.2,-91.9,317.0,GENESIS EAGLE,IMO9117260,WDG9347,31.0,12.0,37.0,11.0,4.9,,B
311588000,2019-05-08T08:38:07,39.07619,-75.18176,15.0,-72.2,340.0,DOLE ECUADOR,IMO8513479,C6FX6,70.0,0.0,178.0,27.0,8.7,70.0,B
258628000,2019-05-08T08:38:34,39.32737,-75.41129,15.0,-91.6,318.0,HOEGH TRACER,IMO9684990,LAUL7,70.0,0.0,199.0,,,,A
269021000,2019-05-08T08:38:35,38.89567,-75.084,10.8,-66.6,343.0,THORCO BASILISK,IMO9539377,HBLG,70.0,0.0,161.0,25.0,8.6,,A
368058330,2019-05-08T08:37:28,39.26225,-75.34257,8.4,134.5,511.0,PURPLE  HAYS,,WDC9127,52.0,0.0,24.0,8.0,3.0,52.0,B
367730710,2019-05-08T08:37:54,39.01567,-74.95854,0.2,-76.2,30.0,GODSPEED,,WDI7643,37.0,,,,,,B
538004030,2019-05-08T08:38:16,38.9265,-75.15832,0.2,194.5,325.0,FRIO,IMO9596985,V7UU3,80.0,1.0,274.0,48.0,17.1,89.0,A
368058330,2019-05-08T08:39:08,39.25957,-75.33896,8.3,132.4,511.0,PURPLE  HAYS,,WDC9127,52.0,0.0,24.0,8.0,3.0,52.0,B
338447000,2019-05-08T08:38:07,38.92853,-75.14141,0.0,43.2,336.0,OSG HORIZON,IMO9436549,WDF6180,31.0,1.0,46.0,15.0,6.5,57.0,A
338131000,2019-05-08T08:38:03,39.43707,-75.53844,8.1,-92.7,316.0,GENESIS EAGLE,IMO9117260,WDG9347,31.0,12.0,37.0,11.0,4.9,,B
311073800,2019-05-08T08:38:32,38.98377,-75.21207,0.0,-190.8,332.0,EURO,IMO9567702,C6AA5,84.0,1.0,274.0,48.0,-11.5,84.0,A
258628000,2019-05-08T08:39:52,39.33136,-75.41595,15.0,-92.8,317.0,HOEGH TRACER,IMO9684990,LAUL7,70.0,0.0,199.0,,,,A
220198000,2019-05-08T08:38:46,39.51064,-75.55398,17.7,195.2,195.0,OLGA MAERSK,IMO9251614,OXBB2,70.0,0.0,237.0,32.0,12.0,,B
269021000,2019-05-08T08:40:02,38.89983,-75.08567,11.1,-65.6,343.0,THORCO BASILISK,IMO9539377,HBLG,70.0,0.0,161.0,25.0,8.6,,B
311588000,2019-05-08T08:40:07,39.08389,-75.18583,14.9,-73.7,335.0,DOLE ECUADOR,IMO8513479,C6FX6,70.0,0.0,178.0,27.0,8.7,70.0,B
369235000,2019-05-08T08:39:25,38.91533,-75.13528,0.0,-179.6,330.0,OSG VISION,IMO9436537,WDF2493,31.0,1.0,46.0,15.0,6.5,57.0,A
240463000,2019-05-08T08:37:04,38.93903,-75.17025,0.0,57.0,343.0,BOUBOULINA,IMO9298753,SZIS,80.0,1.0,274.0,50.0,17.0,80.0,A
538006702,2019-05-08T08:40:08,38.88377,-75.1246,4.2,-104.0,312.0,NAMSEN,IMO9761528,V7QJ6,80.0,0.0,,,,,B
220198000,2019-05-08T08:39:58,39.50501,-75.55593,17.8,194.7,195.0,OLGA MAERSK,IMO9251614,OXBB2,70.0,0.0,237.0,32.0,12.0,,B
368058330,2019-05-08T08:40:18,39.25768,-75.33638,8.5,135.4,511.0,PURPLE  HAYS,,WDC9127,52.0,0.0,24.0,8.0,3.0,52.0,B
338131000,2019-05-08T08:40:22,39.44095,-75.54299,7.9,-91.0,319.0,GENESIS EAGLE,IMO9117260,WDG9347,31.0,12.0,37.0,11.0,4.9,,A
311588000,2019-05-08T08:41:55,39.09007,-75.19106,14.8,-86.2,327.0,DOLE ECUADOR,IMO8513479,C6FX6,70.0,0.0,178.0,27.0,8.7,70.0,B
269021000,2019-05-08T08:42:11,38.90633,-75.08833,11.4,-71.6,337.0,THORCO BASILISK,IMO9539377,HBLG,70.0,0.0,161.0,25.0,8.6,,A
368058330,2019-05-08T08:42:08,39.25452,-75.33253,8.6,137.9,511.0,PURPLE  HAYS,,WDC9127,52.0,0.0,24.0,8.0,3.0,52.0,B
338131000,2019-05-08T08:41:23,39.44264,-75.54485,8.0,-90.5,319.0,GENESIS EAGLE,IMO9117260,WDG9347,31.0,12.0,37.0,11.0,4.9,,B
220198000,2019-05-08T08:42:28,39.49271,-75.56017,18.3,194.6,195.0,OLGA MAERSK,IMO9251614,OXBB2,70.0,0.0,237.0,32.0,12.0,,B
367730710,2019-05-08T08:40:55,39.01565,-74.95855,0.0,-187.7,29.0,GODSPEED,,WDI7643,37.0,,,,,,B
220198000,2019-05-08T08:41:04,39.49963,-75.55779,18.3,194.8,195.0,OLGA MAERSK,IMO9251614,OXBB2,70.0,0.0,237.0,32.0,12.0,,B
538004030,2019-05-08T08:41:17,38.92643,-75.15846,0.2,-175.4,324.0,FRIO,IMO9596985,V7UU3,80.0,1.0,274.0,48.0,17.1,89.0,A
258628000,2019-05-08T08:42:22,39.33911,-75.42505,15.0,-92.3,317.0,HOEGH TRACER,IMO9684990,LAUL7,70.0,0.0,199.0,,,,A
311073800,2019-05-08T08:41:34,38.98373,-75.21215,0.0,-175.3,333.0,EURO,IMO9567702,C6AA5,84.0,1.0,274.0,48.0,-11.5,84.0,A
269021000,2019-05-08T08:41:05,38.903,-75.08683,11.4,-64.6,340.0,THORCO BASILISK,IMO9539377,HBLG,70.0,0.0,161.0,25.0,8.6,,A
338131000,2019-05-08T08:43:02,39.44543,-75.54806,8.0,-91.6,318.0,GENESIS EAGLE,IMO9117260,WDG9347,31.0,12.0,37.0,11.0,4.9,,B
311588000,2019-05-08T08:43:07,39.09404,-75.19489,14.8,-86.5,327.0,DOLE ECUADOR,IMO8513479,C6FX6,70.0,0.0,178.0,27.0,8.7,70.0,B
258628000,2019-05-08T08:43:28,39.34252,-75.42905,15.0,-92.0,317.0,HOEGH TRACER,IMO9684990,LAUL7,70.0,0.0,199.0,,,,A
538006702,2019-05-08T08:42:17,38.88518,-75.12717,4.0,-104.0,312.0,NAMSEN,IMO9761528,V7QJ6,80.0,0.0,,,,,B
538006702,2019-05-08T08:43:37,38.88606,-75.12865,3.8,-103.5,312.0,NAMSEN,IMO9761528,V7QJ6,80.0,0.0,,,,,A
220198000,2019-05-08T08:43:34,39.48714,-75.56204,18.5,193.9,195.0,OLGA MAERSK,IMO9251614,OXBB2,70.0,0.0,237.0,32.0,12.0,,B
538006702,2019-05-08T08:38:48,38.88283,-75.12297,4.3,-102.7,312.0,NAMSEN,IMO9761528,V7QJ6,80.0,0.0,,,,,B
240463000,2019-05-08T08:43:06,38.93912,-75.17013,0.0,59.0,338.0,BOUBOULINA,IMO9298753,SZIS,80.0,1.0,274.0,50.0,17.0,80.0,A
368058330,2019-05-08T08:43:17,39.25243,-75.33021,8.5,137.9,511.0,PURPLE  HAYS,,WDC9127,52.0,0.0,24.0,8.0,3.0,52.0,B
338131000,2019-05-08T08:39:12,39.43893,-75.54077,8.0,-93.1,319.0,GENESIS EAGLE,IMO9117260,WDG9347,31.0,12.0,37.0,11.0,4.9,,B
367730710,2019-05-08T08:43:55,39.01566,-74.95853,0.0,-187.7,28.0,GODSPEED,,WDI7643,37.0,,,,,,B
338447000,2019-05-08T08:41:07,38.92849,-75.14143,0.0,43.2,337.0,OSG HORIZON,IMO9436549,WDF6180,31.0,1.0,46.0,15.0,6.5,57.0,A
369235000,2019-05-08T08:42:25,38.91533,-75.13534,0.0,-179.6,330.0,OSG VISION,IMO9436537,WDF2493,31.0,1.0,46.0,15.0,6.5,57.0,A
269021000,2019-05-08T08:44:02,38.91167,-75.09117,11.6,-71.6,337.0,THORCO BASILISK,IMO9539377,HBLG,70.0,0.0,161.0,25.0,8.6,,B
311073800,2019-05-08T08:44:33,38.98367,-75.21224,0.1,-203.0,336.0,EURO,IMO9567702,C6AA5,84.0,1.0,274.0,48.0,-11.5,84.0,A
220198000,2019-05-08T08:44:40,39.48167,-75.5637,18.6,184.8,181.0,OLGA MAERSK,IMO9251614,OXBB2,70.0,0.0,237.0,32.0,12.0,,B
538006702,2019-05-08T08:45:17,38.88704,-75.13053,3.7,-107.2,314.0,NAMSEN,IMO9761528,V7QJ6,80.0,0.0,,,,,B
269021000,2019-05-08T08:45:08,38.91507,-75.09297,11.6,-73.6,336.0,THORCO BASILISK,IMO9539377,HBLG,70.0,0.0,161.0,25.0,8.6,,A
258628000,2019-05-08T08:44:52,39.34683,-75.43412,14.9,-91.6,317.0,HOEGH TRACER,IMO9684990,LAUL7,70.0,0.0,199.0,,,,A
338131000,2019-05-08T08:44:13,39.4474,-75.55026,8.0,-90.1,320.0,GENESIS EAGLE,IMO9117260,WDG9347,31.0,12.0,37.0,11.0,4.9,,B
311588000,2019-05-08T08:45:13,39.10109,-75.20139,14.9,-84.6,328.0,DOLE ECUADOR,IMO8513479,C6FX6,70.0,0.0,178.0,27.0,8.7,70.0,B
538004030,2019-05-08T08:44:16,38.92637,-75.15874,0.1,-157.7,328.0,FRIO,IMO9596985,V7UU3,80.0,1.0,274.0,48.0,17.1,89.0,A
338447000,2019-05-08T08:44:07,38.92849,-75.14146,0.0,43.2,339.0,OSG HORIZON,IMO9436549,WDF6180,31.0,1.0,46.0,15.0,6.5,57.0,A
368058330,2019-05-08T08:44:28,39.25032,-75.32791,8.5,140.2,511.0,PURPLE  HAYS,,WDC9127,52.0,0.0,24.0,8.0,3.0,52.0,B
269021000,2019-05-08T08:46:12,38.91817,-75.09467,11.7,-71.6,336.0,THORCO BASILISK,IMO9539377,HBLG,70.0,0.0,161.0,25.0,8.6,,B
220198000,2019-05-08T08:46:34,39.47173,-75.5631,19.0,176.1,177.0,OLGA MAERSK,IMO9251614,OXBB2,70.0,0.0,237.0,32.0,12.0,,B
258628000,2019-05-08T08:46:22,39.35144,-75.43947,14.8,-90.4,319.0,HOEGH TRACER,IMO9684990,LAUL7,70.0,0.0,199.0,,,,A
369235000,2019-05-08T08:45:25,38.91532,-75.13539,0.0,-179.6,331.0,OSG VISION,IMO9436537,WDF2493,31.0,1.0,46.0,15.0,6.5,57.0,A
368058330,2019-05-08T08:45:48,39.24793,-75.32527,8.4,138.4,511.0,PURPLE  HAYS,,WDC9127,52.0,0.0,24.0,8.0,3.0,52.0,B
538006702,2019-05-08T08:47:17,38.88826,-75.13249,3.4,-91.9,324.0,NAMSEN,IMO9761528,V7QJ6,80.0,0.0,,,,,B
258628000,2019-05-08T08:47:28,39.35491,-75.44333,14.6,-90.6,318.0,HOEGH TRACER,IMO9684990,LAUL7,70.0,0.0,199.0,,,,A
240463000,2019-05-08T08:46:02,38.93905,-75.17012,0.1,155.0,335.0,BOUBOULINA,IMO9298753,SZIS,80.0,1.0,274.0,50.0,17.0,80.0,A
338131000,2019-05-08T08:46:33,39.45157,-75.55445,8.0,-86.2,324.0,GENESIS EAGLE,IMO9117260,WDG9347,31.0,12.0,37.0,11.0,4.9,,A
269021000,2019-05-08T08:48:05,38.92383,-75.09767,11.8,-70.6,336.0,THORCO BASILISK,IMO9539377,HBLG,70.0,0.0,161.0,25.0,8.6,,A
368058330,2019-05-08T08:46:59,39.24576,-75.32298,8.6,144.1,511.0,PURPLE  HAYS,,WDC9127,52.0,0.0,24.0,8.0,3.0,52.0,B
311588000,2019-05-08T08:46:49,39.10651,-75.20627,14.9,-84.8,328.0,DOLE ECUADOR,IMO8513479,C6FX6,70.0,0.0,178.0,27.0,8.7,70.0,B
338447000,2019-05-08T08:47:07,38.92849,-75.14146,0.0,43.2,340.0,OSG HORIZON,IMO9436549,WDF6180,31.0,1.0,46.0,15.0,6.5,57.0,A
338131000,2019-05-08T08:45:23,39.44947,-75.55238,8.0,-86.4,323.0,GENESIS EAGLE,IMO9117260,WDG9347,31.0,12.0,37.0,11.0,4.9,,B
538004030,2019-05-08T08:47:17,38.92627,-75.1589,0.0,184.7,332.0,FRIO,IMO9596985,V7UU3,80.0,1.0,274.0,48.0,17.1,89.0,A
258628000,2019-05-08T08:48:58,39.35944,-75.44843,14.4,-90.4,318.0,HOEGH TRACER,IMO9684990,LAUL7,70.0,0.0,199.0,,,,A
220198000,2019-05-08T08:48:28,39.46161,-75.56206,19.5,174.6,175.0,OLGA MAERSK,IMO9251614,OXBB2,70.0,0.0,237.0,32.0,12.0,,B
338131000,2019-05-08T08:47:43,39.45367,-75.5564,7.9,-83.6,332.0,GENESIS EAGLE,IMO9117260,WDG9347,31.0,12.0,37.0,11.0,4.9,,B
269021000,2019-05-08T08:49:12,38.92717,-75.0995,11.7,-72.6,337.0,THORCO BASILISK,IMO9539377,HBLG,70.0,0.0,161.0,25.0,8.6,,B
311073800,2019-05-08T08:47:36,38.98366,-75.21225,0.1,92.8,338.0,EURO,IMO9567702,C6AA5,84.0,1.0,274.0,48.0,-11.5,84.0,A
368058330,2019-05-08T08:48:17,39.24324,-75.32061,8.4,142.3,511.0,PURPLE  HAYS,,WDC9127,52.0,0.0,24.0,8.0,3.0,52.0,B
220198000,2019-05-08T08:49:36,39.45559,-75.56028,19.2,152.0,147.0,OLGA MAERSK,IMO9251614,OXBB2,70.0,0.0,237.0,32.0,12.0,,A
369235000,2019-05-08T08:48:25,38.91531,-75.13538,0.0,-179.6,329.0,OSG VISION,IMO9436537,WDF2493,31.0,1.0,46.0,15.0,6.5,57.0,A
368058330,2019-05-08T08:49:58,39.24021,-75.31742,8.4,139.2,511.0,PURPLE  HAYS,,WDC9127,52.0,0.0,24.0,8.0,3.0,52.0,B
311588000,2019-05-08T08:48:56,39.11364,-75.21269,14.9,-84.9,329.0,DOLE ECUADOR,IMO8513479,C6FX6,70.0,0.0,178.0,27.0,8.7,70.0,B
538004030,2019-05-08T08:50:17,38.92622,-75.15886,0.1,102.8,334.0,FRIO,IMO9596985,V7UU3,80.0,1.0,274.0,48.0,17.1,89.0,A
338131000,2019-05-08T08:48:52,39.45589,-75.55786,7.8,-73.2,338.0,GENESIS EAGLE,IMO9117260,WDG9347,31.0,12.0,37.0,11.0,4.9,,B
538006702,2019-05-08T08:48:28,38.88912,-75.13345,3.4,-87.6,324.0,NAMSEN,IMO9761528,V7QJ6,80.0,0.0,,,,,B
338131000,2019-05-08T08:50:53,39.46007,-75.55982,7.9,-68.4,345.0,GENESIS EAGLE,IMO9117260,WDG9347,31.0,12.0,37.0,11.0,4.9,,B
240463000,2019-05-08T08:49:04,38.93902,-75.17028,0.1,-150.6,334.0,BOUBOULINA,IMO9298753,SZIS,80.0,1.0,274.0,50.0,17.0,80.0,A
538006702,2019-05-08T08:50:47,38.89098,-75.13524,3.8,-88.9,324.0,NAMSEN,IMO9761528,V7QJ6,80.0,0.0,,,,,B
311588000,2019-05-08T08:50:49,39.1202,-75.21821,14.9,-82.4,331.0,DOLE ECUADOR,IMO8513479,C6FX6,70.0,0.0,178.0,27.0,8.7,70.0,B
269021000,2019-05-08T08:51:15,38.9335,-75.10267,11.9,-72.6,336.0,THORCO BASILISK,IMO9539377,HBLG,70.0,0.0,161.0,25.0,8.6,,A
220198000,2019-05-08T08:51:28,39.44798,-75.55246,18.9,137.9,138.0,OLGA MAERSK,IMO9251614,OXBB2,70.0,0.0,237.0,32.0,12.0,,B
367730710,2019-05-08T08:49:56,39.01567,-74.95855,0.0,-187.7,30.0,GODSPEED,,WDI7643,37.0,,,,,,B
338447000,2019-05-08T08:50:07,38.92849,-75.14148,0.0,43.2,339.0,OSG HORIZON,IMO9436549,WDF6180,31.0,1.0,46.0,15.0,6.5,57.0,A
311073800,2019-05-08T08:50:33,38.98371,-75.21214,0.1,70.3,337.0,EURO,IMO9567702,C6AA5,84.0,1.0,274.0,48.0,-11.5,84.0,A
269021000,2019-05-08T08:52:22,38.937,-75.1045,12.0,-71.6,336.0,THORCO BASILISK,IMO9539377,HBLG,70.0,0.0,161.0,25.0,8.6,,A
220198000,2019-05-08T08:52:34,39.44359,-75.54737,19.0,138.0,138.0,OLGA MAERSK,IMO9251614,OXBB2,70.0,0.0,237.0,32.0,12.0,,B
311588000,2019-05-08T08:47:55,39.1103,-75.20968,14.9,-84.0,329.0,DOLE ECUADOR,IMO8513479,C6FX6,70.0,0.0,178.0,27.0,8.7,70.0,B
311588000,2019-05-08T08:52:55,39.12754,-75.22432,15.0,-82.6,331.0,DOLE ECUADOR,IMO8513479,C6FX6,70.0,0.0,178.0,27.0,8.7,70.0,B
369235000,2019-05-08T08:51:25,38.91535,-75.13535,0.0,-179.6,328.0,OSG VISION,IMO9436537,WDF2493,31.0,1.0,46.0,15.0,6.5,57.0,A
538006702,2019-05-08T08:53:08,38.89311,-75.13731,4.3,-80.5,330.0,NAMSEN,IMO9761528,V7QJ6,80.0,0.0,,,,,B
368058330,2019-05-08T08:53:19,39.2341,-75.31074,8.7,142.9,511.0,PURPLE  HAYS,,WDC9127,52.0,0.0,24.0,8.0,3.0,52.0,B
538004030,2019-05-08T08:53:15,38.92624,-75.15874,0.1,81.3,335.0,FRIO,IMO9596985,V7UU3,80.0,1.0,274.0,48.0,17.1,89.0,A
258628000,2019-05-08T08:50:04,39.36275,-75.45214,14.3,-91.1,318.0,HOEGH TRACER,IMO9684990,LAUL7,70.0,0.0,199.0,,,,A
269021000,2019-05-08T08:53:53,38.94167,-75.107,12.2,-71.6,337.0,THORCO BASILISK,IMO9539377,HBLG,70.0,0.0,161.0,25.0,8.6,,B
258628000,2019-05-08T08:53:40,39.37347,-75.46439,14.3,-91.3,318.0,HOEGH TRACER,IMO9684990,LAUL7,70.0,0.0,199.0,,,,A
338447000,2019-05-08T08:53:07,38.92849,-75.14149,0.0,43.2,339.0,OSG HORIZON,IMO9436549,WDF6180,31.0,1.0,46.0,15.0,6.5,57.0,A
258628000,2019-05-08T08:54:58,39.37733,-75.46891,14.4,-91.8,318.0,HOEGH TRACER,IMO9684990,LAUL7,70.0,0.0,199.0,,,,A
368058330,2019-05-08T08:54:58,39.23103,-75.30749,8.7,141.2,511.0,PURPLE  HAYS,,WDC9127,52.0,0.0,24.0,8.0,3.0,52.0,B
269021000,2019-05-08T08:55:08,38.94567,-75.109,12.3,-70.6,336.0,THORCO BASILISK,IMO9539377,HBLG,70.0,0.0,161.0,25.0,8.6,,A
311073800,2019-05-08T08:53:33,38.98378,-75.21197,0.0,76.7,334.0,EURO,IMO9567702,C6AA5,84.0,1.0,274.0,48.0,-11.5,84.0,A
538006702,2019-05-08T08:56:08,38.8964,-75.13984,4.8,-81.6,332.0,NAMSEN,IMO9761528,V7QJ6,80.0,0.0,,,,,B
369235000,2019-05-08T08:54:25,38.91537,-75.13533,0.0,-179.6,325.0,OSG VISION,IMO9436537,WDF2493,31.0,1.0,46.0,15.0,6.5,57.0,A
269021000,2019-05-08T08:56:15,38.94918,-75.11093,12.3,-72.6,336.0,THORCO BASILISK,IMO9539377,HBLG,70.0,0.0,161.0,25.0,8.6,,A
311588000,2019-05-08T08:56:31,39.14011,-75.23474,14.9,-82.6,329.0,DOLE ECUADOR,IMO8513479,C6FX6,70.0,0.0,178.0,27.0,8.7,70.0,B
220198000,2019-05-08T08:56:16,39.42887,-75.53059,19.3,138.3,139.0,OLGA MAERSK,IMO9251614,OXBB2,70.0,0.0,237.0,32.0,12.0,,B
258628000,2019-05-08T08:52:04,39.36871,-75.45893,14.3,-91.3,318.0,HOEGH TRACER,IMO9684990,LAUL7,70.0,0.0,199.0,,,,A
258628000,2019-05-08T08:56:40,39.38245,-75.47475,14.4,-90.8,319.0,HOEGH TRACER,IMO9684990,LAUL7,70.0,0.0,199.0,,,,A
240463000,2019-05-08T08:55:04,38.93888,-75.1707,0.0,201.0,343.0,BOUBOULINA,IMO9298753,SZIS,80.0,1.0,274.0,50.0,17.0,80.0,A
338447000,2019-05-08T08:56:12,38.92849,-75.1415,0.0,43.2,338.0,OSG HORIZON,IMO9436549,WDF6180,31.0,0.0,46.0,15.0,6.5,57.0,B
338131000,2019-05-08T08:52:22,39.46322,-75.56069,7.8,-57.8,353.0,GENESIS EAGLE,IMO9117260,WDG9347,31.0,12.0,37.0,11.0,4.9,,A
367730710,2019-05-08T08:55:54,39.01565,-74.95857,0.0,-187.7,31.0,GODSPEED,,WDI7643,37.0,,,,,,B
368058330,2019-05-08T08:51:08,39.23817,-75.31505,8.5,137.0,511.0,PURPLE  HAYS,,WDC9127,52.0,0.0,24.0,8.0,3.0,52.0,B
538004030,2019-05-08T08:56:16,38.92631,-75.1586,0.1,69.8,333.0,FRIO,IMO9596985,V7UU3,80.0,1.0,274.0,48.0,17.1,89.0,A
311073800,2019-05-08T08:56:35,38.9838,-75.21188,0.0,104.1,330.0,EURO,IMO9567702,C6AA5,84.0,1.0,274.0,48.0,-11.5,84.0,A
240463000,2019-05-08T08:52:05,38.93895,-75.17053,0.0,-168.6,337.0,BOUBOULINA,IMO9298753,SZIS,80.0,1.0,274.0,50.0,17.0,80.0,A
338131000,2019-05-08T08:54:03,39.46697,-75.56117,7.9,-55.5,354.0,GENESIS EAGLE,IMO9117260,WDG9347,31.0,12.0,37.0,11.0,4.9,,B
367730710,2019-05-08T08:52:53,39.01565,-74.95855,0.0,-187.7,30.0,GODSPEED,,WDI7643,37.0,,,,,,B
538006702,2019-05-08T08:54:47,38.89487,-75.13865,4.6,-79.7,330.0,NAMSEN,IMO9761528,V7QJ6,80.0,0.0,,,,,B
220198000,2019-05-08T08:54:58,39.43402,-75.53645,19.2,138.2,139.0,OLGA MAERSK,IMO9251614,OXBB2,70.0,0.0,237.0,32.0,12.0,,B
311588000,2019-05-08T08:54:01,39.13135,-75.22746,14.9,-82.4,331.0,DOLE ECUADOR,IMO8513479,C6FX6,70.0,0.0,178.0,27.0,8.7,70.0,B
338131000,2019-05-08T08:56:32,39.47239,-75.56201,7.9,-56.8,355.0,GENESIS EAGLE,IMO9117260,WDG9347,31.0,12.0,37.0,11.0,4.9,,B
368058330,2019-05-08T08:57:17,39.22664,-75.30302,8.5,142.9,511.0,PURPLE  HAYS,,WDC9127,52.0,0.0,24.0,8.0,3.0,52.0,B
538006702,2019-05-08T08:57:48,38.89842,-75.14114,5.0,-74.4,335.0,NAMSEN,IMO9761528,V7QJ6,80.0,0.0,,,,,B
338447000,2019-05-08T08:58:12,38.9285,-75.14147,0.0,43.2,336.0,OSG HORIZON,IMO9436549,WDF6180,31.0,0.0,46.0,15.0,6.5,57.0,B
258628000,2019-05-08T08:58:16,39.3873,-75.48023,14.4,-91.7,318.0,HOEGH TRACER,IMO9684990,LAUL7,70.0,0.0,199.0,,,,A
220198000,2019-05-08T08:58:52,39.41821,-75.51861,19.4,138.2,139.0,OLGA MAERSK,IMO9251614,OXBB2,70.0,0.0,237.0,32.0,12.0,,B
269021000,2019-05-08T08:59:31,38.9595,-75.1165,12.5,-72.6,335.0,THORCO BASILISK,IMO9539377,HBLG,70.0,0.0,161.0,25.0,8.6,,B
338131000,2019-05-08T08:59:03,39.47785,-75.56281,7.7,-53.2,1.0,GENESIS EAGLE,IMO9117260,WDG9347,31.0,12.0,37.0,11.0,4.9,,B
269021000,2019-05-08T08:57:22,38.95267,-75.11283,12.3,-72.6,336.0,THORCO BASILISK,IMO9539377,HBLG,70.0,0.0,161.0,25.0,8.6,,A
311588000,2019-05-08T08:59:31,39.15051,-75.24366,15.1,-83.5,329.0,DOLE ECUADOR,IMO8513479,C6FX6,70.0,0.0,178.0,27.0,8.7,70.0,B
369235000,2019-05-08T08:57:25,38.91536,-75.13532,0.0,-179.6,326.0,OSG VISION,IMO9436537,WDF2493,31.0,1.0,46.0,15.0,6.5,57.0,A
311073800,2019-05-08T08:59:35,38.9838,-75.21192,0.1,-168.3,328.0,EURO,IMO9567702,C6AA5,84.0,1.0,274.0,48.0,-11.5,84.0,A
538006702,2019-05-08T08:59:48,38.90105,-75.14265,5.2,-74.3,335.0,NAMSEN,IMO9761528,V7QJ6,80.0,0.0,,,,,B
311588000,2019-05-08T08:57:37,39.14392,-75.23797,15.0,-83.1,330.0,DOLE ECUADOR,IMO8513479,C6FX6,70.0,0.0,178.0,27.0,8.7,70.0,B
240463000,2019-05-08T08:58:05,38.93882,-75.17072,0.1,90.0,347.0,BOUBOULINA,IMO9298753,SZIS,80.0,1.0,274.0,50.0,17.0,80.0,A
220198000,2019-05-08T08:59:58,39.41379,-75.51358,19.2,139.4,139.0,OLGA MAERSK,IMO9251614,OXBB2,70.0,0.0,237.0,32.0,12.0,,B
368058330,2019-05-08T08:58:28,39.22437,-75.30077,8.7,143.2,511.0,PURPLE  HAYS,,WDC9127,52.0,0.0,24.0,8.0,3.0,52.0,B
367730710,2019-05-08T08:58:54,39.01564,-74.95857,0.1,-187.7,34.0,GODSPEED,,WDI7643,37.0,,,,,,B
538004030,2019-05-08T08:59:16,38.92635,-75.15846,0.0,55.1,329.0,FRIO,IMO9596985,V7UU3,80.0,1.0,274.0,48.0,17.1,89.0,A
368058330,2019-05-08T08:59:37,39.22211,-75.29863,8.7,143.4,511.0,PURPLE  HAYS,,WDC9127,52.0,0.0,24.0,8.0,3.0,52.0,B
338447000,2019-05-08T08:59:20,38.92851,-75.14144,0.0,43.2,335.0,OSG HORIZON,IMO9436549,WDF6180,31.0,0.0,46.0,15.0,6.5,57.0,B
338131000,2019-05-08T09:00:03,39.47995,-75.56283,7.7,0.4,4.0,GENESIS EAGLE,IMO9117260,WDG9347,31.0,12.0,37.0,11.0,4.9,,B
269021000,2019-05-08T09:00:03,38.96117,-75.1175,12.5,-72.6,335.0,THORCO BASILISK,IMO9539377,HBLG,70.0,0.0,161.0,25.0,8.6,,B
338447000,2019-05-08T09:00:02,38.92851,-75.14142,0.0,43.2,335.0,OSG HORIZON,IMO9436549,WDF6180,31.0,0.0,46.0,15.0,6.5,57.0,B
258628000,2019-05-08T09:00:04,39.39269,-75.48641,14.3,-91.7,318.0,HOEGH TRACER,IMO9684990,LAUL7,70.0,0.0,199.0,,,,A
311588000,2019-05-08T09:00:08,39.15266,-75.2455,15.1,-83.4,329.0,DOLE ECUADOR,IMO8513479,C6FX6,70.0,0.0,178.0,27.0,8.7,70.0,B
220198000,2019-05-08T09:00:05,39.41338,-75.51313,19.2,138.5,139.0,OLGA MAERSK,IMO9251614,OXBB2,70.0,0.0,237.0,32.0,12.0,,B
538006702,2019-05-08T09:00:07,38.90145,-75.14289,5.2,-73.7,335.0,NAMSEN,IMO9761528,V7QJ6,80.0,0.0,,,,,B
368058330,2019-05-08T09:00:09,39.22106,-75.29771,8.7,145.7,511.0,PURPLE  HAYS,,WDC9127,52.0,0.0,24.0,8.0,3.0,52.0,B
369235000,2019-05-08T09:00:25,38.91535,-75.13527,0.0,-179.6,332.0,OSG VISION,IMO9436537,WDF2493,31.0,1.0,46.0,15.0,6.5,57.0,A
258628000,2019-05-08T08:59:22,39.39061,-75.48401,14.5,-91.3,318.0,HOEGH TRACER,IMO9684990,LAUL7,70.0,0.0,199.0,,,,A
269021000,2019-05-08T09:01:11,38.96491,-75.11946,12.6,-72.6,336.0,THORCO BASILISK,IMO9539377,HBLG,70.0,0.0,161.0,25.0,8.6,,B
220198000,2019-05-08T09:01:10,39.409,-75.50813,19.0,138.7,139.0,OLGA MAERSK,IMO9251614,OXBB2,70.0,0.0,237.0,32.0,12.0,,B
338131000,2019-05-08T09:01:12,39.48242,-75.56262,7.7,6.1,8.0,GENESIS EAGLE,IMO9117260,WDG9347,31.0,12.0,37.0,11.0,4.9,,B
338447000,2019-05-08T09:01:12,38.92851,-75.14144,0.1,43.2,336.0,OSG HORIZON,IMO9436549,WDF6180,31.0,0.0,46.0,15.0,6.5,57.0,B
258628000,2019-05-08T09:01:09,39.39591,-75.49007,14.2,-91.8,317.0,HOEGH TRACER,IMO9684990,LAUL7,70.0,0.0,199.0,,,,A
368058330,2019-05-08T09:01:18,39.21873,-75.29572,8.8,146.8,511.0,PURPLE  HAYS,,WDC9127,52.0,0.0,24.0,8.0,3.0,52.0,B
538006702,2019-05-08T09:01:27,38.9032,-75.14387,5.0,-75.7,330.0,NAMSEN,IMO9761528,V7QJ6,80.0,0.0,,,,,A
367730710,2019-05-08T09:01:53,39.01565,-74.95855,0.0,-187.7,30.0,GODSPEED,,WDI7643,37.0,,,,,,B
269021000,2019-05-08T09:02:12,38.96817,-75.12117,12.7,-72.6,336.0,THORCO BASILISK,IMO9539377,HBLG,70.0,0.0,161.0,25.0,8.6,,A
311588000,2019-05-08T09:02:19,39.16016,-75.25249,15.1,-87.3,327.0,DOLE ECUADOR,IMO8513479,C6FX6,70.0,0.0,178.0,27.0,8.7,70.0,B
258628000,2019-05-08T09:02:16,39.3992,-75.49397,14.1,-92.7,316.0,HOEGH TRACER,IMO9684990,LAUL7,70.0,0.0,199.0,,,,A
311588000,2019-05-08T09:01:13,39.15634,-75.2488,15.2,-85.9,327.0,DOLE ECUADOR,IMO8513479,C6FX6,70.0,0.0,178.0,27.0,8.7,70.0,B
338131000,2019-05-08T09:02:22,39.48491,-75.56222,7.8,7.7,10.0,GENESIS EAGLE,IMO9117260,WDG9347,31.0,12.0,37.0,11.0,4.9,,B
338447000,2019-05-08T09:02:22,38.92853,-75.14148,0.0,-71.8,336.0,OSG HORIZON,IMO9436549,WDF6180,31.0,0.0,46.0,15.0,6.5,57.0,B
538004030,2019-05-08T09:02:14,38.9264,-75.15844,0.1,-166.7,326.0,FRIO,IMO9596985,V7UU3,80.0,1.0,274.0,48.0,17.1,89.0,A
311073800,2019-05-08T09:02:35,38.98375,-75.21206,0.0,-189.1,331.0,EURO,IMO9567702,C6AA5,84.0,1.0,274.0,48.0,-11.5,84.0,A
368058330,2019-05-08T09:02:28,39.21629,-75.29361,9.0,146.9,511.0,PURPLE  HAYS,,WDC9127,52.0,0.0,24.0,8.0,3.0,52.0,B
269021000,2019-05-08T09:03:21,38.97183,-75.12333,12.6,-73.6,335.0,THORCO BASILISK,IMO9539377,HBLG,70.0,0.0,161.0,25.0,8.6,,B
369235000,2019-05-08T09:03:25,38.91537,-75.1352,0.0,-179.6,333.0,OSG VISION,IMO9436537,WDF2493,31.0,1.0,46.0,15.0,6.5,57.0,A
220198000,2019-05-08T09:03:17,39.40073,-75.49855,19.1,136.3,136.0,OLGA MAERSK,IMO9251614,OXBB2,70.0,0.0,237.0,32.0,12.0,,B
311588000,2019-05-08T09:03:20,39.1634,-75.25566,14.9,-86.8,327.0,DOLE ECUADOR,IMO8513479,C6FX6,70.0,0.0,178.0,27.0,8.7,70.0,B
258628000,2019-05-08T09:03:22,39.40242,-75.49769,14.5,-92.4,317.0,HOEGH TRACER,IMO9684990,LAUL7,70.0,0.0,199.0,,,,A
338447000,2019-05-08T09:03:31,38.92856,-75.1415,0.1,-71.8,337.0,OSG HORIZON,IMO9436549,WDF6180,31.0,0.0,46.0,15.0,6.5,57.0,B
338131000,2019-05-08T09:03:33,39.48745,-75.56156,7.7,15.2,14.0,GENESIS EAGLE,IMO9117260,WDG9347,31.0,12.0,37.0,11.0,4.9,,B
368058330,2019-05-08T09:03:38,39.21379,-75.29182,9.0,154.0,511.0,PURPLE  HAYS,,WDC9127,52.0,0.0,24.0,8.0,3.0,52.0,B
538006702,2019-05-08T09:02:37,38.90463,-75.14495,4.9,-79.7,329.0,NAMSEN,IMO9761528,V7QJ6,80.0,0.0,,,,,B
240463000,2019-05-08T09:04:05,38.93903,-75.17043,0.0,70.0,345.0,BOUBOULINA,IMO9298753,SZIS,80.0,1.0,274.0,50.0,17.0,80.0,A
538006702,2019-05-08T09:03:48,38.90597,-75.1459,4.7,-77.4,328.0,NAMSEN,IMO9761528,V7QJ6,80.0,0.0,,,,,B
269021000,2019-05-08T09:04:31,38.97567,-75.12533,12.6,-72.6,336.0,THORCO BASILISK,IMO9539377,HBLG,70.0,0.0,161.0,25.0,8.6,,B
220198000,2019-05-08T09:04:22,39.39648,-75.49339,19.0,136.2,137.0,OLGA MAERSK,IMO9251614,OXBB2,70.0,0.0,237.0,32.0,12.0,,B
338131000,2019-05-08T09:04:42,39.48983,-75.56076,7.7,14.1,14.0,GENESIS EAGLE,IMO9117260,WDG9347,31.0,12.0,37.0,11.0,4.9,,B
258628000,2019-05-08T09:04:28,39.40573,-75.50154,14.3,-92.1,317.0,HOEGH TRACER,IMO9684990,LAUL7,70.0,0.0,199.0,,,,A
338447000,2019-05-08T09:04:51,38.9286,-75.14149,0.1,-60.4,336.0,OSG HORIZON,IMO9436549,WDF6180,31.0,0.0,46.0,15.0,6.5,57.0,B
368058330,2019-05-08T09:04:47,39.21116,-75.29023,8.9,157.9,511.0,PURPLE  HAYS,,WDC9127,52.0,0.0,24.0,8.0,3.0,52.0,B
538006702,2019-05-08T09:04:57,38.90728,-75.14687,4.6,-83.5,324.0,NAMSEN,IMO9761528,V7QJ6,80.0,0.0,,,,,B
311073800,2019-05-08T09:05:33,38.9837,-75.21216,0.1,183.0,334.0,EURO,IMO9567702,C6AA5,84.0,1.0,274.0,48.0,-11.5,84.0,A
311588000,2019-05-08T09:05:31,39.1707,-75.26278,14.8,-87.0,327.0,DOLE ECUADOR,IMO8513479,C6FX6,70.0,0.0,178.0,27.0,8.7,70.0,B
258628000,2019-05-08T09:05:34,39.40889,-75.50529,14.2,-92.6,317.0,HOEGH TRACER,IMO9684990,LAUL7,70.0,0.0,199.0,,,,A
538004030,2019-05-08T09:05:14,38.92639,-75.15855,0.1,-154.4,326.0,FRIO,IMO9596985,V7UU3,80.0,1.0,274.0,48.0,17.1,89.0,A
269021000,2019-05-08T09:05:42,38.9795,-75.1275,12.7,-72.6,336.0,THORCO BASILISK,IMO9539377,HBLG,70.0,0.0,161.0,25.0,8.6,,B
220198000,2019-05-08T09:02:16,39.40472,-75.50321,19.0,137.5,138.0,OLGA MAERSK,IMO9251614,OXBB2,70.0,0.0,237.0,32.0,12.0,,B
338131000,2019-05-08T09:05:53,39.49231,-75.55993,7.8,14.1,14.0,GENESIS EAGLE,IMO9117260,WDG9347,31.0,12.0,37.0,11.0,4.9,,B
538006702,2019-05-08T09:06:08,38.90851,-75.14804,4.5,-86.5,324.0,NAMSEN,IMO9761528,V7QJ6,80.0,0.0,,,,,B
338447000,2019-05-08T09:06:02,38.92867,-75.14151,0.0,-63.7,335.0,OSG HORIZON,IMO9436549,WDF6180,31.0,0.0,46.0,15.0,6.5,57.0,B
368058330,2019-05-08T09:06:18,39.20766,-75.28842,8.9,161.7,511.0,PURPLE  HAYS,,WDC9127,52.0,0.0,24.0,8.0,3.0,52.0,B
369235000,2019-05-08T09:06:25,38.91539,-75.13519,0.0,-179.6,331.0,OSG VISION,IMO9436537,WDF2493,31.0,1.0,46.0,15.0,6.5,57.0,A
258628000,2019-05-08T09:06:46,39.41238,-75.50944,14.1,-91.4,318.0,HOEGH TRACER,IMO9684990,LAUL7,70.0,0.0,199.0,,,,A
311588000,2019-05-08T09:06:32,39.17393,-75.26593,14.7,-87.1,326.0,DOLE ECUADOR,IMO8513479,C6FX6,70.0,0.0,178.0,27.0,8.7,70.0,B
220198000,2019-05-08T09:05:40,39.39144,-75.48729,19.1,137.1,137.0,OLGA MAERSK,IMO9251614,OXBB2,70.0,0.0,237.0,32.0,12.0,,B
220198000,2019-05-08T09:06:46,39.38719,-75.48217,19.2,137.2,137.0,OLGA MAERSK,IMO9251614,OXBB2,70.0,0.0,237.0,32.0,12.0,,B
269021000,2019-05-08T09:06:53,38.98317,-75.12967,12.6,-73.6,335.0,THORCO BASILISK,IMO9539377,HBLG,70.0,0.0,161.0,25.0,8.6,,B
367120230,2019-05-08T09:07:11,39.51819,-75.55267,13.6,193.2,511.0,SONIE,IMO9373723,WDD2812,31.0,0.0,24.0,9.0,4.0,52.0,B
240463000,2019-05-08T09:07:04,38.93903,-75.17023,0.0,88.0,341.0,BOUBOULINA,IMO9298753,SZIS,80.0,1.0,274.0,50.0,17.0,80.0,A
338131000,2019-05-08T09:07:03,39.49475,-75.55916,7.7,14.1,14.0,GENESIS EAGLE,IMO9117260,WDG9347,31.0,12.0,37.0,11.0,4.9,,B
538006702,2019-05-08T09:07:28,38.90983,-75.14933,4.4,-87.0,325.0,NAMSEN,IMO9761528,V7QJ6,80.0,0.0,,,,,B
311588000,2019-05-08T09:04:26,39.16701,-75.25919,14.8,-87.1,326.0,DOLE ECUADOR,IMO8513479,C6FX6,70.0,0.0,178.0,27.0,8.7,70.0,B
338447000,2019-05-08T09:07:12,38.92869,-75.14152,0.1,-63.7,333.0,OSG HORIZON,IMO9436549,WDF6180,31.0,0.0,46.0,15.0,6.5,57.0,B
311588000,2019-05-08T09:07:38,39.1775,-75.26948,14.5,-88.1,330.0,DOLE ECUADOR,IMO8513479,C6FX6,70.0,0.0,178.0,27.0,8.7,70.0,B
368058330,2019-05-08T09:07:38,39.20457,-75.28705,8.7,159.6,511.0,PURPLE  HAYS,,WDC9127,52.0,0.0,24.0,8.0,3.0,52.0,B
220198000,2019-05-08T09:07:52,39.38281,-75.47698,19.6,138.1,138.0,OLGA MAERSK,IMO9251614,OXBB2,70.0,0.0,237.0,32.0,12.0,,B
258628000,2019-05-08T09:07:52,39.4156,-75.51319,14.2,-91.3,318.0,HOEGH TRACER,IMO9684990,LAUL7,70.0,0.0,199.0,,,,A
269021000,2019-05-08T09:08:03,38.987,-75.13167,12.5,-72.6,335.0,THORCO BASILISK,IMO9539377,HBLG,70.0,0.0,161.0,25.0,8.6,,B
538004030,2019-05-08T09:08:14,38.92633,-75.15868,0.0,-189.5,327.0,FRIO,IMO9596985,V7UU3,80.0,1.0,274.0,48.0,17.1,89.0,A
338131000,2019-05-08T09:08:13,39.49722,-75.55839,7.7,14.4,15.0,GENESIS EAGLE,IMO9117260,WDG9347,31.0,12.0,37.0,11.0,4.9,,B
367120230,2019-05-08T09:08:22,39.51381,-75.55415,13.6,196.0,511.0,SONIE,IMO9373723,WDD2812,31.0,0.0,24.0,9.0,4.0,52.0,B
311073800,2019-05-08T09:08:34,38.98369,-75.21212,0.1,63.4,336.0,EURO,IMO9567702,C6AA5,84.0,1.0,274.0,48.0,-11.5,84.0,A
538006702,2019-05-08T09:08:37,38.911,-75.15042,4.4,-86.2,324.0,NAMSEN,IMO9761528,V7QJ6,80.0,0.0,,,,,B
311588000,2019-05-08T09:08:43,39.18129,-75.27205,14.1,-76.0,336.0,DOLE ECUADOR,IMO8513479,C6FX6,70.0,0.0,178.0,27.0,8.7,70.0,B
368058330,2019-05-08T09:08:59,39.20153,-75.28549,8.7,158.6,511.0,PURPLE  HAYS,,WDC9127,52.0,0.0,24.0,8.0,3.0,52.0,B
338447000,2019-05-08T09:08:22,38.92874,-75.14154,0.1,-50.4,327.0,OSG HORIZON,IMO9436549,WDF6180,31.0,0.0,46.0,15.0,6.5,57.0,B
258628000,2019-05-08T09:09:09,39.41936,-75.5176,14.2,-92.1,317.0,HOEGH TRACER,IMO9684990,LAUL7,70.0,0.0,199.0,,,,A
220198000,2019-05-08T09:08:58,39.37833,-75.4718,19.7,138.1,138.0,OLGA MAERSK,IMO9251614,OXBB2,70.0,0.0,237.0,32.0,12.0,,B
269021000,2019-05-08T09:09:13,38.99067,-75.13383,12.4,-73.6,335.0,THORCO BASILISK,IMO9539377,HBLG,70.0,0.0,161.0,25.0,8.6,,B
338131000,2019-05-08T09:09:14,39.49922,-75.55767,7.7,14.8,15.0,GENESIS EAGLE,IMO9117260,WDG9347,31.0,12.0,37.0,11.0,4.9,,B
369235000,2019-05-08T09:09:25,38.9153,-75.13532,0.1,-179.6,331.0,OSG VISION,IMO9436537,WDF2493,31.0,1.0,46.0,15.0,6.5,57.0,A
311588000,2019-05-08T09:09:44,39.18479,-75.27428,14.1,-76.0,337.0,DOLE ECUADOR,IMO8513479,C6FX6,70.0,0.0,178.0,27.0,8.7,70.0,B
258628000,2019-05-08T09:10:22,39.42295,-75.52176,14.1,-91.1,318.0,HOEGH TRACER,IMO9684990,LAUL7,70.0,0.0,199.0,,,,A
367120230,2019-05-08T09:09:30,39.50971,-75.55566,13.5,196.5,511.0,SONIE,IMO9373723,WDD2812,31.0,0.0,24.0,9.0,4.0,52.0,B
338131000,2019-05-08T09:10:32,39.50195,-75.55676,7.7,14.3,15.0,GENESIS EAGLE,IMO9117260,WDG9347,31.0,12.0,37.0,11.0,4.9,,A
220198000,2019-05-08T09:10:04,39.37374,-75.46654,19.8,138.0,138.0,OLGA MAERSK,IMO9251614,OXBB2,70.0,0.0,237.0,32.0,12.0,,B
269021000,2019-05-08T09:10:32,38.99483,-75.13617,12.4,-72.6,336.0,THORCO BASILISK,IMO9539377,HBLG,70.0,0.0,161.0,25.0,8.6,,B
338447000,2019-05-08T09:09:51,38.92875,-75.14155,0.2,-173.3,325.0,OSG HORIZON,IMO9436549,WDF6180,31.0,0.0,46.0,15.0,6.5,57.0,B
367730710,2019-05-08T09:10:53,39.01563,-74.95859,0.0,-187.7,34.0,GODSPEED,,WDI7643,37.0,,,,,,B
367120230,2019-05-08T09:10:41,39.50551,-75.55733,13.6,197.4,511.0,SONIE,IMO9373723,WDD2812,31.0,0.0,24.0,9.0,4.0,52.0,B
538006702,2019-05-08T09:09:47,38.9121,-75.15154,4.3,-86.4,325.0,NAMSEN,IMO9761528,V7QJ6,80.0,0.0,,,,,B
368058330,2019-05-08T09:10:09,39.1989,-75.2841,8.9,156.9,511.0,PURPLE  HAYS,,WDC9127,52.0,0.0,24.0,8.0,3.0,52.0,B
338131000,2019-05-08T09:11:42,39.50437,-75.55599,7.6,12.8,14.0,GENESIS EAGLE,IMO9117260,WDG9347,31.0,12.0,37.0,11.0,4.9,,B
538004030,2019-05-08T09:11:15,38.9263,-75.15875,0.1,174.4,330.0,FRIO,IMO9596985,V7UU3,80.0,1.0,274.0,48.0,17.1,89.0,A
338447000,2019-05-08T09:11:12,38.92868,-75.14161,0.3,200.4,326.0,OSG HORIZON,IMO9436549,WDF6180,31.0,0.0,46.0,15.0,6.5,57.0,B
538006702,2019-05-08T09:11:18,38.91358,-75.15291,4.3,-86.3,325.0,NAMSEN,IMO9761528,V7QJ6,80.0,0.0,,,,,B
240463000,2019-05-08T09:10:03,38.93903,-75.17012,0.1,86.0,336.0,BOUBOULINA,IMO9298753,SZIS,80.0,1.0,274.0,50.0,17.0,80.0,A
311588000,2019-05-08T09:10:49,39.18871,-75.27669,14.3,-74.8,337.0,DOLE ECUADOR,IMO8513479,C6FX6,70.0,0.0,178.0,27.0,8.7,70.0,B
368058330,2019-05-08T09:11:18,39.19626,-75.28274,8.9,158.4,511.0,PURPLE  HAYS,,WDC9127,52.0,0.0,24.0,8.0,3.0,52.0,B
220198000,2019-05-08T09:11:05,39.36959,-75.4618,19.9,138.1,138.0,OLGA MAERSK,IMO9251614,OXBB2,70.0,0.0,237.0,32.0,12.0,,B
258628000,2019-05-08T09:11:51,39.42728,-75.52682,14.2,-91.6,317.0,HOEGH TRACER,IMO9684990,LAUL7,70.0,0.0,199.0,,,,A
269021000,2019-05-08T09:11:33,38.998,-75.138,12.5,-72.6,335.0,THORCO BASILISK,IMO9539377,HBLG,70.0,0.0,161.0,25.0,8.6,,B
367120230,2019-05-08T09:11:50,39.50129,-75.55881,13.5,194.4,511.0,SONIE,IMO9373723,WDD2812,31.0,0.0,24.0,9.0,4.0,52.0,B
311588000,2019-05-08T09:11:56,39.19273,-75.27913,14.5,-75.3,337.0,DOLE ECUADOR,IMO8513479,C6FX6,70.0,0.0,178.0,27.0,8.7,70.0,B
369235000,2019-05-08T09:12:25,38.91528,-75.1354,0.1,-179.6,333.0,OSG VISION,IMO9436537,WDF2493,31.0,1.0,46.0,15.0,6.5,57.0,A
269021000,2019-05-08T09:12:42,39.00167,-75.14017,12.3,-74.6,336.0,THORCO BASILISK,IMO9539377,HBLG,70.0,0.0,161.0,25.0,8.6,,B
220198000,2019-05-08T09:12:10,39.36503,-75.45661,19.9,138.8,138.0,OLGA MAERSK,IMO9251614,OXBB2,70.0,0.0,237.0,32.0,12.0,,B
338447000,2019-05-08T09:12:22,38.92856,-75.14167,0.4,196.7,328.0,OSG HORIZON,IMO9436549,WDF6180,31.0,0.0,46.0,15.0,6.5,57.0,B
368058330,2019-05-08T09:12:29,39.1936,-75.28131,8.9,155.5,511.0,PURPLE  HAYS,,WDC9127,52.0,0.0,24.0,8.0,3.0,52.0,B
538006702,2019-05-08T09:12:37,38.91487,-75.15412,4.3,-85.5,325.0,NAMSEN,IMO9761528,V7QJ6,80.0,0.0,,,,,B
311588000,2019-05-08T09:13:13,39.19748,-75.28201,14.5,-74.7,337.0,DOLE ECUADOR,IMO8513479,C6FX6,70.0,0.0,178.0,27.0,8.7,70.0,B
311073800,2019-05-08T09:11:32,38.98377,-75.212,0.1,61.1,335.0,EURO,IMO9567702,C6AA5,84.0,1.0,274.0,48.0,-11.5,84.0,A
338131000,2019-05-08T09:12:43,39.50644,-75.55533,7.5,13.2,14.0,GENESIS EAGLE,IMO9117260,WDG9347,31.0,12.0,37.0,11.0,4.9,,B
367120230,2019-05-08T09:13:10,39.4964,-75.56006,13.5,189.6,511.0,SONIE,IMO9373723,WDD2812,31.0,0.0,24.0,9.0,4.0,52.0,B
240463000,2019-05-08T09:13:05,38.93905,-75.17015,0.1,85.0,333.0,BOUBOULINA,IMO9298753,SZIS,80.0,1.0,274.0,50.0,17.0,80.0,A
258628000,2019-05-08T09:13:22,39.43167,-75.53201,14.1,-91.8,317.0,HOEGH TRACER,IMO9684990,LAUL7,70.0,0.0,199.0,,,,A
220198000,2019-05-08T09:13:16,39.36048,-75.45138,19.9,138.0,138.0,OLGA MAERSK,IMO9251614,OXBB2,70.0,0.0,237.0,32.0,12.0,,B
368058330,2019-05-08T09:13:38,39.19102,-75.27994,8.8,157.3,511.0,PURPLE  HAYS,,WDC9127,52.0,0.0,24.0,8.0,3.0,52.0,B
338447000,2019-05-08T09:13:51,38.92839,-75.14172,0.2,168.8,330.0,OSG HORIZON,IMO9436549,WDF6180,31.0,0.0,46.0,15.0,6.5,57.0,B
538006702,2019-05-08T09:13:57,38.91614,-75.1553,4.2,-86.3,325.0,NAMSEN,IMO9761528,V7QJ6,80.0,0.0,,,,,B
338131000,2019-05-08T09:13:52,39.50877,-75.55459,7.5,13.9,14.0,GENESIS EAGLE,IMO9117260,WDG9347,31.0,12.0,37.0,11.0,4.9,,B
367730710,2019-05-08T09:13:53,39.01565,-74.95858,0.0,-187.7,34.0,GODSPEED,,WDI7643,37.0,,,,,,B
538004030,2019-05-08T09:14:16,38.92626,-75.15871,0.1,87.2,332.0,FRIO,IMO9596985,V7UU3,80.0,1.0,274.0,48.0,17.1,89.0,A
311588000,2019-05-08T09:14:19,39.20147,-75.28439,14.6,-74.1,337.0,DOLE ECUADOR,IMO8513479,C6FX6,70.0,0.0,178.0,27.0,8.7,70.0,B
258628000,2019-05-08T09:14:28,39.43486,-75.53571,13.9,-92.3,317.0,HOEGH TRACER,IMO9684990,LAUL7,70.0,0.0,199.0,,,,A
311073800,2019-05-08T09:14:35,38.98378,-75.21187,0.0,78.3,332.0,EURO,IMO9567702,C6AA5,84.0,1.0,274.0,48.0,-11.5,84.0,A
368058330,2019-05-08T09:14:49,39.18837,-75.27839,8.9,154.5,511.0,PURPLE  HAYS,,WDC9127,52.0,0.0,24.0,8.0,3.0,52.0,B
338447000,2019-05-08T09:15:01,38.92827,-75.1417,0.3,172.2,329.0,OSG HORIZON,IMO9436549,WDF6180,31.0,0.0,46.0,15.0,6.5,57.0,B
220198000,2019-05-08T09:15:34,39.35103,-75.44033,20.3,138.1,138.0,OLGA MAERSK,IMO9251614,OXBB2,70.0,0.0,237.0,32.0,12.0,,B
258628000,2019-05-08T09:15:34,39.43808,-75.53948,14.0,-91.2,317.0,HOEGH TRACER,IMO9684990,LAUL7,70.0,0.0,199.0,,,,A
538006702,2019-05-08T09:15:08,38.91725,-75.15637,4.2,-85.5,325.0,NAMSEN,IMO9761528,V7QJ6,80.0,0.0,,,,,B
311588000,2019-05-08T09:15:25,39.20561,-75.28679,14.5,-73.0,338.0,DOLE ECUADOR,IMO8513479,C6FX6,70.0,0.0,178.0,27.0,8.7,70.0,B
367120230,2019-05-08T09:15:21,39.48847,-75.5623,13.4,192.2,511.0,SONIE,IMO9373723,WDD2812,31.0,0.0,24.0,9.0,4.0,52.0,B
369235000,2019-05-08T09:15:25,38.91521,-75.1355,0.0,-179.6,336.0,OSG VISION,IMO9436537,WDF2493,31.0,1.0,46.0,15.0,6.5,57.0,A
269021000,2019-05-08T09:15:33,39.01083,-75.14517,12.6,-71.6,337.0,THORCO BASILISK,IMO9539377,HBLG,70.0,0.0,161.0,25.0,8.6,,B
240463000,2019-05-08T09:16:05,38.939,-75.17032,0.1,-170.6,334.0,BOUBOULINA,IMO9298753,SZIS,80.0,1.0,274.0,50.0,17.0,80.0,A
220198000,2019-05-08T09:16:40,39.3464,-75.43489,20.5,137.3,138.0,OLGA MAERSK,IMO9251614,OXBB2,70.0,0.0,237.0,32.0,12.0,,B
258628000,2019-05-08T09:16:40,39.44124,-75.54314,14.1,-91.2,317.0,HOEGH TRACER,IMO9684990,LAUL7,70.0,0.0,199.0,,,,A
367120230,2019-05-08T09:16:31,39.48426,-75.56375,13.4,193.7,511.0,SONIE,IMO9373723,WDD2812,31.0,0.0,24.0,9.0,4.0,52.0,B
538006702,2019-05-08T09:16:17,38.91839,-75.15743,4.2,-86.7,325.0,NAMSEN,IMO9761528,V7QJ6,80.0,0.0,,,,,B
338131000,2019-05-08T09:16:43,39.51456,-75.5528,7.3,14.9,12.0,GENESIS EAGLE,IMO9117260,WDG9347,31.0,12.0,37.0,11.0,4.9,,B
269021000,2019-05-08T09:16:42,39.0145,-75.14717,12.5,-71.6,337.0,THORCO BASILISK,IMO9539377,HBLG,70.0,0.0,161.0,25.0,8.6,,B
269021000,2019-05-08T09:14:21,39.007,-75.143,12.6,-72.6,337.0,THORCO BASILISK,IMO9539377,HBLG,70.0,0.0,161.0,25.0,8.6,,B
311588000,2019-05-08T09:16:31,39.2097,-75.28903,14.4,-72.4,338.0,DOLE ECUADOR,IMO8513479,C6FX6,70.0,0.0,178.0,27.0,8.7,70.0,B
367120230,2019-05-08T09:14:11,39.49272,-75.56098,13.4,192.7,511.0,SONIE,IMO9373723,WDD2812,31.0,0.0,24.0,9.0,4.0,52.0,B
368058330,2019-05-08T09:17:07,39.18323,-75.27509,9.0,152.8,511.0,PURPLE  HAYS,,WDC9127,52.0,0.0,24.0,8.0,3.0,52.0,B
538004030,2019-05-08T09:17:15,38.9263,-75.15863,0.1,67.7,332.0,FRIO,IMO9596985,V7UU3,80.0,1.0,274.0,48.0,17.1,89.0,A
220198000,2019-05-08T09:14:22,39.35596,-75.44612,20.0,137.5,138.0,OLGA MAERSK,IMO9251614,OXBB2,70.0,0.0,237.0,32.0,12.0,,B
538006702,2019-05-08T09:17:57,38.91995,-75.1589,4.1,-87.5,325.0,NAMSEN,IMO9761528,V7QJ6,80.0,0.0,,,,,B
367120230,2019-05-08T09:17:41,39.48,-75.56446,13.2,181.4,511.0,SONIE,IMO9373723,WDD2812,31.0,0.0,24.0,9.0,4.0,52.0,B
311073800,2019-05-08T09:17:34,38.98381,-75.21178,0.1,-130.6,329.0,EURO,IMO9567702,C6AA5,84.0,1.0,274.0,48.0,-11.5,84.0,A
311588000,2019-05-08T09:17:43,39.21414,-75.29143,14.4,-71.9,338.0,DOLE ECUADOR,IMO8513479,C6FX6,70.0,0.0,178.0,27.0,8.7,70.0,B
338131000,2019-05-08T09:15:02,39.51111,-75.55385,7.5,14.1,14.0,GENESIS EAGLE,IMO9117260,WDG9347,31.0,12.0,37.0,11.0,4.9,,B
220198000,2019-05-08T09:18:10,39.33991,-75.42731,20.8,138.3,138.0,OLGA MAERSK,IMO9251614,OXBB2,70.0,0.0,237.0,32.0,12.0,,B
269021000,2019-05-08T09:17:52,39.01817,-75.14933,12.5,-73.6,338.0,THORCO BASILISK,IMO9539377,HBLG,70.0,0.0,161.0,25.0,8.6,,B
338131000,2019-05-08T09:17:52,39.51688,-75.55213,7.4,11.0,11.0,GENESIS EAGLE,IMO9117260,WDG9347,31.0,12.0,37.0,11.0,4.9,,B
338447000,2019-05-08T09:17:51,38.92823,-75.14159,0.3,-72.1,309.0,OSG HORIZON,IMO9436549,WDF6180,31.0,0.0,46.0,15.0,6.5,57.0,B
369235000,2019-05-08T09:18:26,38.91523,-75.13548,0.0,-179.6,337.0,OSG VISION,IMO9436537,WDF2493,31.0,1.0,46.0,15.0,6.5,57.0,A
368058330,2019-05-08T09:15:59,39.18579,-75.27676,8.8,152.7,511.0,PURPLE  HAYS,,WDC9127,52.0,0.0,24.0,8.0,3.0,52.0,B
338447000,2019-05-08T09:16:12,38.92818,-75.14166,0.2,114.2,326.0,OSG HORIZON,IMO9436549,WDF6180,31.0,0.0,46.0,15.0,6.5,57.0,B
367730710,2019-05-08T09:16:55,39.01564,-74.95858,0.0,-187.7,34.0,GODSPEED,,WDI7643,37.0,,,,,,B
258628000,2019-05-08T09:18:10,39.4456,-75.54826,14.0,-91.0,317.0,HOEGH TRACER,IMO9684990,LAUL7,70.0,0.0,199.0,,,,A
240463000,2019-05-08T09:19:03,38.93893,-75.17053,0.0,-173.6,338.0,BOUBOULINA,IMO9298753,SZIS,80.0,1.0,274.0,50.0,17.0,80.0,A
368058330,2019-05-08T09:18:18,39.18068,-75.27328,9.0,150.7,511.0,PURPLE  HAYS,,WDC9127,52.0,0.0,24.0,8.0,3.0,52.0,B
220198000,2019-05-08T09:19:16,39.33518,-75.42179,20.8,138.7,138.0,OLGA MAERSK,IMO9251614,OXBB2,70.0,0.0,237.0,32.0,12.0,,B
338131000,2019-05-08T09:19:03,39.51927,-75.55152,7.5,10.7,11.0,GENESIS EAGLE,IMO9117260,WDG9347,31.0,12.0,37.0,11.0,4.9,,B
311588000,2019-05-08T09:18:50,39.21815,-75.29379,14.4,-76.3,335.0,DOLE ECUADOR,IMO8513479,C6FX6,70.0,0.0,178.0,27.0,8.7,70.0,B
367120230,2019-05-08T09:18:51,39.4757,-75.56435,13.4,181.5,511.0,SONIE,IMO9373723,WDD2812,31.0,0.0,24.0,9.0,4.0,52.0,B
338447000,2019-05-08T09:19:00,38.92832,-75.14175,0.6,-122.6,297.0,OSG HORIZON,IMO9436549,WDF6180,31.0,0.0,46.0,15.0,6.5,57.0,B
269021000,2019-05-08T09:19:03,39.022,-75.15133,12.5,-72.6,338.0,THORCO BASILISK,IMO9539377,HBLG,70.0,0.0,161.0,25.0,8.6,,B
258628000,2019-05-08T09:19:28,39.4494,-75.55273,14.3,-92.3,317.0,HOEGH TRACER,IMO9684990,LAUL7,70.0,0.0,199.0,,,,A
538006702,2019-05-08T09:19:17,38.9212,-75.16013,4.1,-85.8,325.0,NAMSEN,IMO9761528,V7QJ6,80.0,0.0,,,,,B
368058330,2019-05-08T09:19:28,39.17815,-75.27138,9.0,149.9,511.0,PURPLE  HAYS,,WDC9127,52.0,0.0,24.0,8.0,3.0,52.0,B
269021000,2019-05-08T09:20:21,39.02622,-75.15357,12.5,-71.6,338.0,THORCO BASILISK,IMO9539377,HBLG,70.0,0.0,161.0,25.0,8.6,,B
367730710,2019-05-08T09:19:54,39.01564,-74.95859,0.0,-187.7,33.0,GODSPEED,,WDI7643,37.0,,,,,,B
220198000,2019-05-08T09:20:22,39.33042,-75.41629,20.8,138.2,138.0,OLGA MAERSK,IMO9251614,OXBB2,70.0,0.0,237.0,32.0,12.0,,B
538006702,2019-05-08T09:20:27,38.92227,-75.16113,4.1,-85.2,325.0,NAMSEN,IMO9761528,V7QJ6,80.0,0.0,,,,,B
338447000,2019-05-08T09:20:31,38.92834,-75.14227,1.1,-146.4,279.0,OSG HORIZON,IMO9436549,WDF6180,31.0,0.0,46.0,15.0,6.5,57.0,B
538004030,2019-05-08T09:20:17,38.92637,-75.15849,0.1,72.9,330.0,FRIO,IMO9596985,V7UU3,80.0,1.0,274.0,48.0,17.1,89.0,A
311588000,2019-05-08T09:19:55,39.22215,-75.29617,14.4,-75.1,335.0,DOLE ECUADOR,IMO8513479,C6FX6,70.0,0.0,178.0,27.0,8.7,70.0,B
367120230,2019-05-08T09:20:01,39.47137,-75.56432,13.4,180.3,511.0,SONIE,IMO9373723,WDD2812,31.0,0.0,24.0,9.0,4.0,52.0,B
258628000,2019-05-08T09:20:34,39.45269,-75.55661,14.7,-89.5,320.0,HOEGH TRACER,IMO9684990,LAUL7,70.0,0.0,199.0,,,,A
369235000,2019-05-08T09:21:25,38.91524,-75.13541,0.0,-179.6,334.0,OSG VISION,IMO9436537,WDF2493,31.0,1.0,46.0,15.0,6.5,57.0,A
368058330,2019-05-08T09:20:39,39.17558,-75.26945,8.9,150.5,511.0,PURPLE  HAYS,,WDC9127,52.0,0.0,24.0,8.0,3.0,52.0,B
311588000,2019-05-08T09:21:01,39.22612,-75.29883,14.5,-79.8,330.0,DOLE ECUADOR,IMO8513479,C6FX6,70.0,0.0,178.0,27.0,8.7,70.0,B
269021000,2019-05-08T09:21:41,39.0305,-75.15583,12.5,-72.6,337.0,THORCO BASILISK,IMO9539377,HBLG,70.0,0.0,161.0,25.0,8.6,,B
311073800,2019-05-08T09:20:32,38.98383,-75.21183,0.0,-203.6,328.0,EURO,IMO9567702,C6AA5,84.0,1.0,274.0,48.0,-11.5,84.0,A
338447000,2019-05-08T09:21:51,38.92819,-75.14292,1.6,-161.0,263.0,OSG HORIZON,IMO9436549,WDF6180,31.0,0.0,46.0,15.0,6.5,57.0,B
367120230,2019-05-08T09:21:11,39.46692,-75.56397,13.4,173.5,511.0,SONIE,IMO9373723,WDD2812,31.0,0.0,24.0,9.0,4.0,52.0,B
538006702,2019-05-08T09:21:57,38.92365,-75.16249,4.0,-87.2,325.0,NAMSEN,IMO9761528,V7QJ6,80.0,0.0,,,,,B
220198000,2019-05-08T09:21:46,39.32435,-75.40925,21.1,138.1,138.0,OLGA MAERSK,IMO9251614,OXBB2,70.0,0.0,237.0,32.0,12.0,,B
258628000,2019-05-08T09:22:09,39.45865,-75.55949,14.4,-59.9,348.0,HOEGH TRACER,IMO9684990,LAUL7,70.0,0.0,199.0,,,,A
311588000,2019-05-08T09:22:19,39.2304,-75.30261,14.5,-85.8,326.0,DOLE ECUADOR,IMO8513479,C6FX6,70.0,0.0,178.0,27.0,8.7,70.0,B
368058330,2019-05-08T09:21:49,39.17312,-75.26749,9.0,147.7,511.0,PURPLE  HAYS,,WDC9127,52.0,0.0,24.0,8.0,3.0,52.0,B
367120230,2019-05-08T09:22:21,39.46257,-75.56325,13.5,172.0,511.0,SONIE,IMO9373723,WDD2812,31.0,0.0,24.0,9.0,4.0,52.0,B
538006702,2019-05-08T09:23:27,38.92496,-75.1637,3.8,-86.1,325.0,NAMSEN,IMO9761528,V7QJ6,80.0,0.0,,,,,B
258628000,2019-05-08T09:23:28,39.46381,-75.56068,14.1,-62.0,347.0,HOEGH TRACER,IMO9684990,LAUL7,70.0,0.0,199.0,,,,A
338447000,2019-05-08T09:22:52,38.92793,-75.1435,2.0,-174.6,250.0,OSG HORIZON,IMO9436549,WDF6180,31.0,0.0,46.0,15.0,6.5,57.0,B
367730710,2019-05-08T09:22:54,39.01575,-74.95877,4.5,-64.8,511.0,GODSPEED,,WDI7643,37.0,,,,,,B
269021000,2019-05-08T09:22:51,39.03417,-75.15783,12.3,-72.6,338.0,THORCO BASILISK,IMO9539377,HBLG,70.0,0.0,161.0,25.0,8.6,,B
368058330,2019-05-08T09:22:59,39.17064,-75.26552,9.0,147.5,511.0,PURPLE  HAYS,,WDC9127,52.0,0.0,24.0,8.0,3.0,52.0,B
367120230,2019-05-08T09:24:01,39.45669,-75.5612,13.2,162.6,511.0,SONIE,IMO9373723,WDD2812,31.0,0.0,24.0,9.0,4.0,52.0,B
311588000,2019-05-08T09:24:01,39.23594,-75.30781,14.5,-86.2,326.0,DOLE ECUADOR,IMO8513479,C6FX6,70.0,0.0,178.0,27.0,8.7,70.0,B
538004030,2019-05-08T09:23:17,38.92639,-75.15838,0.0,84.2,328.0,FRIO,IMO9596985,V7UU3,80.0,1.0,274.0,48.0,17.1,89.0,A
220198000,2019-05-08T09:24:28,39.3126,-75.39568,20.8,138.6,138.0,OLGA MAERSK,IMO9251614,OXBB2,70.0,0.0,237.0,32.0,12.0,,B
258628000,2019-05-08T09:24:46,39.46884,-75.56176,13.9,-54.2,354.0,HOEGH TRACER,IMO9684990,LAUL7,70.0,0.0,199.0,,,,A
338447000,2019-05-08T09:24:01,38.92738,-75.14419,2.7,-194.5,241.0,OSG HORIZON,IMO9436549,WDF6180,31.0,0.0,46.0,15.0,6.5,57.0,B
220198000,2019-05-08T09:23:10,39.31832,-75.40225,21.0,138.1,138.0,OLGA MAERSK,IMO9251614,OXBB2,70.0,0.0,237.0,32.0,12.0,,B
269021000,2019-05-08T09:24:02,39.03783,-75.15983,12.3,-72.6,338.0,THORCO BASILISK,IMO9539377,HBLG,70.0,0.0,161.0,25.0,8.6,,B
311073800,2019-05-08T09:23:33,38.98377,-75.21191,0.0,-199.3,330.0,EURO,IMO9567702,C6AA5,84.0,1.0,274.0,48.0,-11.5,84.0,A
369235000,2019-05-08T09:24:25,38.91526,-75.13545,0.0,-179.6,333.0,OSG VISION,IMO9436537,WDF2493,31.0,1.0,46.0,15.0,6.5,57.0,A
538006702,2019-05-08T09:24:47,38.9261,-75.16479,3.7,-86.7,325.0,NAMSEN,IMO9761528,V7QJ6,80.0,0.0,,,,,B
338447000,2019-05-08T09:25:11,38.92654,-75.14485,3.2,-199.7,241.0,OSG HORIZON,IMO9436549,WDF6180,31.0,0.0,46.0,15.0,6.5,57.0,B
367730710,2019-05-08T09:24:25,39.0158,-74.95881,0.3,-54.4,25.0,GODSPEED,,WDI7643,37.0,,,,,,B
258628000,2019-05-08T09:25:58,39.47354,-75.5622,14.0,-55.0,355.0,HOEGH TRACER,IMO9684990,LAUL7,70.0,0.0,199.0,,,,A
311588000,2019-05-08T09:26:13,39.24299,-75.31456,14.3,-86.1,325.0,DOLE ECUADOR,IMO8513479,C6FX6,70.0,0.0,178.0,27.0,8.7,70.0,B
240463000,2019-05-08T09:25:06,38.93885,-75.1707,0.1,89.0,346.0,BOUBOULINA,IMO9298753,SZIS,80.0,1.0,274.0,50.0,17.0,80.0,A
368058330,2019-05-08T09:25:28,39.16548,-75.26099,9.1,145.4,511.0,PURPLE  HAYS,,WDC9127,52.0,0.0,24.0,8.0,3.0,52.0,B
311588000,2019-05-08T09:25:07,39.23953,-75.31123,14.3,-86.5,325.0,DOLE ECUADOR,IMO8513479,C6FX6,70.0,0.0,178.0,27.0,8.7,70.0,B
538004030,2019-05-08T09:26:14,38.92643,-75.15841,0.1,-138.9,326.0,FRIO,IMO9596985,V7UU3,80.0,1.0,274.0,48.0,17.1,89.0,A
538006702,2019-05-08T09:25:57,38.9271,-75.16573,3.6,-86.6,325.0,NAMSEN,IMO9761528,V7QJ6,80.0,0.0,,,,,B
269021000,2019-05-08T09:26:31,39.04567,-75.16417,12.2,-71.6,337.0,THORCO BASILISK,IMO9539377,HBLG,70.0,0.0,161.0,25.0,8.6,,A
220198000,2019-05-08T09:27:28,39.29965,-75.38087,20.7,138.5,138.0,OLGA MAERSK,IMO9251614,OXBB2,70.0,0.0,237.0,32.0,12.0,,B
311073800,2019-05-08T09:26:34,38.98381,-75.21191,0.0,-191.2,331.0,EURO,IMO9567702,C6AA5,84.0,1.0,274.0,48.0,-11.5,84.0,A
367120230,2019-05-08T09:26:31,39.44925,-75.55415,13.5,136.6,511.0,SONIE,IMO9373723,WDD2812,31.0,0.0,24.0,9.0,4.0,52.0,B
368058330,2019-05-08T09:26:39,39.16304,-75.25875,9.0,147.6,511.0,PURPLE  HAYS,,WDC9127,52.0,0.0,24.0,8.0,3.0,52.0,B
538006702,2019-05-08T09:27:08,38.92804,-75.16667,3.6,-87.2,325.0,NAMSEN,IMO9761528,V7QJ6,80.0,0.0,,,,,B
368058330,2019-05-08T09:24:18,39.1679,-75.26318,9.0,144.3,511.0,PURPLE  HAYS,,WDC9127,52.0,0.0,24.0,8.0,3.0,52.0,B
311588000,2019-05-08T09:27:55,39.24843,-75.31981,14.1,-86.6,323.0,DOLE ECUADOR,IMO8513479,C6FX6,70.0,0.0,178.0,27.0,8.7,70.0,B
367730710,2019-05-08T09:27:25,39.01585,-74.95878,0.4,168.7,3.0,GODSPEED,,WDI7643,37.0,,,,,,B
269021000,2019-05-08T09:27:32,39.04883,-75.16583,12.2,-72.6,338.0,THORCO BASILISK,IMO9539377,HBLG,70.0,0.0,161.0,25.0,8.6,,B
269021000,2019-05-08T09:25:25,39.04217,-75.16217,12.1,-73.6,337.0,THORCO BASILISK,IMO9539377,HBLG,70.0,0.0,161.0,25.0,8.6,,A
369235000,2019-05-08T09:27:25,38.91524,-75.13553,0.0,-179.6,334.0,OSG VISION,IMO9436537,WDF2493,31.0,1.0,46.0,15.0,6.5,57.0,A
367120230,2019-05-08T09:27:41,39.44595,-75.55039,13.6,137.5,511.0,SONIE,IMO9373723,WDD2812,31.0,0.0,24.0,9.0,4.0,52.0,B
338447000,2019-05-08T09:27:30,38.92471,-75.14634,3.4,-195.1,246.0,OSG HORIZON,IMO9436549,WDF6180,31.0,0.0,46.0,15.0,6.5,57.0,B
311588000,2019-05-08T09:29:07,39.25192,-75.32375,14.2,-91.3,320.0,DOLE ECUADOR,IMO8513479,C6FX6,70.0,0.0,178.0,27.0,8.7,70.0,B
269021000,2019-05-08T09:28:51,39.05283,-75.168,12.2,-72.6,338.0,THORCO BASILISK,IMO9539377,HBLG,70.0,0.0,161.0,25.0,8.6,,B
240463000,2019-05-08T09:28:06,38.9389,-75.1706,0.1,60.0,346.0,BOUBOULINA,IMO9298753,SZIS,80.0,1.0,274.0,50.0,17.0,80.0,A
538006702,2019-05-08T09:28:17,38.92892,-75.16757,3.5,-87.6,325.0,NAMSEN,IMO9761528,V7QJ6,80.0,0.0,,,,,B
220198000,2019-05-08T09:26:04,39.30569,-75.38777,20.7,138.8,138.0,OLGA MAERSK,IMO9251614,OXBB2,70.0,0.0,237.0,32.0,12.0,,B
338447000,2019-05-08T09:28:41,38.92372,-75.14713,3.2,-199.7,251.0,OSG HORIZON,IMO9436549,WDF6180,31.0,0.0,46.0,15.0,6.5,57.0,B
367120230,2019-05-08T09:28:51,39.44267,-75.5466,13.6,140.9,511.0,SONIE,IMO9373723,WDD2812,31.0,0.0,24.0,9.0,4.0,52.0,B
367120230,2019-05-08T09:25:22,39.45245,-75.55768,13.5,138.1,511.0,SONIE,IMO9373723,WDD2812,31.0,0.0,24.0,9.0,4.0,52.0,B
368058330,2019-05-08T09:27:59,39.16042,-75.25624,8.6,141.5,511.0,PURPLE  HAYS,,WDC9127,52.0,0.0,24.0,8.0,3.0,52.0,B
368058330,2019-05-08T09:29:08,39.15824,-75.25401,8.7,143.4,511.0,PURPLE  HAYS,,WDC9127,52.0,0.0,24.0,8.0,3.0,52.0,B
338447000,2019-05-08T09:29:52,38.92282,-75.14781,2.9,-197.0,260.0,OSG HORIZON,IMO9436549,WDF6180,31.0,0.0,46.0,15.0,6.5,57.0,B
258628000,2019-05-08T09:29:52,39.4883,-75.5612,13.6,14.6,15.0,HOEGH TRACER,IMO9684990,LAUL7,70.0,0.0,199.0,,,,B
538004030,2019-05-08T09:29:16,38.9264,-75.15849,0.1,181.5,325.0,FRIO,IMO9596985,V7UU3,80.0,1.0,274.0,48.0,17.1,89.0,A
311073800,2019-05-08T09:29:33,38.98381,-75.21187,0.0,56.5,330.0,EURO,IMO9567702,C6AA5,84.0,1.0,274.0,48.0,-11.5,84.0,A
338447000,2019-05-08T09:26:20,38.92563,-75.14554,3.3,-197.3,243.0,OSG HORIZON,IMO9436549,WDF6180,31.0,0.0,46.0,15.0,6.5,57.0,B
258628000,2019-05-08T09:27:21,39.47886,-75.56282,13.8,-55.4,355.0,HOEGH TRACER,IMO9684990,LAUL7,70.0,0.0,199.0,,,,A
258628000,2019-05-08T09:28:40,39.4839,-75.56269,13.6,13.5,13.0,HOEGH TRACER,IMO9684990,LAUL7,70.0,0.0,199.0,,,,A
220198000,2019-05-08T09:29:28,39.29127,-75.37124,19.9,137.7,138.0,OLGA MAERSK,IMO9251614,OXBB2,70.0,0.0,237.0,32.0,12.0,,B
369235000,2019-05-08T09:30:25,38.9152,-75.13561,0.0,-179.6,336.0,OSG VISION,IMO9436537,WDF2493,31.0,1.0,46.0,15.0,6.5,57.0,A
220198000,2019-05-08T09:30:46,39.28589,-75.36506,19.9,138.1,138.0,OLGA MAERSK,IMO9251614,OXBB2,70.0,0.0,237.0,32.0,12.0,,B
538006702,2019-05-08T09:29:28,38.92985,-75.16844,3.4,-87.0,325.0,NAMSEN,IMO9761528,V7QJ6,80.0,0.0,,,,,B
367120230,2019-05-08T09:30:51,39.43702,-75.5401,13.7,133.4,511.0,SONIE,IMO9373723,WDD2812,31.0,0.0,24.0,9.0,4.0,52.0,B
338447000,2019-05-08T09:31:02,38.9221,-75.14844,2.7,-195.1,263.0,OSG HORIZON,IMO9436549,WDF6180,31.0,0.0,46.0,15.0,6.5,57.0,B
269021000,2019-05-08T09:30:02,39.05667,-75.17,12.3,-72.6,337.0,THORCO BASILISK,IMO9539377,HBLG,70.0,0.0,161.0,25.0,8.6,,B
367730710,2019-05-08T09:30:23,39.01301,-74.95999,5.5,191.2,196.0,GODSPEED,,WDI7643,37.0,,,,,,B
311588000,2019-05-08T09:31:07,39.25778,-75.33056,14.3,-91.9,320.0,DOLE ECUADOR,IMO8513479,C6FX6,70.0,0.0,178.0,27.0,8.7,70.0,B
368058330,2019-05-08T09:30:19,39.15594,-75.25181,8.7,141.7,511.0,PURPLE  HAYS,,WDC9127,52.0,0.0,24.0,8.0,3.0,52.0,B
538006702,2019-05-08T09:30:37,38.9307,-75.1693,3.3,-87.1,325.0,NAMSEN,IMO9761528,V7QJ6,80.0,0.0,,,,,B
269021000,2019-05-08T09:31:51,39.06233,-75.17317,12.2,-71.6,338.0,THORCO BASILISK,IMO9539377,HBLG,70.0,0.0,161.0,25.0,8.6,,B
258628000,2019-05-08T09:30:55,39.49217,-75.55989,13.7,14.2,14.0,HOEGH TRACER,IMO9684990,LAUL7,70.0,0.0,199.0,,,,A
240463000,2019-05-08T09:31:06,38.939,-75.17032,0.0,64.0,342.0,BOUBOULINA,IMO9298753,SZIS,80.0,1.0,274.0,50.0,17.0,80.0,A
311588000,2019-05-08T09:32:25,39.26159,-75.33497,14.3,-91.8,320.0,DOLE ECUADOR,IMO8513479,C6FX6,70.0,0.0,178.0,27.0,8.7,70.0,B
220198000,2019-05-08T09:32:28,39.27879,-75.35693,20.3,138.5,138.0,OLGA MAERSK,IMO9251614,OXBB2,70.0,0.0,237.0,32.0,12.0,,B
367730710,2019-05-08T09:31:24,39.01165,-74.96035,5.9,191.3,196.0,GODSPEED,,WDI7643,37.0,,,,,,B
368058330,2019-05-08T09:31:29,39.15363,-75.24966,8.7,144.9,511.0,PURPLE  HAYS,,WDC9127,52.0,0.0,24.0,8.0,3.0,52.0,B
538004030,2019-05-08T09:32:16,38.92636,-75.15859,0.0,-180.0,327.0,FRIO,IMO9596985,V7UU3,80.0,1.0,274.0,48.0,17.1,89.0,A
367120230,2019-05-08T09:32:01,39.43374,-75.53619,13.8,138.6,511.0,SONIE,IMO9373723,WDD2812,31.0,0.0,24.0,9.0,4.0,52.0,B
258628000,2019-05-08T09:32:04,39.49648,-75.55842,13.6,14.7,14.0,HOEGH TRACER,IMO9684990,LAUL7,70.0,0.0,199.0,,,,A
311073800,2019-05-08T09:32:34,38.98383,-75.21183,0.0,64.2,329.0,EURO,IMO9567702,C6AA5,84.0,1.0,274.0,48.0,-11.5,84.0,A
220198000,2019-05-08T09:33:46,39.27326,-75.35059,20.5,138.5,138.0,OLGA MAERSK,IMO9251614,OXBB2,70.0,0.0,237.0,32.0,12.0,,B
338447000,2019-05-08T09:33:02,38.9209,-75.14949,2.3,-192.4,275.0,OSG HORIZON,IMO9436549,WDF6180,31.0,0.0,46.0,15.0,6.5,57.0,B
311588000,2019-05-08T09:33:55,39.26614,-75.34012,14.3,-90.3,321.0,DOLE ECUADOR,IMO8513479,C6FX6,70.0,0.0,178.0,27.0,8.7,70.0,B
538006702,2019-05-08T09:32:58,38.9324,-75.17106,3.2,-85.7,330.0,NAMSEN,IMO9761528,V7QJ6,80.0,0.0,,,,,B
368058330,2019-05-08T09:32:59,39.15075,-75.24696,8.3,143.3,511.0,PURPLE  HAYS,,WDC9127,52.0,0.0,24.0,8.0,3.0,52.0,B
258628000,2019-05-08T09:33:05,39.50028,-75.55716,13.9,14.1,14.0,HOEGH TRACER,IMO9684990,LAUL7,70.0,0.0,199.0,,,,A
367120230,2019-05-08T09:33:11,39.4304,-75.53241,13.7,139.4,511.0,SONIE,IMO9373723,WDD2812,31.0,0.0,24.0,9.0,4.0,52.0,B
269021000,2019-05-08T09:33:02,39.066,-75.17517,12.3,-72.6,337.0,THORCO BASILISK,IMO9539377,HBLG,70.0,0.0,161.0,25.0,8.6,,B
538006702,2019-05-08T09:31:47,38.93158,-75.17016,3.3,-90.1,326.0,NAMSEN,IMO9761528,V7QJ6,80.0,0.0,,,,,B
369235000,2019-05-08T09:33:25,38.9152,-75.13557,0.0,-179.6,336.0,OSG VISION,IMO9436537,WDF2493,31.0,1.0,46.0,15.0,6.5,57.0,A
220198000,2019-05-08T09:35:04,39.26765,-75.34421,20.7,137.1,138.0,OLGA MAERSK,IMO9251614,OXBB2,70.0,0.0,237.0,32.0,12.0,,B
338447000,2019-05-08T09:35:52,38.91967,-75.15081,1.7,-185.6,284.0,OSG HORIZON,IMO9436549,WDF6180,31.0,0.0,46.0,15.0,6.5,57.0,B
368058330,2019-05-08T09:34:07,39.14874,-75.24482,7.9,138.9,511.0,PURPLE  HAYS,,WDC9127,52.0,0.0,24.0,8.0,3.0,52.0,B
311588000,2019-05-08T09:35:19,39.27035,-75.34485,14.3,-91.2,322.0,DOLE ECUADOR,IMO8513479,C6FX6,70.0,0.0,178.0,27.0,8.7,70.0,B
338447000,2019-05-08T09:34:11,38.92034,-75.15005,2.1,-189.1,279.0,OSG HORIZON,IMO9436549,WDF6180,31.0,0.0,46.0,15.0,6.5,57.0,B
240463000,2019-05-08T09:34:04,38.93908,-75.17012,0.0,71.0,338.0,BOUBOULINA,IMO9298753,SZIS,80.0,1.0,274.0,50.0,17.0,80.0,A
258628000,2019-05-08T09:35:29,39.5093,-75.55421,14.0,14.2,14.0,HOEGH TRACER,IMO9684990,LAUL7,70.0,0.0,199.0,,,,A
269021000,2019-05-08T09:34:03,39.06917,-75.17683,12.3,-72.6,338.0,THORCO BASILISK,IMO9539377,HBLG,70.0,0.0,161.0,25.0,8.6,,B
258628000,2019-05-08T09:34:06,39.50404,-75.55593,14.1,12.8,14.0,HOEGH TRACER,IMO9684990,LAUL7,70.0,0.0,199.0,,,,A
538006702,2019-05-08T09:34:28,38.93349,-75.17184,3.0,-78.8,331.0,NAMSEN,IMO9761528,V7QJ6,80.0,0.0,,,,,B
367730710,2019-05-08T09:34:55,39.00554,-74.9619,6.1,190.3,196.0,GODSPEED,,WDI7643,37.0,,,,,,B
269021000,2019-05-08T09:35:12,39.07283,-75.17867,12.4,-71.6,338.0,THORCO BASILISK,IMO9539377,HBLG,70.0,0.0,161.0,25.0,8.6,,B
538004030,2019-05-08T09:35:15,38.92633,-75.15864,0.0,106.5,329.0,FRIO,IMO9596985,V7UU3,80.0,1.0,274.0,48.0,17.1,89.0,A
367120230,2019-05-08T09:35:21,39.42456,-75.52554,12.9,137.6,511.0,SONIE,IMO9373723,WDD2812,31.0,0.0,24.0,9.0,4.0,52.0,B
538006702,2019-05-08T09:37:07,38.93541,-75.17324,2.9,-78.1,330.0,NAMSEN,IMO9761528,V7QJ6,80.0,0.0,,,,,B
368058330,2019-05-08T09:35:19,39.14684,-75.24251,7.9,135.2,511.0,PURPLE  HAYS,,WDC9127,52.0,0.0,24.0,8.0,3.0,52.0,B
220198000,2019-05-08T09:36:52,39.25999,-75.33536,20.7,137.6,138.0,OLGA MAERSK,IMO9251614,OXBB2,70.0,0.0,237.0,32.0,12.0,,B
311073800,2019-05-08T09:35:34,38.98383,-75.21184,0.0,51.1,328.0,EURO,IMO9567702,C6AA5,84.0,1.0,274.0,48.0,-11.5,84.0,A
538006702,2019-05-08T09:35:38,38.93437,-75.17246,3.0,-77.4,330.0,NAMSEN,IMO9761528,V7QJ6,80.0,0.0,,,,,B
311588000,2019-05-08T09:36:20,39.27334,-75.34821,14.3,-90.8,322.0,DOLE ECUADOR,IMO8513479,C6FX6,70.0,0.0,178.0,27.0,8.7,70.0,B
258628000,2019-05-08T09:37:42,39.51773,-75.55115,14.1,16.4,15.0,HOEGH TRACER,IMO9684990,LAUL7,70.0,0.0,199.0,,,,A
367120230,2019-05-08T09:36:31,39.4215,-75.52183,12.9,135.8,511.0,SONIE,IMO9373723,WDD2812,31.0,0.0,24.0,9.0,4.0,52.0,B
269021000,2019-05-08T09:36:23,39.07667,-75.18067,12.5,-71.6,338.0,THORCO BASILISK,IMO9539377,HBLG,70.0,0.0,161.0,25.0,8.6,,B
338447000,2019-05-08T09:37:01,38.91927,-75.1513,1.6,-184.3,286.0,OSG HORIZON,IMO9436549,WDF6180,31.0,0.0,46.0,15.0,6.5,57.0,B
369235000,2019-05-08T09:36:25,38.91524,-75.13553,0.0,-179.6,338.0,OSG VISION,IMO9436537,WDF2493,31.0,1.0,46.0,15.0,6.5,57.0,A
367120230,2019-05-08T09:38:11,39.41711,-75.5166,12.9,142.7,511.0,SONIE,IMO9373723,WDD2812,31.0,0.0,24.0,9.0,4.0,52.0,B
367730710,2019-05-08T09:36:55,39.00208,-74.96273,6.3,189.3,195.0,GODSPEED,,WDI7643,37.0,,,,,,B
368058330,2019-05-08T09:36:29,39.14496,-75.24028,7.7,137.2,511.0,PURPLE  HAYS,,WDC9127,52.0,0.0,24.0,8.0,3.0,52.0,B
367730710,2019-05-08T09:33:53,39.00734,-74.96147,6.5,192.1,196.0,GODSPEED,,WDI7643,37.0,,,,,,B
538006702,2019-05-08T09:38:17,38.93629,-75.17389,2.9,-81.6,330.0,NAMSEN,IMO9761528,V7QJ6,80.0,0.0,,,,,B
220198000,2019-05-08T09:38:34,39.25262,-75.32684,20.7,138.1,138.0,OLGA MAERSK,IMO9251614,OXBB2,70.0,0.0,237.0,32.0,12.0,,B
338447000,2019-05-08T09:38:52,38.91873,-75.15203,1.4,-180.4,291.0,OSG HORIZON,IMO9436549,WDF6180,31.0,0.0,46.0,15.0,6.5,57.0,B
367120230,2019-05-08T09:34:20,39.42721,-75.52863,12.8,135.7,511.0,SONIE,IMO9373723,WDD2812,31.0,0.0,24.0,9.0,4.0,52.0,B
368058330,2019-05-08T09:38:07,39.1424,-75.23719,7.6,135.0,511.0,PURPLE  HAYS,,WDC9127,52.0,0.0,24.0,8.0,3.0,52.0,B
269021000,2019-05-08T09:39:15,39.08567,-75.18583,12.3,-77.6,328.0,THORCO BASILISK,IMO9539377,HBLG,70.0,0.0,161.0,25.0,8.6,,A
367730710,2019-05-08T09:37:57,39.00017,-74.96317,7.0,191.3,199.0,GODSPEED,,WDI7643,37.0,,,,,,B
538006702,2019-05-08T09:39:38,38.93719,-75.17463,2.8,-78.0,331.0,NAMSEN,IMO9761528,V7QJ6,80.0,0.0,,,,,B
220198000,2019-05-08T09:39:40,39.24786,-75.32137,20.9,138.0,138.0,OLGA MAERSK,IMO9251614,OXBB2,70.0,0.0,237.0,32.0,12.0,,B
269021000,2019-05-08T09:40:31,39.08933,-75.18883,12.2,-84.6,323.0,THORCO BASILISK,IMO9539377,HBLG,70.0,0.0,161.0,25.0,8.6,,A
311588000,2019-05-08T09:38:26,39.27962,-75.35528,14.1,-90.3,321.0,DOLE ECUADOR,IMO8513479,C6FX6,70.0,0.0,178.0,27.0,8.7,70.0,B
220198000,2019-05-08T09:40:46,39.24308,-75.31589,20.9,137.5,138.0,OLGA MAERSK,IMO9251614,OXBB2,70.0,0.0,237.0,32.0,12.0,,B
368058330,2019-05-08T09:39:29,39.14036,-75.23459,7.7,135.2,511.0,PURPLE  HAYS,,WDC9127,52.0,0.0,24.0,8.0,3.0,52.0,B
311588000,2019-05-08T09:39:31,39.28278,-75.35888,14.2,-91.2,321.0,DOLE ECUADOR,IMO8513479,C6FX6,70.0,0.0,178.0,27.0,8.7,70.0,B
367730710,2019-05-08T09:39:24,38.99731,-74.96382,6.9,189.6,197.0,GODSPEED,,WDI7643,37.0,,,,,,B
369235000,2019-05-08T09:39:25,38.91526,-75.13549,0.0,-179.6,340.0,OSG VISION,IMO9436537,WDF2493,31.0,1.0,46.0,15.0,6.5,57.0,A
538006702,2019-05-08T09:41:47,38.93868,-75.17568,2.8,-81.7,330.0,NAMSEN,IMO9761528,V7QJ6,80.0,0.0,,,,,B
240463000,2019-05-08T09:40:06,38.93908,-75.17013,0.0,84.0,335.0,BOUBOULINA,IMO9298753,SZIS,80.0,1.0,274.0,50.0,17.0,80.0,A
368058330,2019-05-08T09:40:47,39.13834,-75.23212,7.6,137.2,511.0,PURPLE  HAYS,,WDC9127,52.0,0.0,24.0,8.0,3.0,52.0,B
367120230,2019-05-08T09:41:21,39.40861,-75.50687,12.8,136.8,511.0,SONIE,IMO9373723,WDD2812,31.0,0.0,24.0,9.0,4.0,52.0,B
367730710,2019-05-08T09:41:26,38.99335,-74.96483,7.2,192.6,200.0,GODSPEED,,WDI7643,37.0,,,,,,B
538004030,2019-05-08T09:41:17,38.92633,-75.15859,0.1,71.6,332.0,FRIO,IMO9596985,V7UU3,80.0,1.0,274.0,48.0,17.1,89.0,A
311073800,2019-05-08T09:41:32,38.98381,-75.21187,0.1,56.8,331.0,EURO,IMO9567702,C6AA5,84.0,1.0,274.0,48.0,-11.5,84.0,A
311588000,2019-05-08T09:37:25,39.27661,-75.3519,14.2,-90.6,321.0,DOLE ECUADOR,IMO8513479,C6FX6,70.0,0.0,178.0,27.0,8.7,70.0,B
269021000,2019-05-08T09:37:31,39.08033,-75.18267,12.4,-70.6,338.0,THORCO BASILISK,IMO9539377,HBLG,70.0,0.0,161.0,25.0,8.6,,B
538004030,2019-05-08T09:38:16,38.92631,-75.15861,0.1,73.1,330.0,FRIO,IMO9596985,V7UU3,80.0,1.0,274.0,48.0,17.1,89.0,A
311073800,2019-05-08T09:38:32,38.9838,-75.21188,0.0,51.1,330.0,EURO,IMO9567702,C6AA5,84.0,1.0,274.0,48.0,-11.5,84.0,A
367120230,2019-05-08T09:40:11,39.41171,-75.51049,12.9,134.0,511.0,SONIE,IMO9373723,WDD2812,31.0,0.0,24.0,9.0,4.0,52.0,B
338447000,2019-05-08T09:40:22,38.91841,-75.15268,1.5,-165.3,294.0,OSG HORIZON,IMO9436549,WDF6180,31.0,0.0,46.0,15.0,6.5,57.0,B
311588000,2019-05-08T09:41:55,39.28995,-75.36717,14.3,-92.7,319.0,DOLE ECUADOR,IMO8513479,C6FX6,70.0,0.0,178.0,27.0,8.7,70.0,B
220198000,2019-05-08T09:42:16,39.23663,-75.30849,20.5,138.4,138.0,OLGA MAERSK,IMO9251614,OXBB2,70.0,0.0,237.0,32.0,12.0,,B
269021000,2019-05-08T09:42:21,39.09417,-75.194,12.2,-90.6,321.0,THORCO BASILISK,IMO9539377,HBLG,70.0,0.0,161.0,25.0,8.6,,B
338447000,2019-05-08T09:42:22,38.91803,-75.15373,1.3,-152.7,311.0,OSG HORIZON,IMO9436549,WDF6180,31.0,0.0,46.0,15.0,6.5,57.0,B
538006702,2019-05-08T09:43:08,38.93955,-75.17638,2.7,-80.5,330.0,NAMSEN,IMO9761528,V7QJ6,80.0,0.0,,,,,B
338447000,2019-05-08T09:43:52,38.91804,-75.15441,1.2,-126.9,316.0,OSG HORIZON,IMO9436549,WDF6180,31.0,0.0,46.0,15.0,6.5,57.0,B
369235000,2019-05-08T09:42:25,38.91527,-75.13551,0.0,-179.6,340.0,OSG VISION,IMO9436537,WDF2493,31.0,1.0,46.0,15.0,6.5,57.0,A
368058330,2019-05-08T09:42:28,39.13577,-75.22891,7.6,134.2,511.0,PURPLE  HAYS,,WDC9127,52.0,0.0,24.0,8.0,3.0,52.0,B
367120230,2019-05-08T09:42:30,39.40537,-75.50359,12.7,141.7,511.0,SONIE,IMO9373723,WDD2812,31.0,0.0,24.0,9.0,4.0,52.0,B
538004030,2019-05-08T09:44:13,38.92635,-75.15851,0.1,76.9,332.0,FRIO,IMO9596985,V7UU3,80.0,1.0,274.0,48.0,17.1,89.0,A
311588000,2019-05-08T09:44:19,39.29687,-75.37545,14.1,-92.7,319.0,DOLE ECUADOR,IMO8513479,C6FX6,70.0,0.0,178.0,27.0,8.7,70.0,B
240463000,2019-05-08T09:43:06,38.93903,-75.17028,0.0,-153.6,337.0,BOUBOULINA,IMO9298753,SZIS,80.0,1.0,274.0,50.0,17.0,80.0,A
269021000,2019-05-08T09:43:26,39.09683,-75.19683,12.1,-85.6,325.0,THORCO BASILISK,IMO9539377,HBLG,70.0,0.0,161.0,25.0,8.6,,A
220198000,2019-05-08T09:43:22,39.23198,-75.30322,20.5,144.7,148.0,OLGA MAERSK,IMO9251614,OXBB2,70.0,0.0,237.0,32.0,12.0,,B
367120230,2019-05-08T09:43:32,39.40253,-75.50062,12.7,141.3,511.0,SONIE,IMO9373723,WDD2812,31.0,0.0,24.0,9.0,4.0,52.0,B
538006702,2019-05-08T09:45:07,38.94084,-75.17742,2.7,-80.3,330.0,NAMSEN,IMO9761528,V7QJ6,80.0,0.0,,,,,B
367730710,2019-05-08T09:43:56,38.9884,-74.96619,7.4,191.9,199.0,GODSPEED,,WDI7643,37.0,,,,,,B
367730710,2019-05-08T09:42:54,38.99048,-74.96563,7.1,193.9,201.0,GODSPEED,,WDI7643,37.0,,,,,,B
220198000,2019-05-08T09:46:34,39.21616,-75.2927,19.6,155.3,157.0,OLGA MAERSK,IMO9251614,OXBB2,70.0,0.0,237.0,32.0,12.0,,B
311588000,2019-05-08T09:46:19,39.30262,-75.38252,14.3,-93.3,320.0,DOLE ECUADOR,IMO8513479,C6FX6,70.0,0.0,178.0,27.0,8.7,70.0,B
338447000,2019-05-08T09:45:31,38.91827,-75.15503,1.1,-101.7,316.0,OSG HORIZON,IMO9436549,WDF6180,31.0,0.0,46.0,15.0,6.5,57.0,B
220198000,2019-05-08T09:44:28,39.2265,-75.29911,20.2,152.9,155.0,OLGA MAERSK,IMO9251614,OXBB2,70.0,0.0,237.0,32.0,12.0,,B
269021000,2019-05-08T09:44:32,39.1,-75.19967,12.2,-85.6,326.0,THORCO BASILISK,IMO9539377,HBLG,70.0,0.0,161.0,25.0,8.6,,B
367120230,2019-05-08T09:44:41,39.39943,-75.49725,12.5,139.8,511.0,SONIE,IMO9373723,WDD2812,31.0,0.0,24.0,9.0,4.0,52.0,B
369235000,2019-05-08T09:45:25,38.91524,-75.13551,0.0,-179.6,339.0,OSG VISION,IMO9436537,WDF2493,31.0,1.0,46.0,15.0,6.5,57.0,A
538006702,2019-05-08T09:46:17,38.94157,-75.17796,2.7,-82.7,330.0,NAMSEN,IMO9761528,V7QJ6,80.0,0.0,,,,,B
311588000,2019-05-08T09:48:01,39.30746,-75.38857,14.2,-93.4,319.0,DOLE ECUADOR,IMO8513479,C6FX6,70.0,0.0,178.0,27.0,8.7,70.0,B
338447000,2019-05-08T09:46:32,38.91856,-75.15546,2.3,-101.8,315.0,OSG HORIZON,IMO9436549,WDF6180,31.0,0.0,46.0,15.0,6.5,57.0,B
368058330,2019-05-08T09:44:08,39.13328,-75.22575,7.5,135.9,511.0,PURPLE  HAYS,,WDC9127,52.0,0.0,24.0,8.0,3.0,52.0,B
368058330,2019-05-08T09:46:28,39.12978,-75.22136,7.5,133.5,511.0,PURPLE  HAYS,,WDC9127,52.0,0.0,24.0,8.0,3.0,52.0,B
367120230,2019-05-08T09:45:42,39.39679,-75.49431,12.5,139.8,511.0,SONIE,IMO9373723,WDD2812,31.0,0.0,24.0,9.0,4.0,52.0,B
367120230,2019-05-08T09:46:51,39.39375,-75.49102,12.6,140.9,511.0,SONIE,IMO9373723,WDD2812,31.0,0.0,24.0,9.0,4.0,52.0,B
240463000,2019-05-08T09:46:03,38.93898,-75.17032,0.0,-153.6,340.0,BOUBOULINA,IMO9298753,SZIS,80.0,1.0,274.0,50.0,17.0,80.0,A
538006702,2019-05-08T09:47:28,38.94232,-75.17856,2.6,-79.8,330.0,NAMSEN,IMO9761528,V7QJ6,80.0,0.0,,,,,B
311073800,2019-05-08T09:44:33,38.98387,-75.21178,0.0,72.8,330.0,EURO,IMO9567702,C6AA5,84.0,1.0,274.0,48.0,-11.5,84.0,A
538004030,2019-05-08T09:47:13,38.92639,-75.15842,0.0,49.9,332.0,FRIO,IMO9596985,V7UU3,80.0,1.0,274.0,48.0,17.1,89.0,A
269021000,2019-05-08T09:46:12,39.1045,-75.20383,12.1,-85.6,326.0,THORCO BASILISK,IMO9539377,HBLG,70.0,0.0,161.0,25.0,8.6,,B
367349860,2019-05-08T09:47:22,38.84963,-75.0514,8.1,-71.2,339.0,LINDA MORAN,IMO9398565,WDE4187,31.0,12.0,36.0,11.0,4.6,57.0,B
367120230,2019-05-08T09:49:02,39.38782,-75.48466,12.6,141.5,511.0,SONIE,IMO9373723,WDD2812,31.0,0.0,24.0,9.0,4.0,52.0,B
220198000,2019-05-08T09:49:10,39.20321,-75.28506,19.8,156.2,157.0,OLGA MAERSK,IMO9251614,OXBB2,70.0,0.0,237.0,32.0,12.0,,B
338447000,2019-05-08T09:49:12,38.92028,-75.15793,3.3,-96.2,317.0,OSG HORIZON,IMO9436549,WDF6180,31.0,0.0,46.0,15.0,6.5,57.0,B
311073800,2019-05-08T09:47:35,38.9839,-75.21167,0.0,59.3,328.0,EURO,IMO9567702,C6AA5,84.0,1.0,274.0,48.0,-11.5,84.0,A
311588000,2019-05-08T09:49:19,39.31116,-75.39315,14.2,-93.4,319.0,DOLE ECUADOR,IMO8513479,C6FX6,70.0,0.0,178.0,27.0,8.7,70.0,B
538006702,2019-05-08T09:49:38,38.94374,-75.1796,2.6,-83.1,330.0,NAMSEN,IMO9761528,V7QJ6,80.0,0.0,,,,,B
368058330,2019-05-08T09:47:58,39.12768,-75.21841,7.6,130.2,511.0,PURPLE  HAYS,,WDC9127,52.0,0.0,24.0,8.0,3.0,52.0,B
369235000,2019-05-08T09:48:25,38.91522,-75.1355,0.0,-179.6,336.0,OSG VISION,IMO9436537,WDF2493,31.0,1.0,46.0,15.0,6.5,57.0,A
368058330,2019-05-08T09:50:09,39.12468,-75.21383,7.5,129.3,511.0,PURPLE  HAYS,,WDC9127,52.0,0.0,24.0,8.0,3.0,52.0,B
367349860,2019-05-08T09:48:32,38.85205,-75.05263,8.2,-71.3,338.0,LINDA MORAN,IMO9398565,WDE4187,31.0,12.0,36.0,11.0,4.6,57.0,B
269021000,2019-05-08T09:50:23,39.11617,-75.214,12.1,-83.6,327.0,THORCO BASILISK,IMO9539377,HBLG,70.0,0.0,161.0,25.0,8.6,,B
367730710,2019-05-08T09:47:23,38.98181,-74.96806,6.8,192.1,200.0,GODSPEED,,WDI7643,37.0,,,,,,B
269021000,2019-05-08T09:47:25,39.10783,-75.207,12.1,-84.6,327.0,THORCO BASILISK,IMO9539377,HBLG,70.0,0.0,161.0,25.0,8.6,,A
220198000,2019-05-08T09:50:16,39.19755,-75.28184,20.3,156.4,157.0,OLGA MAERSK,IMO9251614,OXBB2,70.0,0.0,237.0,32.0,12.0,,B
367120230,2019-05-08T09:50:21,39.38431,-75.48087,12.7,141.1,511.0,SONIE,IMO9373723,WDD2812,31.0,0.0,24.0,9.0,4.0,52.0,B
367730710,2019-05-08T09:48:54,38.97902,-74.96884,6.6,191.6,200.0,GODSPEED,,WDI7643,37.0,,,,,,B
220198000,2019-05-08T09:51:34,39.19089,-75.27813,20.2,156.4,157.0,OLGA MAERSK,IMO9251614,OXBB2,70.0,0.0,237.0,32.0,12.0,,B
367349860,2019-05-08T09:49:42,38.85456,-75.05394,8.1,-72.3,338.0,LINDA MORAN,IMO9398565,WDE4187,31.0,12.0,36.0,11.0,4.6,57.0,B
269021000,2019-05-08T09:51:35,39.1195,-75.21683,12.1,-85.6,328.0,THORCO BASILISK,IMO9539377,HBLG,70.0,0.0,161.0,25.0,8.6,,A
367730710,2019-05-08T09:49:57,38.97714,-74.96939,6.7,192.7,199.0,GODSPEED,,WDI7643,37.0,,,,,,B
538004030,2019-05-08T09:50:15,38.92642,-75.15837,0.0,49.3,330.0,FRIO,IMO9596985,V7UU3,80.0,1.0,274.0,48.0,17.1,89.0,A
367120230,2019-05-08T09:52:12,39.37974,-75.47482,12.7,136.6,511.0,SONIE,IMO9373723,WDD2812,31.0,0.0,24.0,9.0,4.0,52.0,B
338447000,2019-05-08T09:50:22,38.92101,-75.15895,3.5,-96.3,318.0,OSG HORIZON,IMO9436549,WDF6180,31.0,0.0,46.0,15.0,6.5,57.0,B
311073800,2019-05-08T09:50:34,38.98392,-75.21158,0.0,96.4,326.0,EURO,IMO9567702,C6AA5,84.0,1.0,274.0,48.0,-11.5,84.0,A
269021000,2019-05-08T09:49:15,39.113,-75.21133,12.0,-83.6,327.0,THORCO BASILISK,IMO9539377,HBLG,70.0,0.0,161.0,25.0,8.6,,A
367349860,2019-05-08T09:50:53,38.85699,-75.05524,8.2,-72.8,340.0,LINDA MORAN,IMO9398565,WDE4187,31.0,12.0,36.0,11.0,4.6,57.0,B
311588000,2019-05-08T09:51:31,39.31751,-75.40088,14.3,-92.9,319.0,DOLE ECUADOR,IMO8513479,C6FX6,70.0,0.0,178.0,27.0,8.7,70.0,B
369235000,2019-05-08T09:51:25,38.91523,-75.13554,0.0,-179.6,335.0,OSG VISION,IMO9436537,WDF2493,31.0,1.0,46.0,15.0,6.5,57.0,A
240463000,2019-05-08T09:52:03,38.93898,-75.17045,0.0,-153.6,340.0,BOUBOULINA,IMO9298753,SZIS,80.0,1.0,274.0,50.0,17.0,80.0,A
367120230,2019-05-08T09:53:31,39.37623,-75.471,12.7,138.5,511.0,SONIE,IMO9373723,WDD2812,31.0,0.0,24.0,9.0,4.0,52.0,B
367730710,2019-05-08T09:51:53,38.97363,-74.97044,6.9,192.8,201.0,GODSPEED,,WDI7643,37.0,,,,,,B
367349860,2019-05-08T09:52:02,38.85937,-75.05644,8.2,-70.7,341.0,LINDA MORAN,IMO9398565,WDE4187,31.0,12.0,36.0,11.0,4.6,57.0,B
338447000,2019-05-08T09:51:41,38.92186,-75.16013,3.3,-99.6,317.0,OSG HORIZON,IMO9436549,WDF6180,31.0,0.0,46.0,15.0,6.5,57.0,B
538006702,2019-05-08T09:52:18,38.94535,-75.18099,2.6,-80.2,330.0,NAMSEN,IMO9761528,V7QJ6,80.0,0.0,,,,,B
269021000,2019-05-08T09:52:41,39.12267,-75.21933,12.1,-80.6,330.0,THORCO BASILISK,IMO9539377,HBLG,70.0,0.0,161.0,25.0,8.6,,B
220198000,2019-05-08T09:52:40,39.18525,-75.27505,19.9,157.9,158.0,OLGA MAERSK,IMO9251614,OXBB2,70.0,0.0,237.0,32.0,12.0,,B
367349860,2019-05-08T09:53:13,38.86193,-75.05769,8.2,-70.8,341.0,LINDA MORAN,IMO9398565,WDE4187,31.0,12.0,36.0,11.0,4.6,57.0,B
538004030,2019-05-08T09:53:14,38.9264,-75.15829,0.1,93.8,328.0,FRIO,IMO9596985,V7UU3,80.0,1.0,274.0,48.0,17.1,89.0,A
368058330,2019-05-08T09:53:57,39.12051,-75.20585,5.6,122.4,511.0,PURPLE  HAYS,,WDC9127,52.0,0.0,24.0,8.0,3.0,52.0,B
367730710,2019-05-08T09:53:24,38.97094,-74.97125,6.7,193.7,201.0,GODSPEED,,WDI7643,37.0,,,,,,B
240463000,2019-05-08T09:49:04,38.93895,-75.17033,0.0,-153.6,341.0,BOUBOULINA,IMO9298753,SZIS,80.0,1.0,274.0,50.0,17.0,80.0,A
538006702,2019-05-08T09:51:07,38.94464,-75.18039,2.6,-84.9,330.0,NAMSEN,IMO9761528,V7QJ6,80.0,0.0,,,,,B
311588000,2019-05-08T09:50:25,39.31437,-75.39706,14.2,-93.0,319.0,DOLE ECUADOR,IMO8513479,C6FX6,70.0,0.0,178.0,27.0,8.7,70.0,B
368058330,2019-05-08T09:51:57,39.12248,-75.21001,7.3,123.7,511.0,PURPLE  HAYS,,WDC9127,52.0,0.0,24.0,8.0,3.0,52.0,B
338447000,2019-05-08T09:54:01,38.92322,-75.16214,3.1,-98.0,317.0,OSG HORIZON,IMO9436549,WDF6180,31.0,0.0,46.0,15.0,6.5,57.0,B
311073800,2019-05-08T09:53:35,38.98397,-75.21155,0.0,91.1,325.0,EURO,IMO9567702,C6AA5,84.0,1.0,274.0,48.0,-11.5,84.0,A
311588000,2019-05-08T09:54:19,39.32576,-75.41065,14.4,-91.7,320.0,DOLE ECUADOR,IMO8513479,C6FX6,70.0,0.0,178.0,27.0,8.7,70.0,B
220198000,2019-05-08T09:54:40,39.17535,-75.26856,19.6,146.8,146.0,OLGA MAERSK,IMO9251614,OXBB2,70.0,0.0,237.0,32.0,12.0,,B
269021000,2019-05-08T09:54:45,39.12888,-75.22375,12.3,-78.6,328.0,THORCO BASILISK,IMO9539377,HBLG,70.0,0.0,161.0,25.0,8.6,,A
538006702,2019-05-08T09:54:58,38.94703,-75.18234,2.6,-81.4,330.0,NAMSEN,IMO9761528,V7QJ6,80.0,0.0,,,,,B
367349860,2019-05-08T09:54:22,38.86434,-75.05886,8.2,-70.4,341.0,LINDA MORAN,IMO9398565,WDE4187,31.0,12.0,36.0,11.0,4.6,57.0,B
369235000,2019-05-08T09:54:25,38.91521,-75.13563,0.0,-179.6,337.0,OSG VISION,IMO9436537,WDF2493,31.0,1.0,46.0,15.0,6.5,57.0,A
367120230,2019-05-08T09:54:32,39.37347,-75.46804,12.7,140.6,511.0,SONIE,IMO9373723,WDD2812,31.0,0.0,24.0,9.0,4.0,52.0,B
367730710,2019-05-08T09:54:53,38.96833,-74.97205,6.3,192.9,199.0,GODSPEED,,WDI7643,37.0,,,,,,B
338447000,2019-05-08T09:57:01,38.92515,-75.16507,3.4,-101.0,320.0,OSG HORIZON,IMO9436549,WDF6180,31.0,0.0,46.0,15.0,6.5,57.0,B
538006702,2019-05-08T09:56:58,38.94823,-75.18336,2.5,-84.1,330.0,NAMSEN,IMO9761528,V7QJ6,80.0,0.0,,,,,B
240463000,2019-05-08T09:55:06,38.93897,-75.17055,0.0,-178.6,341.0,BOUBOULINA,IMO9298753,SZIS,80.0,1.0,274.0,50.0,17.0,80.0,A
368058330,2019-05-08T09:55:07,39.1197,-75.20405,4.6,118.1,511.0,PURPLE  HAYS,,WDC9127,52.0,0.0,24.0,8.0,3.0,52.0,B
311588000,2019-05-08T09:57:07,39.3342,-75.42021,14.4,-89.1,323.0,DOLE ECUADOR,IMO8513479,C6FX6,70.0,0.0,178.0,27.0,8.7,70.0,B
220198000,2019-05-08T09:57:22,39.16345,-75.25775,19.1,144.5,144.0,OLGA MAERSK,IMO9251614,OXBB2,70.0,0.0,237.0,32.0,12.0,,B
367349860,2019-05-08T09:57:31,38.87107,-75.0622,8.3,-70.7,341.0,LINDA MORAN,IMO9398565,WDE4187,31.0,12.0,36.0,11.0,4.6,57.0,B
367120230,2019-05-08T09:55:41,39.37042,-75.46466,12.8,139.8,511.0,SONIE,IMO9373723,WDD2812,31.0,0.0,24.0,9.0,4.0,52.0,B
269021000,2019-05-08T09:55:51,39.132,-75.22633,12.2,-84.6,325.0,THORCO BASILISK,IMO9539377,HBLG,70.0,0.0,161.0,25.0,8.6,,A
538004030,2019-05-08T09:56:17,38.92639,-75.15836,0.1,-135.8,327.0,FRIO,IMO9596985,V7UU3,80.0,1.0,274.0,48.0,17.1,89.0,A
367730710,2019-05-08T09:55:56,38.96652,-74.97258,6.5,192.9,200.0,GODSPEED,,WDI7643,37.0,,,,,,B
367120230,2019-05-08T09:56:52,39.36715,-75.46114,12.8,143.5,511.0,SONIE,IMO9373723,WDD2812,31.0,0.0,24.0,9.0,4.0,52.0,B
311073800,2019-05-08T09:56:34,38.98399,-75.21154,0.0,37.7,324.0,EURO,IMO9567702,C6AA5,84.0,1.0,274.0,48.0,-11.5,84.0,A
269021000,2019-05-08T09:57:02,39.13533,-75.22927,12.3,-80.6,327.0,THORCO BASILISK,IMO9539377,HBLG,70.0,0.0,161.0,25.0,8.6,,B
368058330,2019-05-08T09:57:57,39.11812,-75.20004,4.5,118.1,511.0,PURPLE  HAYS,,WDC9127,52.0,0.0,24.0,8.0,3.0,52.0,B
538006702,2019-05-08T09:59:08,38.94951,-75.18451,2.5,-84.4,330.0,NAMSEN,IMO9761528,V7QJ6,80.0,0.0,,,,,B
367730710,2019-05-08T09:57:24,38.96389,-74.97319,6.7,187.7,197.0,GODSPEED,,WDI7643,37.0,,,,,,B
220198000,2019-05-08T09:59:22,39.1547,-75.24995,19.1,145.3,145.0,OLGA MAERSK,IMO9251614,OXBB2,70.0,0.0,237.0,32.0,12.0,,B
369235000,2019-05-08T09:57:25,38.91516,-75.13574,0.1,-179.6,342.0,OSG VISION,IMO9436537,WDF2493,31.0,1.0,46.0,15.0,6.5,57.0,A
338447000,2019-05-08T09:58:12,38.92587,-75.16606,3.1,-94.7,321.0,OSG HORIZON,IMO9436549,WDF6180,31.0,0.0,46.0,15.0,6.5,57.0,B
311588000,2019-05-08T09:58:14,39.33763,-75.42385,14.3,-88.9,322.0,DOLE ECUADOR,IMO8513479,C6FX6,70.0,0.0,178.0,27.0,8.7,70.0,B
367349860,2019-05-08T09:58:42,38.87359,-75.06344,8.3,-70.7,340.0,LINDA MORAN,IMO9398565,WDE4187,31.0,12.0,36.0,11.0,4.6,57.0,B
367730710,2019-05-08T09:58:55,38.96111,-74.97375,6.5,188.4,197.0,GODSPEED,,WDI7643,37.0,,,,,,B
538004030,2019-05-08T09:59:14,38.9264,-75.15845,0.1,89.6,327.0,FRIO,IMO9596985,V7UU3,80.0,1.0,274.0,48.0,17.1,89.0,A
368058330,2019-05-08T09:59:08,39.11733,-75.19838,4.4,121.6,511.0,PURPLE  HAYS,,WDC9127,52.0,0.0,24.0,8.0,3.0,52.0,B
367120230,2019-05-08T09:59:21,39.36084,-75.45376,12.4,137.5,511.0,SONIE,IMO9373723,WDD2812,31.0,0.0,24.0,9.0,4.0,52.0,B
311588000,2019-05-08T09:59:20,39.34095,-75.42738,14.3,-89.1,322.0,DOLE ECUADOR,IMO8513479,C6FX6,70.0,0.0,178.0,27.0,8.7,70.0,B
338447000,2019-05-08T09:59:21,38.92654,-75.16695,2.9,-97.5,319.0,OSG HORIZON,IMO9436549,WDF6180,31.0,0.0,46.0,15.0,6.5,57.0,B
311073800,2019-05-08T09:59:36,38.98401,-75.21152,0.1,15.7,324.0,EURO,IMO9567702,C6AA5,84.0,1.0,274.0,48.0,-11.5,84.0,A
269021000,2019-05-08T10:00:02,39.14383,-75.2365,12.5,-84.6,325.0,THORCO BASILISK,IMO9539377,HBLG,70.0,0.0,161.0,25.0,8.6,,B
367349860,2019-05-08T09:59:51,38.87612,-75.06465,8.3,-72.8,334.0,LINDA MORAN,IMO9398565,WDE4187,31.0,12.0,36.0,11.0,4.6,57.0,B
240463000,2019-05-08T09:58:06,38.93893,-75.17067,0.0,-180.6,343.0,BOUBOULINA,IMO9298753,SZIS,80.0,1.0,274.0,50.0,17.0,80.0,A
269021000,2019-05-08T09:58:11,39.13867,-75.232,12.3,-81.6,327.0,THORCO BASILISK,IMO9539377,HBLG,70.0,0.0,161.0,25.0,8.6,,B
538006702,2019-05-08T10:00:08,38.9501,-75.18499,2.5,-85.0,330.0,NAMSEN,IMO9761528,V7QJ6,80.0,0.0,,,,,B
368058330,2019-05-08T10:00:08,39.11668,-75.19701,4.5,119.2,511.0,PURPLE  HAYS,,WDC9127,52.0,0.0,24.0,8.0,3.0,52.0,B
367120230,2019-05-08T10:00:11,39.35869,-75.45117,12.4,136.8,511.0,SONIE,IMO9373723,WDD2812,31.0,0.0,24.0,9.0,4.0,52.0,B
338447000,2019-05-08T10:00:01,38.9269,-75.16747,2.8,-98.4,321.0,OSG HORIZON,IMO9436549,WDF6180,31.0,0.0,46.0,15.0,6.5,57.0,B
367349860,2019-05-08T10:00:11,38.87682,-75.06507,8.3,-76.0,334.0,LINDA MORAN,IMO9398565,WDE4187,31.0,12.0,36.0,11.0,4.6,57.0,B
367730710,2019-05-08T10:00:25,38.95829,-74.97433,6.8,189.2,198.0,GODSPEED,,WDI7643,37.0,,,,,,B
369235000,2019-05-08T10:00:25,38.91515,-75.13579,0.0,-179.6,347.0,OSG VISION,IMO9436537,WDF2493,31.0,1.0,46.0,15.0,6.5,57.0,A
220198000,2019-05-08T10:00:05,39.15165,-75.24724,19.0,145.4,145.0,OLGA MAERSK,IMO9251614,OXBB2,70.0,0.0,237.0,32.0,12.0,,B
240463000,2019-05-08T10:01:06,38.93892,-75.17067,0.0,77.0,343.0,BOUBOULINA,IMO9298753,SZIS,80.0,1.0,274.0,50.0,17.0,80.0,A
311588000,2019-05-08T10:01:07,39.34638,-75.43334,14.2,-92.1,320.0,DOLE ECUADOR,IMO8513479,C6FX6,70.0,0.0,178.0,27.0,8.7,70.0,B
269021000,2019-05-08T09:59:23,39.142,-75.23483,12.3,-83.6,325.0,THORCO BASILISK,IMO9539377,HBLG,70.0,0.0,161.0,25.0,8.6,,B
338447000,2019-05-08T10:01:11,38.92752,-75.16834,2.8,-96.6,322.0,OSG HORIZON,IMO9436549,WDF6180,31.0,0.0,46.0,15.0,6.5,57.0,B
269021000,2019-05-08T10:01:05,39.14683,-75.23917,12.7,-84.6,322.0,THORCO BASILISK,IMO9539377,HBLG,70.0,0.0,161.0,25.0,8.6,,A
220198000,2019-05-08T10:01:10,39.14692,-75.24299,18.8,145.1,145.0,OLGA MAERSK,IMO9251614,OXBB2,70.0,0.0,237.0,32.0,12.0,,B
538006702,2019-05-08T10:01:18,38.95076,-75.18555,2.5,-79.0,331.0,NAMSEN,IMO9761528,V7QJ6,80.0,0.0,,,,,B
368058330,2019-05-08T10:01:18,39.11606,-75.19537,4.5,115.8,511.0,PURPLE  HAYS,,WDC9127,52.0,0.0,24.0,8.0,3.0,52.0,B
311588000,2019-05-08T10:00:01,39.34309,-75.42967,14.3,-89.3,322.0,DOLE ECUADOR,IMO8513479,C6FX6,70.0,0.0,178.0,27.0,8.7,70.0,B
269021000,2019-05-08T10:02:11,39.15,-75.24217,12.7,-87.6,323.0,THORCO BASILISK,IMO9539377,HBLG,70.0,0.0,161.0,25.0,8.6,,B
538006702,2019-05-08T10:02:28,38.95153,-75.18609,2.5,-81.0,330.0,NAMSEN,IMO9761528,V7QJ6,80.0,0.0,,,,,B
338447000,2019-05-08T10:02:21,38.92815,-75.16915,2.7,-93.6,322.0,OSG HORIZON,IMO9436549,WDF6180,31.0,0.0,46.0,15.0,6.5,57.0,B
367120230,2019-05-08T10:02:31,39.35279,-75.44397,12.6,134.8,511.0,SONIE,IMO9373723,WDD2812,31.0,0.0,24.0,9.0,4.0,52.0,B
367349860,2019-05-08T10:02:32,38.88161,-75.06832,8.3,-79.1,331.0,LINDA MORAN,IMO9398565,WDE4187,31.0,12.0,36.0,11.0,4.6,57.0,B
368058330,2019-05-08T10:02:38,39.11538,-75.19342,4.4,113.1,511.0,PURPLE  HAYS,,WDC9127,52.0,0.0,24.0,8.0,3.0,52.0,B
311073800,2019-05-08T10:02:35,38.98404,-75.21151,0.1,38.5,325.0,EURO,IMO9567702,C6AA5,84.0,1.0,274.0,48.0,-11.5,84.0,A
367317410,2019-05-08T10:02:49,38.96715,-74.9635,8.4,-143.2,511.0,OPPORTUNE,,WDD9868,30.0,,16.0,5.0,,,B
220198000,2019-05-08T10:03:22,39.13757,-75.23439,18.6,143.6,144.0,OLGA MAERSK,IMO9251614,OXBB2,70.0,0.0,237.0,32.0,12.0,,B
269021000,2019-05-08T10:03:22,39.1533,-75.2455,12.9,-87.6,323.0,THORCO BASILISK,IMO9539377,HBLG,70.0,0.0,161.0,25.0,8.6,,B
369235000,2019-05-08T10:03:25,38.91517,-75.1358,0.0,-179.6,346.0,OSG VISION,IMO9436537,WDF2493,31.0,1.0,46.0,15.0,6.5,57.0,A
311588000,2019-05-08T10:03:19,39.35277,-75.44096,14.2,-92.4,319.0,DOLE ECUADOR,IMO8513479,C6FX6,70.0,0.0,178.0,27.0,8.7,70.0,B
367120230,2019-05-08T10:03:42,39.34989,-75.44004,12.7,135.1,511.0,SONIE,IMO9373723,WDD2812,31.0,0.0,24.0,9.0,4.0,52.0,B
367730710,2019-05-08T10:02:55,38.95372,-74.97528,6.6,189.5,197.0,GODSPEED,,WDI7643,37.0,,,,,,B
367120230,2019-05-08T10:01:21,39.3558,-75.44762,12.5,136.0,511.0,SONIE,IMO9373723,WDD2812,31.0,0.0,24.0,9.0,4.0,52.0,B
367349860,2019-05-08T10:01:22,38.87923,-75.06664,8.4,-76.3,332.0,LINDA MORAN,IMO9398565,WDE4187,31.0,12.0,36.0,11.0,4.6,57.0,B
368058330,2019-05-08T10:03:49,39.11481,-75.19171,4.3,114.0,511.0,PURPLE  HAYS,,WDC9127,52.0,0.0,24.0,8.0,3.0,52.0,B
538006702,2019-05-08T10:03:37,38.95222,-75.18664,2.5,-81.5,330.0,NAMSEN,IMO9761528,V7QJ6,80.0,0.0,,,,,B
338447000,2019-05-08T10:03:32,38.92878,-75.16993,2.6,-95.0,321.0,OSG HORIZON,IMO9436549,WDF6180,31.0,0.0,46.0,15.0,6.5,57.0,B
367730710,2019-05-08T10:01:54,38.95556,-74.97491,6.6,189.1,197.0,GODSPEED,,WDI7643,37.0,,,,,,B
220198000,2019-05-08T10:04:28,39.13293,-75.23005,18.7,143.8,144.0,OLGA MAERSK,IMO9251614,OXBB2,70.0,0.0,237.0,32.0,12.0,,B
311588000,2019-05-08T10:02:13,39.34959,-75.43713,14.2,-92.7,319.0,DOLE ECUADOR,IMO8513479,C6FX6,70.0,0.0,178.0,27.0,8.7,70.0,B
538004030,2019-05-08T10:02:14,38.92641,-75.15837,0.1,63.7,328.0,FRIO,IMO9596985,V7UU3,80.0,1.0,274.0,48.0,17.1,89.0,A
367730710,2019-05-08T10:04:23,38.951,-74.97578,6.6,187.2,196.0,GODSPEED,,WDI7643,37.0,,,,,,B
311588000,2019-05-08T10:04:25,39.35587,-75.44471,14.2,-93.4,320.0,DOLE ECUADOR,IMO8513479,C6FX6,70.0,0.0,178.0,27.0,8.7,70.0,B
220198000,2019-05-08T10:02:16,39.14227,-75.23878,18.8,145.4,145.0,OLGA MAERSK,IMO9251614,OXBB2,70.0,0.0,237.0,32.0,12.0,,B
338447000,2019-05-08T10:04:42,38.92936,-75.17073,2.6,-96.6,323.0,OSG HORIZON,IMO9436549,WDF6180,31.0,0.0,46.0,15.0,6.5,57.0,B
368058330,2019-05-08T10:04:57,39.1142,-75.19008,4.4,116.0,511.0,PURPLE  HAYS,,WDC9127,52.0,0.0,24.0,8.0,3.0,52.0,B
538006702,2019-05-08T10:04:47,38.95288,-75.18715,2.5,-80.3,330.0,NAMSEN,IMO9761528,V7QJ6,80.0,0.0,,,,,B
367120230,2019-05-08T10:04:51,39.34683,-75.43673,12.8,139.5,511.0,SONIE,IMO9373723,WDD2812,31.0,0.0,24.0,9.0,4.0,52.0,B
367349860,2019-05-08T10:04:53,38.88632,-75.07192,8.4,-80.5,331.0,LINDA MORAN,IMO9398565,WDE4187,31.0,12.0,36.0,11.0,4.6,57.0,B
367349860,2019-05-08T10:03:42,38.88393,-75.07009,8.3,-80.5,331.0,LINDA MORAN,IMO9398565,WDE4187,31.0,12.0,36.0,11.0,4.6,57.0,B
240463000,2019-05-08T10:04:05,38.93902,-75.17045,0.0,64.0,337.0,BOUBOULINA,IMO9298753,SZIS,80.0,1.0,274.0,50.0,17.0,80.0,A
367317410,2019-05-08T10:04:19,38.96684,-74.9679,8.2,-150.5,511.0,OPPORTUNE,,WDD9868,30.0,,16.0,5.0,,,B
269021000,2019-05-08T10:04:25,39.15617,-75.2485,12.8,-88.6,322.0,THORCO BASILISK,IMO9539377,HBLG,70.0,0.0,161.0,25.0,8.6,,A
367090580,2019-05-08T10:05:00,38.9418,-75.30593,26.7,129.0,511.0,BIG STONE 5,,WSE3119,60.0,0.0,15.0,4.0,,50.0,A
538004030,2019-05-08T10:05:14,38.92641,-75.15836,0.0,65.1,328.0,FRIO,IMO9596985,V7UU3,80.0,1.0,274.0,48.0,17.1,89.0,A
311588000,2019-05-08T10:05:37,39.35947,-75.44886,14.1,-91.5,321.0,DOLE ECUADOR,IMO8513479,C6FX6,70.0,0.0,178.0,27.0,8.7,70.0,B
269021000,2019-05-08T10:05:32,39.15933,-75.2515,12.5,-87.6,323.0,THORCO BASILISK,IMO9539377,HBLG,70.0,0.0,161.0,25.0,8.6,,B
220198000,2019-05-08T10:05:34,39.12826,-75.22573,19.3,144.7,144.0,OLGA MAERSK,IMO9251614,OXBB2,70.0,0.0,237.0,32.0,12.0,,B
367730710,2019-05-08T10:05:24,38.94918,-74.97611,6.6,187.8,195.0,GODSPEED,,WDI7643,37.0,,,,,,B
311073800,2019-05-08T10:05:35,38.98408,-75.21145,0.0,49.0,324.0,EURO,IMO9567702,C6AA5,84.0,1.0,274.0,48.0,-11.5,84.0,A
367317410,2019-05-08T10:05:48,38.96637,-74.97228,8.4,-145.2,511.0,OPPORTUNE,,WDD9868,30.0,,16.0,5.0,,,B
538006702,2019-05-08T10:06:07,38.95366,-75.18781,2.5,-79.7,330.0,NAMSEN,IMO9761528,V7QJ6,80.0,0.0,,,,,B
367539750,2019-05-08T10:05:56,38.96728,-74.9614,6.4,-144.0,511.0,ONNERED,,WDG4753,30.0,,18.0,6.0,,,B
367120230,2019-05-08T10:06:01,39.34379,-75.43323,12.6,140.3,511.0,SONIE,IMO9373723,WDD2812,31.0,0.0,24.0,9.0,4.0,52.0,B
367090580,2019-05-08T10:06:04,38.93703,-75.29758,25.6,99.1,511.0,BIG STONE 5,,WSE3119,60.0,0.0,15.0,4.0,,50.0,B
338447000,2019-05-08T10:05:52,38.92992,-75.17149,2.5,-95.0,324.0,OSG HORIZON,IMO9436549,WDF6180,31.0,0.0,46.0,15.0,6.5,57.0,B
367349860,2019-05-08T10:06:02,38.88858,-75.07365,8.3,-80.3,331.0,LINDA MORAN,IMO9398565,WDE4187,31.0,12.0,36.0,11.0,4.6,57.0,B
311588000,2019-05-08T10:06:43,39.36264,-75.45251,14.1,-92.0,320.0,DOLE ECUADOR,IMO8513479,C6FX6,70.0,0.0,178.0,27.0,8.7,70.0,B
369235000,2019-05-08T10:06:25,38.91521,-75.13573,0.0,-179.6,345.0,OSG VISION,IMO9436537,WDF2493,31.0,1.0,46.0,15.0,6.5,57.0,A
220198000,2019-05-08T10:06:40,39.12342,-75.22128,19.4,144.6,144.0,OLGA MAERSK,IMO9251614,OXBB2,70.0,0.0,237.0,32.0,12.0,,B
269021000,2019-05-08T10:06:42,39.1625,-75.25483,12.5,-85.6,325.0,THORCO BASILISK,IMO9539377,HBLG,70.0,0.0,161.0,25.0,8.6,,B
367539750,2019-05-08T10:06:57,38.96713,-74.96377,6.6,-142.0,511.0,ONNERED,,WDG4753,30.0,,18.0,6.0,,,B
240463000,2019-05-08T10:07:03,38.93908,-75.17015,0.3,85.0,337.0,BOUBOULINA,IMO9298753,SZIS,80.0,1.0,274.0,50.0,17.0,80.0,A
367349860,2019-05-08T10:07:13,38.89096,-75.07548,8.4,-80.6,331.0,LINDA MORAN,IMO9398565,WDE4187,31.0,12.0,36.0,11.0,4.6,57.0,B
338447000,2019-05-08T10:07:02,38.93057,-75.17221,2.5,-90.7,326.0,OSG HORIZON,IMO9436549,WDF6180,31.0,0.0,46.0,15.0,6.5,57.0,B
367120230,2019-05-08T10:07:10,39.34063,-75.42986,12.2,140.5,511.0,SONIE,IMO9373723,WDD2812,31.0,0.0,24.0,9.0,4.0,52.0,B
538006702,2019-05-08T10:07:17,38.95437,-75.18835,2.5,-80.8,330.0,NAMSEN,IMO9761528,V7QJ6,80.0,0.0,,,,,B
368058330,2019-05-08T10:06:29,39.11328,-75.18793,4.4,120.5,511.0,PURPLE  HAYS,,WDC9127,52.0,0.0,24.0,8.0,3.0,52.0,B
311588000,2019-05-08T10:07:49,39.36583,-75.45633,14.2,-92.1,320.0,DOLE ECUADOR,IMO8513479,C6FX6,70.0,0.0,178.0,27.0,8.7,70.0,B
367090580,2019-05-08T10:07:08,38.93966,-75.28875,24.8,76.3,511.0,BIG STONE 5,,WSE3119,60.0,0.0,15.0,4.0,,50.0,B
367317410,2019-05-08T10:07:19,38.96595,-74.97677,8.3,-143.6,511.0,OPPORTUNE,,WDD9868,30.0,,16.0,5.0,,,B
538004030,2019-05-08T10:08:13,38.92639,-75.15837,0.1,193.7,328.0,FRIO,IMO9596985,V7UU3,80.0,1.0,274.0,48.0,17.1,89.0,A
220198000,2019-05-08T10:07:46,39.11855,-75.21685,19.1,144.1,144.0,OLGA MAERSK,IMO9251614,OXBB2,70.0,0.0,237.0,32.0,12.0,,B
368058330,2019-05-08T10:07:47,39.1124,-75.18613,4.5,124.1,511.0,PURPLE  HAYS,,WDC9127,52.0,0.0,24.0,8.0,3.0,52.0,B
367730710,2019-05-08T10:07:54,38.94469,-74.97667,6.4,183.2,190.0,GODSPEED,,WDI7643,37.0,,,,,,B
367090580,2019-05-08T10:08:10,38.94125,-75.27986,24.9,78.6,511.0,BIG STONE 5,,WSE3119,60.0,0.0,15.0,4.0,,50.0,B
367349860,2019-05-08T10:08:32,38.89365,-75.07752,8.4,-80.5,331.0,LINDA MORAN,IMO9398565,WDE4187,31.0,12.0,36.0,11.0,4.6,57.0,B
367120230,2019-05-08T10:08:40,39.3371,-75.42557,11.8,137.1,511.0,SONIE,IMO9373723,WDD2812,31.0,0.0,24.0,9.0,4.0,52.0,B
269021000,2019-05-08T10:09:05,39.16917,-75.26083,12.4,-84.6,325.0,THORCO BASILISK,IMO9539377,HBLG,70.0,0.0,161.0,25.0,8.6,,A
311073800,2019-05-08T10:08:32,38.98408,-75.21142,0.1,59.8,323.0,EURO,IMO9567702,C6AA5,84.0,1.0,274.0,48.0,-11.5,84.0,A
220198000,2019-05-08T10:08:52,39.11377,-75.2125,19.2,144.7,145.0,OLGA MAERSK,IMO9251614,OXBB2,70.0,0.0,237.0,32.0,12.0,,B
311588000,2019-05-08T10:08:56,39.36909,-75.46021,14.3,-92.0,320.0,DOLE ECUADOR,IMO8513479,C6FX6,70.0,0.0,178.0,27.0,8.7,70.0,B
367539750,2019-05-08T10:08:27,38.96706,-74.96716,5.5,-134.8,511.0,ONNERED,,WDG4753,30.0,,18.0,6.0,,,B
338447000,2019-05-08T10:09:22,38.93177,-75.17358,2.4,-92.3,324.0,OSG HORIZON,IMO9436549,WDF6180,31.0,0.0,46.0,15.0,6.5,57.0,B
369235000,2019-05-08T10:09:25,38.91519,-75.13571,0.1,-179.6,343.0,OSG VISION,IMO9436537,WDF2493,31.0,1.0,46.0,15.0,6.5,57.0,A
368058330,2019-05-08T10:09:08,39.11137,-75.18437,4.6,128.6,511.0,PURPLE  HAYS,,WDC9127,52.0,0.0,24.0,8.0,3.0,52.0,B
367730710,2019-05-08T10:09:24,38.94204,-74.97669,6.2,176.7,183.0,GODSPEED,,WDI7643,37.0,,,,,,B
269021000,2019-05-08T10:07:51,39.16583,-75.25783,12.4,-86.6,325.0,THORCO BASILISK,IMO9539377,HBLG,70.0,0.0,161.0,25.0,8.6,,B
367120230,2019-05-08T10:09:51,39.33417,-75.4223,11.8,139.9,511.0,SONIE,IMO9373723,WDD2812,31.0,0.0,24.0,9.0,4.0,52.0,B
538006702,2019-05-08T10:09:37,38.95578,-75.18944,2.5,-81.1,332.0,NAMSEN,IMO9761528,V7QJ6,80.0,0.0,,,,,B
367090580,2019-05-08T10:10:24,38.94427,-75.26065,24.8,75.7,511.0,BIG STONE 5,,WSE3119,60.0,0.0,15.0,4.0,,50.0,B
220198000,2019-05-08T10:09:58,39.10894,-75.20813,19.3,144.9,144.0,OLGA MAERSK,IMO9251614,OXBB2,70.0,0.0,237.0,32.0,12.0,,B
338447000,2019-05-08T10:08:12,38.93117,-75.17287,2.4,-91.1,324.0,OSG HORIZON,IMO9436549,WDF6180,31.0,0.0,46.0,15.0,6.5,57.0,B
338447000,2019-05-08T10:10:32,38.93233,-75.17432,2.4,-93.6,327.0,OSG HORIZON,IMO9436549,WDF6180,31.0,0.0,46.0,15.0,6.5,57.0,B
367317410,2019-05-08T10:10:19,38.96346,-74.9809,7.5,-151.9,511.0,OPPORTUNE,,WDD9868,30.0,,16.0,5.0,,,B
367730710,2019-05-08T10:10:25,38.9403,-74.97651,6.4,177.1,182.0,GODSPEED,,WDI7643,37.0,,,,,,B
368058330,2019-05-08T10:10:47,39.11002,-75.1823,4.6,131.8,511.0,PURPLE  HAYS,,WDC9127,52.0,0.0,24.0,8.0,3.0,52.0,B
240463000,2019-05-08T10:10:05,38.93908,-75.17,0.1,76.0,341.0,BOUBOULINA,IMO9298753,SZIS,80.0,1.0,274.0,50.0,17.0,80.0,A
538004030,2019-05-08T10:11:14,38.92637,-75.15842,0.1,-155.5,327.0,FRIO,IMO9596985,V7UU3,80.0,1.0,274.0,48.0,17.1,89.0,A
538006702,2019-05-08T10:10:48,38.95648,-75.18994,2.5,-76.3,333.0,NAMSEN,IMO9761528,V7QJ6,80.0,0.0,,,,,B
538006702,2019-05-08T10:08:28,38.95507,-75.18883,2.5,-81.5,330.0,NAMSEN,IMO9761528,V7QJ6,80.0,0.0,,,,,B
367349860,2019-05-08T10:11:13,38.89904,-75.08161,8.5,-79.7,332.0,LINDA MORAN,IMO9398565,WDE4187,31.0,12.0,36.0,11.0,4.6,57.0,B
367470320,2019-05-08T10:10:49,38.96693,-74.96509,7.7,-146.9,511.0,CHARISMA,,WDF6070,30.0,,13.0,,,,B
311588000,2019-05-08T10:11:13,39.37578,-75.46823,14.4,-93.1,320.0,DOLE ECUADOR,IMO8513479,C6FX6,70.0,0.0,178.0,27.0,8.7,70.0,B
367090580,2019-05-08T10:11:38,38.94627,-75.25016,24.5,76.1,511.0,BIG STONE 5,,WSE3119,60.0,0.0,15.0,4.0,,50.0,B
367141190,2019-05-08T10:11:32,38.7845,-75.11883,12.3,38.9,511.0,,,,,15.0,,,,,B
367317410,2019-05-08T10:08:49,38.96568,-74.97952,5.6,-179.8,511.0,OPPORTUNE,,WDD9868,30.0,,16.0,5.0,,,B
367539750,2019-05-08T10:11:27,38.96693,-74.97205,4.5,-142.0,511.0,ONNERED,,WDG4753,30.0,,18.0,6.0,,,B
367090580,2019-05-08T10:09:22,38.94282,-75.26954,24.7,78.8,511.0,BIG STONE 5,,WSE3119,60.0,0.0,15.0,4.0,,50.0,B
538006702,2019-05-08T10:12:07,38.95736,-75.19043,2.5,-73.3,333.0,NAMSEN,IMO9761528,V7QJ6,80.0,0.0,,,,,B
311073800,2019-05-08T10:11:36,38.98414,-75.21139,0.1,53.0,322.0,EURO,IMO9567702,C6AA5,84.0,1.0,274.0,48.0,-11.5,84.0,A
367317410,2019-05-08T10:11:49,38.96197,-74.98278,7.1,118.4,511.0,OPPORTUNE,,WDD9868,30.0,,16.0,5.0,,,B
338447000,2019-05-08T10:11:51,38.93301,-75.17504,2.3,-87.2,327.0,OSG HORIZON,IMO9436549,WDF6180,31.0,0.0,46.0,15.0,6.5,57.0,B
367141190,2019-05-08T10:12:42,38.78667,-75.11683,17.1,24.2,511.0,,,,,15.0,,,,,A
368058330,2019-05-08T10:11:59,39.10896,-75.18084,4.5,134.8,511.0,PURPLE  HAYS,,WDC9127,52.0,0.0,24.0,8.0,3.0,52.0,B
220198000,2019-05-08T10:12:10,39.09942,-75.19952,19.0,144.6,144.0,OLGA MAERSK,IMO9251614,OXBB2,70.0,0.0,237.0,32.0,12.0,,B
367349860,2019-05-08T10:12:32,38.90181,-75.08361,8.6,-79.3,332.0,LINDA MORAN,IMO9398565,WDE4187,31.0,12.0,36.0,11.0,4.6,57.0,B
269021000,2019-05-08T10:12:35,39.179,-75.2695,11.6,-80.6,330.0,THORCO BASILISK,IMO9539377,HBLG,70.0,0.0,161.0,25.0,8.6,,A
367470320,2019-05-08T10:12:19,38.96615,-74.96933,8.8,-174.9,511.0,CHARISMA,,WDF6070,30.0,,13.0,,,,B
367090580,2019-05-08T10:12:44,38.94812,-75.24082,24.7,75.2,511.0,BIG STONE 5,,WSE3119,60.0,0.0,15.0,4.0,,50.0,B
367349860,2019-05-08T10:09:43,38.89601,-75.07929,8.5,-79.8,331.0,LINDA MORAN,IMO9398565,WDE4187,31.0,12.0,36.0,11.0,4.6,57.0,B
538006702,2019-05-08T10:13:17,38.95806,-75.19084,2.5,-75.9,333.0,NAMSEN,IMO9761528,V7QJ6,80.0,0.0,,,,,B
367730710,2019-05-08T10:11:55,38.93783,-74.97564,5.9,163.1,165.0,GODSPEED,,WDI7643,37.0,,,,,,B
367539750,2019-05-08T10:09:56,38.96698,-74.96966,4.4,-141.6,511.0,ONNERED,,WDG4753,30.0,,18.0,6.0,,,B
311588000,2019-05-08T10:10:08,39.37257,-75.46434,14.4,-92.1,321.0,DOLE ECUADOR,IMO8513479,C6FX6,70.0,0.0,178.0,27.0,8.7,70.0,B
269021000,2019-05-08T10:10:13,39.17233,-75.26367,12.4,-84.6,326.0,THORCO BASILISK,IMO9539377,HBLG,70.0,0.0,161.0,25.0,8.6,,B
367539750,2019-05-08T10:12:57,38.96671,-74.97444,4.5,-148.9,511.0,ONNERED,,WDG4753,30.0,,18.0,6.0,,,B
240463000,2019-05-08T10:13:04,38.93918,-75.16992,0.2,63.0,334.0,BOUBOULINA,IMO9298753,SZIS,80.0,1.0,274.0,50.0,17.0,80.0,A
220198000,2019-05-08T10:13:40,39.09294,-75.19357,18.8,144.2,145.0,OLGA MAERSK,IMO9251614,OXBB2,70.0,0.0,237.0,32.0,12.0,,B
367317410,2019-05-08T10:13:19,38.96001,-74.98038,6.9,45.4,511.0,OPPORTUNE,,WDD9868,30.0,,16.0,5.0,,,B
367090580,2019-05-08T10:13:50,38.95024,-75.23151,24.7,72.4,511.0,BIG STONE 5,,WSE3119,60.0,0.0,15.0,4.0,,50.0,B
367730710,2019-05-08T10:13:26,38.93549,-74.97445,5.3,161.2,165.0,GODSPEED,,WDI7643,37.0,,,,,,B
311588000,2019-05-08T10:13:55,39.38379,-75.47745,14.3,-90.0,322.0,DOLE ECUADOR,IMO8513479,C6FX6,70.0,0.0,178.0,27.0,8.7,70.0,B
368058330,2019-05-08T10:13:38,39.10753,-75.17888,4.3,131.4,511.0,PURPLE  HAYS,,WDC9127,52.0,0.0,24.0,8.0,3.0,52.0,B
367349860,2019-05-08T10:13:41,38.90419,-75.08533,8.6,-79.4,331.0,LINDA MORAN,IMO9398565,WDE4187,31.0,12.0,36.0,11.0,4.6,57.0,B
269021000,2019-05-08T10:13:39,39.182,-75.27167,11.5,-73.6,336.0,THORCO BASILISK,IMO9539377,HBLG,70.0,0.0,161.0,25.0,8.6,,A
367141190,2019-05-08T10:13:48,38.793,-75.11733,20.6,-59.4,511.0,,,,,15.0,,,,,B
367470320,2019-05-08T10:13:49,38.96469,-74.97362,9.9,-111.9,511.0,CHARISMA,,WDF6070,30.0,,13.0,,,,B
367120230,2019-05-08T10:13:21,39.32569,-75.41256,11.7,138.7,511.0,SONIE,IMO9373723,WDD2812,31.0,0.0,24.0,9.0,4.0,52.0,B
311073800,2019-05-08T10:14:35,38.98422,-75.21132,0.0,63.9,321.0,EURO,IMO9567702,C6AA5,84.0,1.0,274.0,48.0,-11.5,84.0,A
538004030,2019-05-08T10:14:15,38.92635,-75.15845,0.0,-96.7,327.0,FRIO,IMO9596985,V7UU3,80.0,1.0,274.0,48.0,17.1,89.0,A
220198000,2019-05-08T10:11:04,39.10419,-75.20384,19.2,145.0,144.0,OLGA MAERSK,IMO9251614,OXBB2,70.0,0.0,237.0,32.0,12.0,,B
367349860,2019-05-08T10:14:42,38.90629,-75.08684,8.7,-78.8,331.0,LINDA MORAN,IMO9398565,WDE4187,31.0,12.0,36.0,11.0,4.6,57.0,B
538006702,2019-05-08T10:14:28,38.95885,-75.19132,2.5,-75.1,333.0,NAMSEN,IMO9761528,V7QJ6,80.0,0.0,,,,,B
269021000,2019-05-08T10:11:15,39.1753,-75.2664,12.2,-83.6,325.0,THORCO BASILISK,IMO9539377,HBLG,70.0,0.0,161.0,25.0,8.6,,A
368058330,2019-05-08T10:15:08,39.10646,-75.17722,3.9,126.1,511.0,PURPLE  HAYS,,WDC9127,52.0,0.0,24.0,8.0,3.0,52.0,B
338447000,2019-05-08T10:13:02,38.9336,-75.17568,2.4,-90.8,328.0,OSG HORIZON,IMO9436549,WDF6180,31.0,0.0,46.0,15.0,6.5,57.0,B
269021000,2019-05-08T10:14:41,39.185,-75.27333,11.5,-73.6,335.0,THORCO BASILISK,IMO9539377,HBLG,70.0,0.0,161.0,25.0,8.6,,B
367317410,2019-05-08T10:14:49,38.96299,-74.98045,7.6,-53.8,511.0,OPPORTUNE,,WDD9868,30.0,,16.0,5.0,,,B
367141190,2019-05-08T10:14:54,38.79917,-75.1185,20.8,2.1,511.0,,,,,15.0,,,,,B
367730710,2019-05-08T10:14:53,38.9334,-74.97335,5.5,154.0,160.0,GODSPEED,,WDI7643,37.0,,,,,,B
311588000,2019-05-08T10:15:02,39.38712,-75.48107,14.3,-89.5,322.0,DOLE ECUADOR,IMO8513479,C6FX6,70.0,0.0,178.0,27.0,8.7,70.0,B
367090580,2019-05-08T10:14:56,38.95241,-75.22227,24.7,72.2,511.0,BIG STONE 5,,WSE3119,60.0,0.0,15.0,4.0,,50.0,B
367470320,2019-05-08T10:15:19,38.96667,-74.97829,9.6,-91.9,511.0,CHARISMA,,WDF6070,30.0,,13.0,,,,B
311588000,2019-05-08T10:12:37,39.37983,-75.47316,14.3,-92.3,323.0,DOLE ECUADOR,IMO8513479,C6FX6,70.0,0.0,178.0,27.0,8.7,70.0,B
369235000,2019-05-08T10:12:25,38.91519,-75.1358,0.0,-179.6,345.0,OSG VISION,IMO9436537,WDF2493,31.0,1.0,46.0,15.0,6.5,57.0,A
338447000,2019-05-08T10:14:11,38.9342,-75.17625,2.3,-85.7,330.0,OSG HORIZON,IMO9436549,WDF6180,31.0,0.0,46.0,15.0,6.5,57.0,B
367539750,2019-05-08T10:14:26,38.96649,-74.97661,3.0,-148.7,511.0,ONNERED,,WDG4753,30.0,,18.0,6.0,,,B
220198000,2019-05-08T10:14:46,39.08827,-75.1893,18.6,144.4,145.0,OLGA MAERSK,IMO9251614,OXBB2,70.0,0.0,237.0,32.0,12.0,,B
338447000,2019-05-08T10:15:32,38.93513,-75.17709,4.1,-85.5,328.0,OSG HORIZON,IMO9436549,WDF6180,31.0,0.0,46.0,15.0,6.5,57.0,B
538006702,2019-05-08T10:15:47,38.95967,-75.19182,2.5,-74.7,333.0,NAMSEN,IMO9761528,V7QJ6,80.0,0.0,,,,,B
367090580,2019-05-08T10:16:02,38.95473,-75.21309,24.5,65.6,511.0,BIG STONE 5,,WSE3119,60.0,0.0,15.0,4.0,,50.0,B
269021000,2019-05-08T10:16:02,39.18883,-75.27567,11.7,-74.6,335.0,THORCO BASILISK,IMO9539377,HBLG,70.0,0.0,161.0,25.0,8.6,,B
369235000,2019-05-08T10:15:25,38.91517,-75.13584,0.0,-179.6,343.0,OSG VISION,IMO9436537,WDF2493,31.0,1.0,46.0,15.0,6.5,57.0,A
220198000,2019-05-08T10:15:52,39.08351,-75.18547,18.7,154.3,156.0,OLGA MAERSK,IMO9251614,OXBB2,70.0,0.0,237.0,32.0,12.0,,B
367349860,2019-05-08T10:15:52,38.90884,-75.08865,8.7,-79.1,333.0,LINDA MORAN,IMO9398565,WDE4187,31.0,12.0,36.0,11.0,4.6,57.0,B
367539750,2019-05-08T10:15:56,38.96633,-74.97775,1.4,-151.5,511.0,ONNERED,,WDG4753,30.0,,18.0,6.0,,,B
367141190,2019-05-08T10:16:00,38.80383,-75.11367,21.0,64.5,511.0,,,,,15.0,,,,,B
240463000,2019-05-08T10:16:04,38.93913,-75.16993,0.1,69.0,329.0,BOUBOULINA,IMO9298753,SZIS,80.0,1.0,274.0,50.0,17.0,80.0,A
311588000,2019-05-08T10:16:07,39.39048,-75.48468,14.3,-89.4,322.0,DOLE ECUADOR,IMO8513479,C6FX6,70.0,0.0,178.0,27.0,8.7,70.0,B
368058330,2019-05-08T10:16:19,39.10568,-75.17576,4.0,122.9,511.0,PURPLE  HAYS,,WDC9127,52.0,0.0,24.0,8.0,3.0,52.0,B
367730710,2019-05-08T10:16:23,38.93171,-74.97162,5.6,104.1,117.0,GODSPEED,,WDI7643,37.0,,,,,,B
367317410,2019-05-08T10:16:19,38.96621,-74.98012,7.5,4.1,511.0,OPPORTUNE,,WDD9868,30.0,,16.0,5.0,,,B
220198000,2019-05-08T10:16:58,39.07818,-75.18246,18.7,155.9,157.0,OLGA MAERSK,IMO9251614,OXBB2,70.0,0.0,237.0,32.0,12.0,,B
367470320,2019-05-08T10:16:49,38.96879,-74.9799,4.4,-67.0,511.0,CHARISMA,,WDF6070,30.0,,13.0,,,,B
338447000,2019-05-08T10:17:11,38.9371,-75.17881,6.1,-82.8,328.0,OSG HORIZON,IMO9436549,WDF6180,31.0,0.0,46.0,15.0,6.5,57.0,B
538006702,2019-05-08T10:16:58,38.96049,-75.19223,2.5,-72.8,334.0,NAMSEN,IMO9761528,V7QJ6,80.0,0.0,,,,,B
367349860,2019-05-08T10:17:02,38.91123,-75.0903,8.6,-77.9,333.0,LINDA MORAN,IMO9398565,WDE4187,31.0,12.0,36.0,11.0,4.6,57.0,B
367120230,2019-05-08T10:16:32,39.31811,-75.40341,11.6,138.3,511.0,SONIE,IMO9373723,WDD2812,31.0,0.0,24.0,9.0,4.0,52.0,B
367090580,2019-05-08T10:17:06,38.95822,-75.20515,23.8,60.4,511.0,BIG STONE 5,,WSE3119,60.0,0.0,15.0,4.0,,50.0,B
538004030,2019-05-08T10:17:14,38.92632,-75.15848,0.0,-96.7,328.0,FRIO,IMO9596985,V7UU3,80.0,1.0,274.0,48.0,17.1,89.0,A
367141190,2019-05-08T10:17:07,38.8065,-75.10617,21.4,64.8,511.0,,,,,15.0,,,,,B
269021000,2019-05-08T10:17:12,39.19233,-75.27767,11.7,-74.6,335.0,THORCO BASILISK,IMO9539377,HBLG,70.0,0.0,161.0,25.0,8.6,,B
311588000,2019-05-08T10:17:13,39.39378,-75.48832,14.1,-90.3,321.0,DOLE ECUADOR,IMO8513479,C6FX6,70.0,0.0,178.0,27.0,8.7,70.0,B
367539750,2019-05-08T10:17:27,38.96626,-74.97843,1.1,-154.7,511.0,ONNERED,,WDG4753,30.0,,18.0,6.0,,,B
368058330,2019-05-08T10:17:38,39.10495,-75.17408,4.0,116.9,511.0,PURPLE  HAYS,,WDC9127,52.0,0.0,24.0,8.0,3.0,52.0,B
311073800,2019-05-08T10:17:36,38.98427,-75.21125,0.1,37.2,320.0,EURO,IMO9567702,C6AA5,84.0,1.0,274.0,48.0,-11.5,84.0,A
367317410,2019-05-08T10:17:48,38.96939,-74.97917,8.4,12.2,511.0,OPPORTUNE,,WDD9868,30.0,,16.0,5.0,,,B
269021000,2019-05-08T10:18:23,39.19583,-75.27967,11.8,-73.6,335.0,THORCO BASILISK,IMO9539377,HBLG,70.0,0.0,161.0,25.0,8.6,,B
220198000,2019-05-08T10:18:04,39.073,-75.1796,18.7,156.7,158.0,OLGA MAERSK,IMO9251614,OXBB2,70.0,0.0,237.0,32.0,12.0,,B
538006702,2019-05-08T10:18:17,38.96131,-75.19271,2.5,-73.4,334.0,NAMSEN,IMO9761528,V7QJ6,80.0,0.0,,,,,B
367349860,2019-05-08T10:18:13,38.91378,-75.092,8.6,-75.6,335.0,LINDA MORAN,IMO9398565,WDE4187,31.0,12.0,36.0,11.0,4.6,57.0,B
367141190,2019-05-08T10:18:12,38.809,-75.0985,21.1,76.1,511.0,,,,,15.0,,,,,B
311588000,2019-05-08T10:18:37,39.39794,-75.49289,13.9,-89.1,322.0,DOLE ECUADOR,IMO8513479,C6FX6,70.0,0.0,178.0,27.0,8.7,70.0,B
367470320,2019-05-08T10:18:19,38.97233,-74.97955,9.0,9.0,511.0,CHARISMA,,WDF6070,30.0,,13.0,,,,B
369235000,2019-05-08T10:18:25,38.91523,-75.13585,0.0,-179.6,343.0,OSG VISION,IMO9436537,WDF2493,31.0,1.0,46.0,15.0,6.5,57.0,A
367120230,2019-05-08T10:18:32,39.31323,-75.39795,11.7,138.2,511.0,SONIE,IMO9373723,WDD2812,31.0,0.0,24.0,9.0,4.0,52.0,B
367317410,2019-05-08T10:18:49,38.9716,-74.97866,8.3,14.6,511.0,OPPORTUNE,,WDD9868,30.0,,16.0,5.0,,,B
367090580,2019-05-08T10:19:40,38.96184,-75.19256,4.5,-52.2,511.0,BIG STONE 5,,WSE3119,60.0,0.0,15.0,4.0,,50.0,B
240463000,2019-05-08T10:19:04,38.93905,-75.17008,0.0,-168.6,329.0,BOUBOULINA,IMO9298753,SZIS,80.0,1.0,274.0,50.0,17.0,80.0,A
538006702,2019-05-08T10:19:47,38.96226,-75.19329,2.5,-75.7,334.0,NAMSEN,IMO9761528,V7QJ6,80.0,0.0,,,,,B
367349860,2019-05-08T10:19:22,38.91629,-75.09349,8.6,-74.3,336.0,LINDA MORAN,IMO9398565,WDE4187,31.0,12.0,36.0,11.0,4.6,57.0,B
220198000,2019-05-08T10:19:10,39.06765,-75.17677,18.6,157.9,158.0,OLGA MAERSK,IMO9251614,OXBB2,70.0,0.0,237.0,32.0,12.0,,B
338447000,2019-05-08T10:20:11,38.94114,-75.18204,4.4,-78.7,331.0,OSG HORIZON,IMO9436549,WDF6180,31.0,0.0,46.0,15.0,6.5,57.0,B
367090580,2019-05-08T10:18:32,38.96329,-75.19509,19.5,71.6,511.0,BIG STONE 5,,WSE3119,60.0,0.0,15.0,4.0,,50.0,B
311588000,2019-05-08T10:19:43,39.40119,-75.49644,13.9,-88.9,323.0,DOLE ECUADOR,IMO8513479,C6FX6,70.0,0.0,178.0,27.0,8.7,70.0,B
367470320,2019-05-08T10:19:49,38.97585,-74.97833,9.2,28.4,511.0,CHARISMA,,WDF6070,30.0,,13.0,,,,B
367090580,2019-05-08T10:20:42,38.96278,-75.1929,4.0,-74.2,511.0,BIG STONE 5,,WSE3119,60.0,0.0,15.0,4.0,,50.0,B
269021000,2019-05-08T10:20:41,39.20283,-75.28367,11.9,-75.6,333.0,THORCO BASILISK,IMO9539377,HBLG,70.0,0.0,161.0,25.0,8.6,,B
368058330,2019-05-08T10:20:07,39.10386,-75.17061,4.3,106.0,511.0,PURPLE  HAYS,,WDC9127,52.0,0.0,24.0,8.0,3.0,52.0,B
367317410,2019-05-08T10:20:19,38.97487,-74.97772,8.0,15.1,511.0,OPPORTUNE,,WDD9868,30.0,,16.0,5.0,,,B
538004030,2019-05-08T10:20:15,38.92635,-75.15852,0.0,79.4,329.0,FRIO,IMO9596985,V7UU3,80.0,1.0,274.0,48.0,17.1,89.0,A
220198000,2019-05-08T10:20:58,39.05905,-75.17224,18.5,158.1,158.0,OLGA MAERSK,IMO9251614,OXBB2,70.0,0.0,237.0,32.0,12.0,,B
338447000,2019-05-08T10:18:22,38.93891,-75.18025,6.1,-82.8,328.0,OSG HORIZON,IMO9436549,WDF6180,31.0,0.0,46.0,15.0,6.5,57.0,B
367349860,2019-05-08T10:20:32,38.91883,-75.09491,8.7,-72.6,337.0,LINDA MORAN,IMO9398565,WDE4187,31.0,12.0,36.0,11.0,4.6,57.0,B
311588000,2019-05-08T10:21:13,39.40556,-75.5013,13.8,-91.6,320.0,DOLE ECUADOR,IMO8513479,C6FX6,70.0,0.0,178.0,27.0,8.7,70.0,B
538006702,2019-05-08T10:21:18,38.96324,-75.19382,2.4,-71.7,333.0,NAMSEN,IMO9761528,V7QJ6,80.0,0.0,,,,,B
311073800,2019-05-08T10:20:36,38.98433,-75.21121,0.0,27.9,320.0,EURO,IMO9567702,C6AA5,84.0,1.0,274.0,48.0,-11.5,84.0,A
369235000,2019-05-08T10:21:25,38.91519,-75.13579,0.0,-179.6,346.0,OSG VISION,IMO9436537,WDF2493,31.0,1.0,46.0,15.0,6.5,57.0,A
367090580,2019-05-08T10:21:52,38.96397,-75.19359,3.9,-85.5,511.0,BIG STONE 5,,WSE3119,60.0,0.0,15.0,4.0,,50.0,A
368058330,2019-05-08T10:21:17,39.10352,-75.16881,4.4,102.3,511.0,PURPLE  HAYS,,WDC9127,52.0,0.0,24.0,8.0,3.0,52.0,B
367349860,2019-05-08T10:21:43,38.92148,-75.09632,8.7,-72.6,337.0,LINDA MORAN,IMO9398565,WDE4187,31.0,12.0,36.0,11.0,4.6,57.0,B
368058330,2019-05-08T10:18:49,39.10436,-75.17249,4.3,114.4,511.0,PURPLE  HAYS,,WDC9127,52.0,0.0,24.0,8.0,3.0,52.0,B
367539750,2019-05-08T10:21:26,38.9661,-74.97949,0.7,-158.9,511.0,ONNERED,,WDG4753,30.0,,18.0,6.0,,,B
311588000,2019-05-08T10:22:18,39.40862,-75.50489,13.8,-91.6,320.0,DOLE ECUADOR,IMO8513479,C6FX6,70.0,0.0,178.0,27.0,8.7,70.0,A
338447000,2019-05-08T10:21:21,38.9423,-75.18293,3.8,-79.7,331.0,OSG HORIZON,IMO9436549,WDF6180,31.0,0.0,46.0,15.0,6.5,57.0,B
269021000,2019-05-08T10:19:35,39.19967,-75.28167,12.0,-72.6,333.0,THORCO BASILISK,IMO9539377,HBLG,70.0,0.0,161.0,25.0,8.6,,A
367317410,2019-05-08T10:21:49,38.97813,-74.97685,7.9,10.0,511.0,OPPORTUNE,,WDD9868,30.0,,16.0,5.0,,,B
269021000,2019-05-08T10:21:53,39.2065,-75.28583,11.9,-75.6,333.0,THORCO BASILISK,IMO9539377,HBLG,70.0,0.0,161.0,25.0,8.6,,B
367141190,2019-05-08T10:19:13,38.80867,-75.091,21.3,106.6,511.0,,,,,15.0,,,,,B
538006702,2019-05-08T10:22:27,38.96393,-75.19416,2.3,-72.1,331.0,NAMSEN,IMO9761528,V7QJ6,80.0,0.0,,,,,B
220198000,2019-05-08T10:22:04,39.05386,-75.16954,18.5,157.7,158.0,OLGA MAERSK,IMO9251614,OXBB2,70.0,0.0,237.0,32.0,12.0,,B
538004030,2019-05-08T10:23:15,38.92636,-75.15848,0.0,39.9,328.0,FRIO,IMO9596985,V7UU3,80.0,1.0,274.0,48.0,17.1,89.0,A
367470320,2019-05-08T10:22:19,38.98026,-74.98247,7.2,-71.6,511.0,CHARISMA,,WDF6070,30.0,,13.0,,,,B
269021000,2019-05-08T10:23:12,39.21033,-75.28817,11.9,-73.6,333.0,THORCO BASILISK,IMO9539377,HBLG,70.0,0.0,161.0,25.0,8.6,,B
368058330,2019-05-08T10:22:39,39.1033,-75.16671,4.2,94.3,511.0,PURPLE  HAYS,,WDC9127,52.0,0.0,24.0,8.0,3.0,52.0,B
338447000,2019-05-08T10:22:31,38.94334,-75.18369,3.4,-81.5,331.0,OSG HORIZON,IMO9436549,WDF6180,31.0,0.0,46.0,15.0,6.5,57.0,B
367120230,2019-05-08T10:22:32,39.30357,-75.38679,11.7,139.6,511.0,SONIE,IMO9373723,WDD2812,31.0,0.0,24.0,9.0,4.0,52.0,B
240463000,2019-05-08T10:22:05,38.93908,-75.17012,0.0,-160.6,331.0,BOUBOULINA,IMO9298753,SZIS,80.0,1.0,274.0,50.0,17.0,80.0,A
367349860,2019-05-08T10:22:52,38.92403,-75.09769,8.7,-72.5,337.0,LINDA MORAN,IMO9398565,WDE4187,31.0,12.0,36.0,11.0,4.6,57.0,B
367120230,2019-05-08T10:20:41,39.30817,-75.3919,11.7,138.8,511.0,SONIE,IMO9373723,WDD2812,31.0,0.0,24.0,9.0,4.0,52.0,B
367317410,2019-05-08T10:23:19,38.98044,-74.97782,8.5,-159.9,511.0,OPPORTUNE,,WDD9868,30.0,,16.0,5.0,,,B
367090580,2019-05-08T10:23:02,38.96471,-75.19401,1.6,-78.3,511.0,BIG STONE 5,,WSE3119,60.0,0.0,15.0,4.0,,50.0,B
538006702,2019-05-08T10:23:28,38.9645,-75.19446,2.2,-73.2,327.0,NAMSEN,IMO9761528,V7QJ6,80.0,0.0,,,,,B
338447000,2019-05-08T10:24:21,38.94472,-75.18474,3.0,-79.4,332.0,OSG HORIZON,IMO9436549,WDF6180,31.0,0.0,46.0,15.0,6.5,57.0,B
367349860,2019-05-08T10:24:23,38.92746,-75.09954,8.8,-72.5,336.0,LINDA MORAN,IMO9398565,WDE4187,31.0,12.0,36.0,11.0,4.6,57.0,B
311073800,2019-05-08T10:23:36,38.98438,-75.21118,0.0,22.8,319.0,EURO,IMO9567702,C6AA5,84.0,1.0,274.0,48.0,-11.5,84.0,A
220198000,2019-05-08T10:24:28,39.04239,-75.16357,18.3,157.9,158.0,OLGA MAERSK,IMO9251614,OXBB2,70.0,0.0,237.0,32.0,12.0,,B
311588000,2019-05-08T10:23:27,39.41191,-75.50875,13.7,-91.5,320.0,DOLE ECUADOR,IMO8513479,C6FX6,70.0,0.0,178.0,27.0,8.7,70.0,B
367470320,2019-05-08T10:23:48,38.98117,-74.98103,5.4,125.4,511.0,CHARISMA,,WDF6070,30.0,,13.0,,,,B
311588000,2019-05-08T10:24:47,39.41565,-75.5131,13.8,-91.2,321.0,DOLE ECUADOR,IMO8513479,C6FX6,70.0,0.0,178.0,27.0,8.7,70.0,B
367120230,2019-05-08T10:23:41,39.30076,-75.38365,11.8,138.3,511.0,SONIE,IMO9373723,WDD2812,31.0,0.0,24.0,9.0,4.0,52.0,B
369235000,2019-05-08T10:24:25,38.9152,-75.13574,0.1,-179.6,345.0,OSG VISION,IMO9436537,WDF2493,31.0,1.0,46.0,15.0,6.5,57.0,A
538006702,2019-05-08T10:25:17,38.9654,-75.19508,1.7,-82.2,321.0,NAMSEN,IMO9761528,V7QJ6,80.0,0.0,,,,,B
368058330,2019-05-08T10:24:39,39.10296,-75.16362,4.3,93.9,511.0,PURPLE  HAYS,,WDC9127,52.0,0.0,24.0,8.0,3.0,52.0,B
367539750,2019-05-08T10:24:27,38.96593,-74.97995,0.2,-160.7,511.0,ONNERED,,WDG4753,30.0,,18.0,6.0,,,B
367120230,2019-05-08T10:25:32,39.29608,-75.37839,12.0,137.4,511.0,SONIE,IMO9373723,WDD2812,31.0,0.0,24.0,9.0,4.0,52.0,B
367470320,2019-05-08T10:24:49,38.97951,-74.98105,5.3,193.5,511.0,CHARISMA,,WDF6070,30.0,,13.0,,,,B
367470320,2019-05-08T10:21:18,38.97798,-74.98119,9.4,-115.5,511.0,CHARISMA,,WDF6070,30.0,,13.0,,,,B
338447000,2019-05-08T10:25:51,38.94577,-75.18553,2.8,-79.6,331.0,OSG HORIZON,IMO9436549,WDF6180,31.0,0.0,46.0,15.0,6.5,57.0,B
367360320,2019-05-08T10:25:51,39.21096,-75.03677,5.9,-171.8,511.0,MORNING STAR,IMO0000000,WDE4969,30.0,,22.0,7.0,,,B
367090580,2019-05-08T10:25:22,38.96594,-75.19489,2.5,-73.3,511.0,BIG STONE 5,,WSE3119,60.0,0.0,15.0,4.0,,50.0,B
269021000,2019-05-08T10:26:12,39.21933,-75.29333,11.8,-72.6,333.0,THORCO BASILISK,IMO9539377,HBLG,70.0,0.0,161.0,25.0,8.6,,B
240463000,2019-05-08T10:25:06,38.93903,-75.17022,0.0,-160.6,332.0,BOUBOULINA,IMO9298753,SZIS,80.0,1.0,274.0,50.0,17.0,80.0,A
367349860,2019-05-08T10:25:31,38.92999,-75.10096,8.8,-72.7,337.0,LINDA MORAN,IMO9398565,WDE4187,31.0,12.0,36.0,11.0,4.6,57.0,B
367090580,2019-05-08T10:24:12,38.96538,-75.19448,1.8,-87.3,511.0,BIG STONE 5,,WSE3119,60.0,0.0,15.0,4.0,,50.0,B
368058330,2019-05-08T10:25:59,39.10288,-75.16163,4.0,92.5,511.0,PURPLE  HAYS,,WDC9127,52.0,0.0,24.0,8.0,3.0,52.0,B
367317410,2019-05-08T10:25:49,38.97795,-74.98374,7.1,-153.2,511.0,OPPORTUNE,,WDD9868,30.0,,16.0,5.0,,,B
220198000,2019-05-08T10:23:10,39.04855,-75.16676,18.4,157.5,158.0,OLGA MAERSK,IMO9251614,OXBB2,70.0,0.0,237.0,32.0,12.0,,B
269021000,2019-05-08T10:24:21,39.21383,-75.29017,11.8,-73.6,333.0,THORCO BASILISK,IMO9539377,HBLG,70.0,0.0,161.0,25.0,8.6,,B
367317410,2019-05-08T10:24:48,38.97885,-74.98143,8.1,-190.8,511.0,OPPORTUNE,,WDD9868,30.0,,16.0,5.0,,,B
311588000,2019-05-08T10:26:18,39.41999,-75.51805,13.8,-90.9,320.0,DOLE ECUADOR,IMO8513479,C6FX6,70.0,0.0,178.0,27.0,8.7,70.0,B
220198000,2019-05-08T10:26:22,39.03341,-75.15891,18.2,157.9,158.0,OLGA MAERSK,IMO9251614,OXBB2,70.0,0.0,237.0,32.0,12.0,,B
367470320,2019-05-08T10:26:19,38.97902,-74.98346,5.3,-164.9,511.0,CHARISMA,,WDF6070,30.0,,13.0,,,,B
367120230,2019-05-08T10:27:11,39.29204,-75.37365,12.0,136.3,511.0,SONIE,IMO9373723,WDD2812,31.0,0.0,24.0,9.0,4.0,52.0,B
538004030,2019-05-08T10:26:13,38.92637,-75.15848,0.0,35.8,327.0,FRIO,IMO9596985,V7UU3,80.0,1.0,274.0,48.0,17.1,89.0,A
538006702,2019-05-08T10:26:28,38.96581,-75.19547,1.3,-88.8,317.0,NAMSEN,IMO9761528,V7QJ6,80.0,0.0,,,,,B
269021000,2019-05-08T10:27:22,39.22283,-75.29517,11.9,-73.6,332.0,THORCO BASILISK,IMO9539377,HBLG,70.0,0.0,161.0,25.0,8.6,,B
367090580,2019-05-08T10:26:33,38.96704,-75.19585,4.6,-80.4,511.0,BIG STONE 5,,WSE3119,60.0,0.0,15.0,4.0,,50.0,B
311073800,2019-05-08T10:26:34,38.98446,-75.21109,0.0,19.0,318.0,EURO,IMO9567702,C6AA5,84.0,1.0,274.0,48.0,-11.5,84.0,A
367349860,2019-05-08T10:26:52,38.93299,-75.10253,8.8,-71.5,338.0,LINDA MORAN,IMO9398565,WDE4187,31.0,12.0,36.0,11.0,4.6,57.0,B
368058330,2019-05-08T10:27:07,39.10285,-75.15995,3.9,91.3,511.0,PURPLE  HAYS,,WDC9127,52.0,0.0,24.0,8.0,3.0,52.0,B
338447000,2019-05-08T10:27:02,38.9466,-75.1861,2.7,-81.4,331.0,OSG HORIZON,IMO9436549,WDF6180,31.0,0.0,46.0,15.0,6.5,57.0,B
367349860,2019-05-08T10:28:02,38.93574,-75.10393,8.9,-71.2,337.0,LINDA MORAN,IMO9398565,WDE4187,31.0,12.0,36.0,11.0,4.6,57.0,B
367090580,2019-05-08T10:28:22,38.96876,-75.19757,2.3,-163.9,511.0,BIG STONE 5,,WSE3119,60.0,0.0,15.0,4.0,,50.0,B
311588000,2019-05-08T10:27:27,39.42323,-75.52185,13.6,-92.0,320.0,DOLE ECUADOR,IMO8513479,C6FX6,70.0,0.0,178.0,27.0,8.7,70.0,B
367317410,2019-05-08T10:27:18,38.97725,-74.98746,6.5,-132.7,511.0,OPPORTUNE,,WDD9868,30.0,,16.0,5.0,,,B
367539750,2019-05-08T10:27:26,38.96585,-74.9802,0.4,-136.1,511.0,ONNERED,,WDG4753,30.0,,18.0,6.0,,,B
369235000,2019-05-08T10:27:25,38.91522,-75.13576,0.0,-179.6,343.0,OSG VISION,IMO9436537,WDF2493,31.0,1.0,46.0,15.0,6.5,57.0,A
220198000,2019-05-08T10:27:28,39.02823,-75.15625,18.2,158.2,158.0,OLGA MAERSK,IMO9251614,OXBB2,70.0,0.0,237.0,32.0,12.0,,B
538006702,2019-05-08T10:27:37,38.96609,-75.19575,0.9,-84.8,314.0,NAMSEN,IMO9761528,V7QJ6,80.0,0.0,,,,,B
367360320,2019-05-08T10:27:51,39.20876,-75.03956,5.6,-189.9,511.0,MORNING STAR,IMO0000000,WDE4969,30.0,,22.0,7.0,,,B
367470320,2019-05-08T10:27:49,38.97915,-74.98261,6.7,-108.1,511.0,CHARISMA,,WDF6070,30.0,,13.0,,,,B
367349860,2019-05-08T10:29:22,38.9388,-75.1055,8.9,-71.4,338.0,LINDA MORAN,IMO9398565,WDE4187,31.0,12.0,36.0,11.0,4.6,57.0,B
269021000,2019-05-08T10:28:45,39.227,-75.29767,11.4,-83.6,322.0,THORCO BASILISK,IMO9539377,HBLG,70.0,0.0,161.0,25.0,8.6,,A
311588000,2019-05-08T10:28:37,39.4266,-75.52567,13.7,-91.7,320.0,DOLE ECUADOR,IMO8513479,C6FX6,70.0,0.0,178.0,27.0,8.7,70.0,B
220198000,2019-05-08T10:28:34,39.02315,-75.15353,18.3,157.2,157.0,OLGA MAERSK,IMO9251614,OXBB2,70.0,0.0,237.0,32.0,12.0,,B
538006702,2019-05-08T10:28:47,38.96627,-75.19586,0.3,0.1,307.0,NAMSEN,IMO9761528,V7QJ6,80.0,0.0,,,,,B
368058330,2019-05-08T10:28:28,39.10276,-75.15799,3.9,91.9,511.0,PURPLE  HAYS,,WDC9127,52.0,0.0,24.0,8.0,3.0,52.0,B
367120230,2019-05-08T10:28:32,39.2887,-75.3697,11.9,134.7,511.0,SONIE,IMO9373723,WDD2812,31.0,0.0,24.0,9.0,4.0,52.0,B
367120230,2019-05-08T10:29:51,39.28555,-75.36599,11.7,135.8,511.0,SONIE,IMO9373723,WDD2812,31.0,0.0,24.0,9.0,4.0,52.0,B
240463000,2019-05-08T10:28:04,38.93898,-75.1703,0.0,-160.6,335.0,BOUBOULINA,IMO9298753,SZIS,80.0,1.0,274.0,50.0,17.0,80.0,A
338447000,2019-05-08T10:28:11,38.94729,-75.18672,2.6,-79.4,334.0,OSG HORIZON,IMO9436549,WDF6180,31.0,0.0,46.0,15.0,6.5,57.0,B
269021000,2019-05-08T10:30:11,39.23067,-75.301,11.4,-86.6,322.0,THORCO BASILISK,IMO9539377,HBLG,70.0,0.0,161.0,25.0,8.6,,B
338447000,2019-05-08T10:29:51,38.94821,-75.18736,1.8,-77.8,337.0,OSG HORIZON,IMO9436549,WDF6180,31.0,0.0,46.0,15.0,6.5,57.0,B
538004030,2019-05-08T10:29:16,38.92637,-75.15845,0.0,25.3,327.0,FRIO,IMO9596985,V7UU3,80.0,1.0,274.0,48.0,17.1,89.0,A
220198000,2019-05-08T10:30:34,39.01369,-75.14837,18.4,156.9,157.0,OLGA MAERSK,IMO9251614,OXBB2,70.0,0.0,237.0,32.0,12.0,,B
367090580,2019-05-08T10:29:33,38.96851,-75.19806,1.4,-165.1,511.0,BIG STONE 5,,WSE3119,60.0,0.0,15.0,4.0,,50.0,B
367317410,2019-05-08T10:29:19,38.97822,-74.99198,7.7,-198.7,511.0,OPPORTUNE,,WDD9868,30.0,,16.0,5.0,,,B
368058330,2019-05-08T10:29:39,39.10272,-75.15629,4.0,93.6,511.0,PURPLE  HAYS,,WDC9127,52.0,0.0,24.0,8.0,3.0,52.0,B
311073800,2019-05-08T10:29:34,38.98459,-75.21107,0.0,25.2,317.0,EURO,IMO9567702,C6AA5,84.0,1.0,274.0,48.0,-11.5,84.0,A
368058330,2019-05-08T10:31:07,39.10252,-75.15422,3.8,100.0,511.0,PURPLE  HAYS,,WDC9127,52.0,0.0,24.0,8.0,3.0,52.0,B
538006702,2019-05-08T10:29:58,38.96635,-75.19579,0.2,84.7,297.0,NAMSEN,IMO9761528,V7QJ6,80.0,0.0,,,,,B
367470320,2019-05-08T10:31:19,38.98463,-74.98235,7.1,18.4,511.0,CHARISMA,,WDF6070,30.0,,13.0,,,,B
369235000,2019-05-08T10:30:25,38.91524,-75.13577,0.0,-179.6,339.0,OSG VISION,IMO9436537,WDF2493,31.0,1.0,46.0,15.0,6.5,57.0,A
367539750,2019-05-08T10:30:26,38.96588,-74.98049,0.5,-108.7,511.0,ONNERED,,WDG4753,30.0,,18.0,6.0,,,B
538006702,2019-05-08T10:31:17,38.96629,-75.19565,0.5,122.4,290.0,NAMSEN,IMO9761528,V7QJ6,80.0,0.0,,,,,B
367317410,2019-05-08T10:31:19,38.97442,-74.99271,6.7,189.3,511.0,OPPORTUNE,,WDD9868,30.0,,16.0,5.0,,,B
367470320,2019-05-08T10:29:19,38.98116,-74.98466,7.1,20.9,511.0,CHARISMA,,WDF6070,30.0,,13.0,,,,B
338447000,2019-05-08T10:31:02,38.9487,-75.18766,1.4,-73.9,339.0,OSG HORIZON,IMO9436549,WDF6180,31.0,0.0,46.0,15.0,6.5,57.0,B
240463000,2019-05-08T10:31:02,38.93895,-75.17038,0.0,-160.6,337.0,BOUBOULINA,IMO9298753,SZIS,80.0,1.0,274.0,50.0,17.0,80.0,A
220198000,2019-05-08T10:32:34,39.00423,-75.1432,18.4,156.5,157.0,OLGA MAERSK,IMO9251614,OXBB2,70.0,0.0,237.0,32.0,12.0,,B
367490480,2019-05-08T10:32:34,38.93015,-74.97287,9.8,-113.0,511.0,EVA MARIE,IMO8969408,WDH3461,30.0,,26.0,7.0,,,B
367120230,2019-05-08T10:31:32,39.28152,-75.36125,11.7,137.3,511.0,SONIE,IMO9373723,WDD2812,31.0,0.0,24.0,9.0,4.0,52.0,B
269021000,2019-05-08T10:31:22,39.23367,-75.30383,11.4,-85.6,323.0,THORCO BASILISK,IMO9539377,HBLG,70.0,0.0,161.0,25.0,8.6,,B
367090580,2019-05-08T10:31:52,38.96715,-75.19795,6.7,-189.2,511.0,BIG STONE 5,,WSE3119,60.0,0.0,15.0,4.0,,50.0,B
311588000,2019-05-08T10:32:38,39.43828,-75.53893,13.9,-91.9,320.0,DOLE ECUADOR,IMO8513479,C6FX6,70.0,0.0,178.0,27.0,8.7,70.0,B
311588000,2019-05-08T10:29:47,39.42997,-75.52953,13.8,-91.6,321.0,DOLE ECUADOR,IMO8513479,C6FX6,70.0,0.0,178.0,27.0,8.7,70.0,B
367349860,2019-05-08T10:31:32,38.9437,-75.10806,8.9,-72.4,336.0,LINDA MORAN,IMO9398565,WDE4187,31.0,12.0,36.0,11.0,4.6,57.0,B
338447000,2019-05-08T10:33:02,38.9493,-75.18793,0.8,-76.7,336.0,OSG HORIZON,IMO9436549,WDF6180,31.0,0.0,46.0,15.0,6.5,57.0,B
538004030,2019-05-08T10:32:17,38.92637,-75.15848,0.1,43.9,329.0,FRIO,IMO9596985,V7UU3,80.0,1.0,274.0,48.0,17.1,89.0,A
367349860,2019-05-08T10:33:22,38.94798,-75.11035,9.0,-72.5,336.0,LINDA MORAN,IMO9398565,WDE4187,31.0,12.0,36.0,11.0,4.6,57.0,B
367349860,2019-05-08T10:30:31,38.94142,-75.10683,8.9,-72.3,336.0,LINDA MORAN,IMO9398565,WDE4187,31.0,12.0,36.0,11.0,4.6,57.0,B
368058330,2019-05-08T10:32:19,39.1022,-75.15257,4.0,106.3,511.0,PURPLE  HAYS,,WDC9127,52.0,0.0,24.0,8.0,3.0,52.0,B
367317410,2019-05-08T10:32:49,38.97149,-74.99339,7.1,183.2,511.0,OPPORTUNE,,WDD9868,30.0,,16.0,5.0,,,B
538006702,2019-05-08T10:32:28,38.96617,-75.19543,0.5,132.0,284.0,NAMSEN,IMO9761528,V7QJ6,80.0,0.0,,,,,B
269021000,2019-05-08T10:33:32,39.23917,-75.30917,11.2,-88.6,320.0,THORCO BASILISK,IMO9539377,HBLG,70.0,0.0,161.0,25.0,8.6,,B
367470320,2019-05-08T10:32:49,38.98708,-74.98113,8.2,78.0,511.0,CHARISMA,,WDF6070,30.0,,13.0,,,,B
367090580,2019-05-08T10:30:41,38.96799,-75.19795,1.9,151.3,511.0,BIG STONE 5,,WSE3119,60.0,0.0,15.0,4.0,,50.0,B
311588000,2019-05-08T10:30:48,39.43295,-75.5329,13.9,-91.3,321.0,DOLE ECUADOR,IMO8513479,C6FX6,70.0,0.0,178.0,27.0,8.7,70.0,B
220198000,2019-05-08T10:33:52,38.99821,-75.1399,18.2,156.7,157.0,OLGA MAERSK,IMO9251614,OXBB2,70.0,0.0,237.0,32.0,12.0,,B
367090580,2019-05-08T10:33:02,38.96582,-75.19648,7.8,107.5,511.0,BIG STONE 5,,WSE3119,60.0,0.0,15.0,4.0,,50.0,B
367141190,2019-05-08T10:33:25,38.81117,-75.09283,19.1,-144.9,511.0,,,,,15.0,,,,,B
311073800,2019-05-08T10:32:33,38.98461,-75.21103,0.0,36.3,315.0,EURO,IMO9567702,C6AA5,84.0,1.0,274.0,48.0,-11.5,84.0,A
538006702,2019-05-08T10:34:28,38.96592,-75.19518,0.6,146.0,276.0,NAMSEN,IMO9761528,V7QJ6,80.0,0.0,,,,,B
369235000,2019-05-08T10:33:25,38.9152,-75.13589,0.1,-114.7,343.0,OSG VISION,IMO9436537,WDF2493,31.0,1.0,46.0,15.0,6.5,57.0,A
367120230,2019-05-08T10:33:51,39.27593,-75.35473,11.7,137.7,511.0,SONIE,IMO9373723,WDD2812,31.0,0.0,24.0,9.0,4.0,52.0,B
338447000,2019-05-08T10:34:11,38.94949,-75.18807,0.5,-86.9,336.0,OSG HORIZON,IMO9436549,WDF6180,31.0,0.0,46.0,15.0,6.5,57.0,B
367141190,2019-05-08T10:35:18,38.80767,-75.10517,19.5,-164.4,511.0,,,,,15.0,,,,,B
240463000,2019-05-08T10:34:06,38.93897,-75.17038,0.0,-160.6,337.0,BOUBOULINA,IMO9298753,SZIS,80.0,1.0,274.0,50.0,17.0,80.0,A
367490480,2019-05-08T10:34:04,38.93212,-74.97719,9.0,-103.2,511.0,EVA MARIE,IMO8969408,WDH3461,30.0,,26.0,7.0,,,B
367090580,2019-05-08T10:34:11,38.96601,-75.19428,3.4,-73.2,511.0,BIG STONE 5,,WSE3119,60.0,0.0,15.0,4.0,,50.0,B
538006702,2019-05-08T10:35:38,38.96574,-75.19504,0.6,148.9,272.0,NAMSEN,IMO9761528,V7QJ6,80.0,0.0,,,,,B
367470320,2019-05-08T10:34:19,38.98707,-74.97726,6.3,1.0,511.0,CHARISMA,,WDF6070,30.0,,13.0,,,,B
311588000,2019-05-08T10:34:47,39.44454,-75.54611,14.0,-92.0,320.0,DOLE ECUADOR,IMO8513479,C6FX6,70.0,0.0,178.0,27.0,8.7,70.0,B
338447000,2019-05-08T10:35:31,38.9496,-75.18819,0.3,-106.8,335.0,OSG HORIZON,IMO9436549,WDF6180,31.0,0.0,46.0,15.0,6.5,57.0,B
269021000,2019-05-08T10:34:43,39.24193,-75.31226,11.2,-90.6,319.0,THORCO BASILISK,IMO9539377,HBLG,70.0,0.0,161.0,25.0,8.6,,B
368058330,2019-05-08T10:34:19,39.10133,-75.14993,3.9,116.6,511.0,PURPLE  HAYS,,WDC9127,52.0,0.0,24.0,8.0,3.0,52.0,B
367349860,2019-05-08T10:34:32,38.95058,-75.11179,9.0,-72.5,336.0,LINDA MORAN,IMO9398565,WDE4187,31.0,12.0,36.0,11.0,4.6,57.0,B
220198000,2019-05-08T10:35:52,38.98877,-75.13475,18.4,156.9,157.0,OLGA MAERSK,IMO9251614,OXBB2,70.0,0.0,237.0,32.0,12.0,,B
367120230,2019-05-08T10:35:12,39.27268,-75.35091,11.6,136.7,511.0,SONIE,IMO9373723,WDD2812,31.0,0.0,24.0,9.0,4.0,52.0,B
538004030,2019-05-08T10:35:14,38.92636,-75.15847,0.1,48.9,331.0,FRIO,IMO9596985,V7UU3,80.0,1.0,274.0,48.0,17.1,89.0,A
367490480,2019-05-08T10:35:34,38.93522,-74.97961,8.4,-67.5,511.0,EVA MARIE,IMO8969408,WDH3461,30.0,,26.0,7.0,,,B
368058330,2019-05-08T10:35:29,39.10068,-75.14848,4.0,123.1,511.0,PURPLE  HAYS,,WDC9127,52.0,0.0,24.0,8.0,3.0,52.0,B
367470320,2019-05-08T10:35:48,38.98745,-74.97719,0.0,-134.0,511.0,CHARISMA,,WDF6070,30.0,,13.0,,,,B
311073800,2019-05-08T10:35:36,38.98462,-75.21096,0.0,77.9,313.0,EURO,IMO9567702,C6AA5,84.0,1.0,274.0,48.0,-11.5,84.0,A
367317410,2019-05-08T10:35:48,38.97112,-74.99603,6.7,14.7,511.0,OPPORTUNE,,WDD9868,30.0,,16.0,5.0,,,B
311588000,2019-05-08T10:35:53,39.44777,-75.54981,14.2,-91.1,320.0,DOLE ECUADOR,IMO8513479,C6FX6,70.0,0.0,178.0,27.0,8.7,70.0,B
369235000,2019-05-08T10:36:25,38.91519,-75.13601,0.0,-114.7,349.0,OSG VISION,IMO9436537,WDF2493,31.0,1.0,46.0,15.0,6.5,57.0,A
367539750,2019-05-08T10:36:27,38.9663,-74.98102,0.1,-83.7,511.0,ONNERED,,WDG4753,30.0,,18.0,6.0,,,B
367120230,2019-05-08T10:36:31,39.26965,-75.34715,11.6,134.8,511.0,SONIE,IMO9373723,WDD2812,31.0,0.0,24.0,9.0,4.0,52.0,B
367141190,2019-05-08T10:36:19,38.80533,-75.11167,20.1,-164.9,511.0,,,,,15.0,,,,,B
269021000,2019-05-08T10:37:42,39.24883,-75.32017,11.2,-91.6,317.0,THORCO BASILISK,IMO9539377,HBLG,70.0,0.0,161.0,25.0,8.6,,B
367490480,2019-05-08T10:36:35,38.93745,-74.98027,7.6,-61.2,511.0,EVA MARIE,IMO8969408,WDH3461,30.0,,26.0,7.0,,,B
338447000,2019-05-08T10:36:42,38.94962,-75.18829,0.2,-137.4,335.0,OSG HORIZON,IMO9436549,WDF6180,31.0,0.0,46.0,15.0,6.5,57.0,B
367539750,2019-05-08T10:33:27,38.96607,-74.98079,0.2,-96.3,511.0,ONNERED,,WDG4753,30.0,,18.0,6.0,,,B
220198000,2019-05-08T10:36:58,38.98363,-75.13192,18.6,157.7,158.0,OLGA MAERSK,IMO9251614,OXBB2,70.0,0.0,237.0,32.0,12.0,,B
538006702,2019-05-08T10:36:47,38.96553,-75.1949,0.8,165.0,272.0,NAMSEN,IMO9761528,V7QJ6,80.0,1.0,,,,,B
367090580,2019-05-08T10:36:42,38.9658,-75.19539,0.8,162.0,511.0,BIG STONE 5,,WSE3119,60.0,0.0,15.0,4.0,,50.0,B
367470320,2019-05-08T10:37:19,38.98752,-74.97708,0.0,72.2,511.0,CHARISMA,,WDF6070,30.0,,13.0,,,,B
367317410,2019-05-08T10:37:19,38.9727,-74.99356,7.5,97.8,511.0,OPPORTUNE,,WDD9868,30.0,,16.0,5.0,,,B
367317410,2019-05-08T10:34:19,38.96897,-74.99392,7.1,-139.3,511.0,OPPORTUNE,,WDD9868,30.0,,16.0,5.0,,,B
367349860,2019-05-08T10:36:32,38.9553,-75.11425,9.1,-71.4,338.0,LINDA MORAN,IMO9398565,WDE4187,31.0,12.0,36.0,11.0,4.6,57.0,B
367090580,2019-05-08T10:35:22,38.96623,-75.19583,1.9,87.6,511.0,BIG STONE 5,,WSE3119,60.0,0.0,15.0,4.0,,50.0,B
269021000,2019-05-08T10:35:45,39.24433,-75.315,11.2,-92.6,317.0,THORCO BASILISK,IMO9539377,HBLG,70.0,0.0,161.0,25.0,8.6,,A
368058330,2019-05-08T10:37:28,39.09931,-75.14612,4.2,133.8,511.0,PURPLE  HAYS,,WDC9127,52.0,0.0,24.0,8.0,3.0,52.0,B
367141190,2019-05-08T10:37:54,38.79917,-75.11867,20.7,176.6,511.0,,,,,15.0,,,,,B
367090580,2019-05-08T10:38:02,38.96547,-75.19513,0.8,170.3,511.0,BIG STONE 5,,WSE3119,60.0,0.0,15.0,4.0,,50.0,B
311588000,2019-05-08T10:38:09,39.4545,-75.55764,14.6,-89.7,334.0,DOLE ECUADOR,IMO8513479,C6FX6,70.0,0.0,178.0,27.0,8.7,70.0,A
338447000,2019-05-08T10:38:21,38.94957,-75.18843,0.2,-192.9,335.0,OSG HORIZON,IMO9436549,WDF6180,31.0,0.0,46.0,15.0,6.5,57.0,B
367349860,2019-05-08T10:38:32,38.96003,-75.11662,9.2,-71.1,338.0,LINDA MORAN,IMO9398565,WDE4187,31.0,12.0,36.0,11.0,4.6,57.0,B
367120230,2019-05-08T10:38:42,39.26442,-75.34091,11.7,137.5,511.0,SONIE,IMO9373723,WDD2812,31.0,0.0,24.0,9.0,4.0,52.0,B
269021000,2019-05-08T10:38:51,39.2515,-75.32333,11.2,-91.6,317.0,THORCO BASILISK,IMO9539377,HBLG,70.0,0.0,161.0,25.0,8.6,,B
220198000,2019-05-08T10:38:16,38.97733,-75.12858,18.6,157.5,158.0,OLGA MAERSK,IMO9251614,OXBB2,70.0,0.0,237.0,32.0,12.0,,B
538004030,2019-05-08T10:38:15,38.92638,-75.15844,0.1,30.8,332.0,FRIO,IMO9596985,V7UU3,80.0,1.0,274.0,48.0,17.1,89.0,A
367490480,2019-05-08T10:38:04,38.94057,-74.98114,8.4,-63.5,511.0,EVA MARIE,IMO8969408,WDH3461,30.0,,26.0,7.0,,,B
311073800,2019-05-08T10:38:33,38.98463,-75.21086,0.1,107.6,310.0,EURO,IMO9567702,C6AA5,84.0,1.0,274.0,48.0,-11.5,84.0,A
367141190,2019-05-08T10:39:00,38.79267,-75.118,21.3,174.6,511.0,,,,,15.0,,,,,B
367090580,2019-05-08T10:40:02,38.96506,-75.19512,0.7,183.9,511.0,BIG STONE 5,,WSE3119,60.0,0.0,15.0,4.0,,50.0,B
367317410,2019-05-08T10:38:48,38.97378,-74.99023,7.3,41.3,511.0,OPPORTUNE,,WDD9868,30.0,,16.0,5.0,,,B
311588000,2019-05-08T10:39:10,39.45841,-75.55955,14.1,-64.5,351.0,DOLE ECUADOR,IMO8513479,C6FX6,70.0,0.0,178.0,27.0,8.7,70.0,B
368058330,2019-05-08T10:39:08,39.09812,-75.14457,2.9,133.1,511.0,PURPLE  HAYS,,WDC9127,52.0,0.0,24.0,8.0,3.0,52.0,B
220198000,2019-05-08T10:40:16,38.96786,-75.12356,18.4,157.7,158.0,OLGA MAERSK,IMO9251614,OXBB2,70.0,0.0,237.0,32.0,12.0,,B
538006702,2019-05-08T10:39:29,38.96487,-75.19492,0.7,190.2,292.0,NAMSEN,IMO9761528,V7QJ6,80.0,1.0,,,,,A
367490480,2019-05-08T10:39:34,38.94398,-74.98185,8.6,-58.7,511.0,EVA MARIE,IMO8969408,WDH3461,30.0,,26.0,7.0,,,B
369235000,2019-05-08T10:39:25,38.91521,-75.13605,0.0,-114.7,351.0,OSG VISION,IMO9436537,WDF2493,31.0,1.0,46.0,15.0,6.5,57.0,A
338447000,2019-05-08T10:40:31,38.94945,-75.18846,0.3,179.4,337.0,OSG HORIZON,IMO9436549,WDF6180,31.0,0.0,46.0,15.0,6.5,57.0,B
367120230,2019-05-08T10:39:51,39.2617,-75.33777,11.5,136.1,511.0,SONIE,IMO9373723,WDD2812,31.0,0.0,24.0,9.0,4.0,52.0,B
311588000,2019-05-08T10:41:05,39.46578,-75.56064,13.7,-55.4,355.0,DOLE ECUADOR,IMO8513479,C6FX6,70.0,0.0,178.0,27.0,8.7,70.0,B
367349860,2019-05-08T10:39:42,38.96278,-75.11803,9.2,-71.2,337.0,LINDA MORAN,IMO9398565,WDE4187,31.0,12.0,36.0,11.0,4.6,57.0,B
220198000,2019-05-08T10:41:28,38.96231,-75.12053,18.3,157.2,157.0,OLGA MAERSK,IMO9251614,OXBB2,70.0,0.0,237.0,32.0,12.0,,B
269021000,2019-05-08T10:40:51,39.25617,-75.32883,11.4,-91.6,317.0,THORCO BASILISK,IMO9539377,HBLG,70.0,0.0,161.0,25.0,8.6,,B
367317410,2019-05-08T10:39:49,38.97543,-74.98851,7.4,45.1,511.0,OPPORTUNE,,WDD9868,30.0,,16.0,5.0,,,B
367349860,2019-05-08T10:40:43,38.96515,-75.11921,9.3,-70.3,337.0,LINDA MORAN,IMO9398565,WDE4187,31.0,12.0,36.0,11.0,4.6,57.0,B
366889080,2019-05-08T10:41:26,38.84282,-75.06369,9.7,-65.4,348.0,ADVENTURER,IMO7507411,WBN3015,31.0,0.0,41.0,11.0,5.2,32.0,A
368058330,2019-05-08T10:40:09,39.09757,-75.14385,2.5,136.0,511.0,PURPLE  HAYS,,WDC9127,52.0,0.0,24.0,8.0,3.0,52.0,B
367490480,2019-05-08T10:40:35,38.94631,-74.98231,8.2,-57.7,511.0,EVA MARIE,IMO8969408,WDH3461,30.0,,26.0,7.0,,,B
367349860,2019-05-08T10:42:21,38.96901,-75.12125,9.2,-73.1,334.0,LINDA MORAN,IMO9398565,WDE4187,31.0,12.0,36.0,11.0,4.6,57.0,B
338447000,2019-05-08T10:42:02,38.94924,-75.18844,0.3,158.0,338.0,OSG HORIZON,IMO9436549,WDF6180,31.0,0.0,46.0,15.0,6.5,57.0,B
367360320,2019-05-08T10:40:51,39.1886,-75.03766,5.8,181.7,511.0,MORNING STAR,IMO0000000,WDE4969,30.0,,22.0,7.0,,,B
369235000,2019-05-08T10:42:25,38.91519,-75.13596,0.1,-114.7,348.0,OSG VISION,IMO9436537,WDF2493,31.0,1.0,46.0,15.0,6.5,57.0,A
538006702,2019-05-08T10:42:28,38.96442,-75.19513,0.4,-196.1,307.0,NAMSEN,IMO9761528,V7QJ6,80.0,1.0,,,,,A
367120230,2019-05-08T10:41:01,39.25896,-75.33458,11.4,135.4,511.0,SONIE,IMO9373723,WDD2812,31.0,0.0,24.0,9.0,4.0,52.0,B
367470320,2019-05-08T10:41:19,38.98773,-74.97695,0.3,-163.8,511.0,CHARISMA,,WDF6070,30.0,,13.0,,,,B
316036348,2019-05-08T10:41:02,39.51418,-75.55427,25.9,199.3,511.0,OVERDRAFT,IMO0000000,,37.0,,10.0,2.0,,,B
311073800,2019-05-08T10:41:35,38.98464,-75.21081,0.2,156.9,307.0,EURO,IMO9567702,C6AA5,84.0,1.0,274.0,48.0,-11.5,84.0,A
367090580,2019-05-08T10:41:03,38.96491,-75.19517,0.5,194.8,511.0,BIG STONE 5,,WSE3119,60.0,0.0,15.0,4.0,,50.0,B
538004030,2019-05-08T10:41:15,38.92645,-75.15838,0.1,24.5,332.0,FRIO,IMO9596985,V7UU3,80.0,1.0,274.0,48.0,17.1,89.0,A
269021000,2019-05-08T10:42:02,39.25883,-75.332,11.7,-91.6,318.0,THORCO BASILISK,IMO9539377,HBLG,70.0,0.0,161.0,25.0,8.6,,B
367317410,2019-05-08T10:41:19,38.97637,-74.98476,7.3,65.6,511.0,OPPORTUNE,,WDD9868,30.0,,16.0,5.0,,,B
367490480,2019-05-08T10:42:04,38.94984,-74.983,8.4,-58.2,511.0,EVA MARIE,IMO8969408,WDH3461,30.0,,26.0,7.0,,,B
269021000,2019-05-08T10:43:32,39.2625,-75.33633,11.9,-92.6,318.0,THORCO BASILISK,IMO9539377,HBLG,70.0,0.0,161.0,25.0,8.6,,B
367539750,2019-05-08T10:42:26,38.96686,-74.98132,0.7,-66.3,511.0,ONNERED,,WDG4753,30.0,,18.0,6.0,,,B
368058330,2019-05-08T10:42:28,39.09646,-75.14252,2.2,137.5,511.0,PURPLE  HAYS,,WDC9127,52.0,0.0,24.0,8.0,3.0,52.0,B
367120230,2019-05-08T10:42:32,39.2556,-75.33016,11.2,134.4,511.0,SONIE,IMO9373723,WDD2812,31.0,0.0,24.0,9.0,4.0,52.0,B
367360320,2019-05-08T10:42:21,39.18615,-75.03791,5.8,182.3,511.0,MORNING STAR,IMO0000000,WDE4969,30.0,,22.0,7.0,,,B
368058330,2019-05-08T10:44:08,39.09573,-75.14176,2.1,142.4,511.0,PURPLE  HAYS,,WDC9127,52.0,0.0,24.0,8.0,3.0,52.0,B
220198000,2019-05-08T10:42:34,38.95715,-75.11757,18.1,155.3,156.0,OLGA MAERSK,IMO9251614,OXBB2,70.0,0.0,237.0,32.0,12.0,,B
538004030,2019-05-08T10:44:15,38.92652,-75.15835,0.1,35.3,331.0,FRIO,IMO9596985,V7UU3,80.0,1.0,274.0,48.0,17.1,89.0,A
366889080,2019-05-08T10:42:35,38.84578,-75.06472,9.7,-65.3,346.0,ADVENTURER,IMO7507411,WBN3015,31.0,0.0,41.0,11.0,5.2,32.0,A
311588000,2019-05-08T10:44:33,39.47905,-75.563,13.9,-54.5,7.0,DOLE ECUADOR,IMO8513479,C6FX6,70.0,0.0,178.0,27.0,8.7,70.0,A
366889080,2019-05-08T10:44:08,38.84985,-75.06646,9.9,-67.9,345.0,ADVENTURER,IMO7507411,WBN3015,31.0,0.0,41.0,11.0,5.2,32.0,B
338447000,2019-05-08T10:43:11,38.94937,-75.18846,0.8,-71.0,335.0,OSG HORIZON,IMO9436549,WDF6180,31.0,0.0,46.0,15.0,6.5,57.0,B
316036348,2019-05-08T10:43:31,39.49726,-75.56153,25.3,195.2,511.0,OVERDRAFT,IMO0000000,,37.0,,10.0,2.0,,,B
367349860,2019-05-08T10:43:33,38.97181,-75.12288,9.2,-75.0,334.0,LINDA MORAN,IMO9398565,WDE4187,31.0,12.0,36.0,11.0,4.6,57.0,B
367090580,2019-05-08T10:43:22,38.9647,-75.19533,0.3,-185.6,511.0,BIG STONE 5,,WSE3119,60.0,0.0,15.0,4.0,,50.0,B
367317410,2019-05-08T10:42:48,38.97733,-74.98094,7.7,55.7,511.0,OPPORTUNE,,WDD9868,30.0,,16.0,5.0,,,B
220198000,2019-05-08T10:43:41,38.95211,-75.11468,18.0,155.8,156.0,OLGA MAERSK,IMO9251614,OXBB2,70.0,0.0,237.0,32.0,12.0,,B
367490480,2019-05-08T10:45:05,38.95667,-74.98416,8.1,0.2,511.0,EVA MARIE,IMO8969408,WDH3461,30.0,,26.0,7.0,,,B
367120230,2019-05-08T10:43:50,39.2527,-75.32652,11.2,136.1,511.0,SONIE,IMO9373723,WDD2812,31.0,0.0,24.0,9.0,4.0,52.0,B
367490480,2019-05-08T10:43:34,38.95329,-74.98362,8.1,-57.4,511.0,EVA MARIE,IMO8969408,WDH3461,30.0,,26.0,7.0,,,B
311588000,2019-05-08T10:42:29,39.47111,-75.5615,14.0,-57.1,355.0,DOLE ECUADOR,IMO8513479,C6FX6,70.0,0.0,178.0,27.0,8.7,70.0,B
220198000,2019-05-08T10:45:22,38.94435,-75.1102,18.0,155.3,156.0,OLGA MAERSK,IMO9251614,OXBB2,70.0,0.0,237.0,32.0,12.0,,B
367317410,2019-05-08T10:43:49,38.97734,-74.97903,7.2,138.1,511.0,OPPORTUNE,,WDD9868,30.0,,16.0,5.0,,,B
367360320,2019-05-08T10:43:51,39.18368,-75.03812,5.9,187.4,511.0,MORNING STAR,IMO0000000,WDE4969,30.0,,22.0,7.0,,,B
367090580,2019-05-08T10:44:33,38.96461,-75.19543,0.3,-183.9,511.0,BIG STONE 5,,WSE3119,60.0,0.0,15.0,4.0,,50.0,B
367470320,2019-05-08T10:44:19,38.98803,-74.97663,0.6,24.2,511.0,CHARISMA,,WDF6070,30.0,,13.0,,,,B
316036348,2019-05-08T10:44:34,39.49023,-75.56405,25.5,192.3,511.0,OVERDRAFT,IMO0000000,,37.0,,10.0,2.0,,,B
367349860,2019-05-08T10:44:43,38.97451,-75.12454,9.3,-74.8,335.0,LINDA MORAN,IMO9398565,WDE4187,31.0,12.0,36.0,11.0,4.6,57.0,B
368058330,2019-05-08T10:41:19,39.09699,-75.14314,2.2,135.6,511.0,PURPLE  HAYS,,WDC9127,52.0,0.0,24.0,8.0,3.0,52.0,B
269021000,2019-05-08T10:44:41,39.2655,-75.33967,11.9,-91.6,318.0,THORCO BASILISK,IMO9539377,HBLG,70.0,0.0,161.0,25.0,8.6,,B
367090580,2019-05-08T10:46:23,38.96454,-75.19551,0.2,204.1,511.0,BIG STONE 5,,WSE3119,60.0,0.0,15.0,4.0,,50.0,B
367317410,2019-05-08T10:45:19,38.97899,-74.97617,7.6,90.6,511.0,OPPORTUNE,,WDD9868,30.0,,16.0,5.0,,,B
368058330,2019-05-08T10:45:19,39.09524,-75.14125,1.9,145.0,511.0,PURPLE  HAYS,,WDC9127,52.0,0.0,24.0,8.0,3.0,52.0,B
367360320,2019-05-08T10:45:21,39.18125,-75.03854,5.9,188.1,511.0,MORNING STAR,IMO0000000,WDE4969,30.0,,22.0,7.0,,,B
311588000,2019-05-08T10:46:41,39.4869,-75.56094,13.9,13.2,15.0,DOLE ECUADOR,IMO8513479,C6FX6,70.0,0.0,178.0,27.0,8.7,70.0,B
366889080,2019-05-08T10:45:13,38.85259,-75.06761,9.7,-66.6,346.0,ADVENTURER,IMO7507411,WBN3015,31.0,0.0,41.0,11.0,5.2,32.0,A
369235000,2019-05-08T10:45:25,38.91522,-75.13584,0.0,-114.7,342.0,OSG VISION,IMO9436537,WDF2493,31.0,1.0,46.0,15.0,6.5,57.0,A
538006702,2019-05-08T10:45:30,38.96422,-75.19538,0.3,-184.1,315.0,NAMSEN,IMO9761528,V7QJ6,80.0,1.0,,,,,A
367539750,2019-05-08T10:45:26,38.96719,-74.98148,0.4,-70.6,511.0,ONNERED,,WDG4753,30.0,,18.0,6.0,,,B
367120230,2019-05-08T10:44:51,39.25044,-75.32384,11.0,140.4,511.0,SONIE,IMO9373723,WDD2812,31.0,0.0,24.0,9.0,4.0,52.0,B
367349860,2019-05-08T10:47:21,38.98064,-75.12823,9.1,-74.5,334.0,LINDA MORAN,IMO9398565,WDE4187,31.0,12.0,36.0,11.0,4.6,57.0,B
269021000,2019-05-08T10:46:02,39.26867,-75.3435,12.0,-91.6,317.0,THORCO BASILISK,IMO9539377,HBLG,70.0,0.0,161.0,25.0,8.6,,B
240463000,2019-05-08T10:46:05,38.93918,-75.17023,0.0,27.0,336.0,BOUBOULINA,IMO9298753,SZIS,80.0,1.0,274.0,50.0,17.0,80.0,A
366889080,2019-05-08T10:46:14,38.85537,-75.06851,9.7,-61.7,351.0,ADVENTURER,IMO7507411,WBN3015,31.0,0.0,41.0,11.0,5.2,32.0,A
316036348,2019-05-08T10:46:04,39.4798,-75.5658,21.1,178.9,511.0,OVERDRAFT,IMO0000000,,37.0,,10.0,2.0,,,B
368058330,2019-05-08T10:46:29,39.09471,-75.1408,1.9,145.3,511.0,PURPLE  HAYS,,WDC9127,52.0,0.0,24.0,8.0,3.0,52.0,B
316036348,2019-05-08T10:42:05,39.50695,-75.55739,25.7,197.5,511.0,OVERDRAFT,IMO0000000,,37.0,,10.0,2.0,,,B
311588000,2019-05-08T10:47:43,39.49102,-75.55976,14.2,13.2,15.0,DOLE ECUADOR,IMO8513479,C6FX6,70.0,0.0,178.0,27.0,8.7,70.0,A
367490480,2019-05-08T10:46:35,38.96007,-74.9841,8.3,1.1,511.0,EVA MARIE,IMO8969408,WDH3461,30.0,,26.0,7.0,,,B
367090580,2019-05-08T10:42:12,38.96478,-75.19526,0.4,197.6,511.0,BIG STONE 5,,WSE3119,60.0,0.0,15.0,4.0,,50.0,B
338447000,2019-05-08T10:48:12,38.94975,-75.18888,0.8,8.7,337.0,OSG HORIZON,IMO9436549,WDF6180,31.0,0.0,46.0,15.0,6.5,57.0,B
269021000,2019-05-08T10:48:22,39.27433,-75.35017,12.0,-90.6,319.0,THORCO BASILISK,IMO9539377,HBLG,70.0,0.0,161.0,25.0,8.6,,B
367317410,2019-05-08T10:46:48,38.98127,-74.9746,7.4,4.9,511.0,OPPORTUNE,,WDD9868,30.0,,16.0,5.0,,,B
367360320,2019-05-08T10:48:21,39.17627,-75.03954,5.8,199.6,511.0,MORNING STAR,IMO0000000,WDE4969,30.0,,22.0,7.0,,,B
220198000,2019-05-08T10:47:22,38.93527,-75.10497,17.9,155.9,157.0,OLGA MAERSK,IMO9251614,OXBB2,70.0,0.0,237.0,32.0,12.0,,B
538004030,2019-05-08T10:47:16,38.92655,-75.15829,0.1,55.3,331.0,FRIO,IMO9596985,V7UU3,80.0,1.0,274.0,48.0,17.1,89.0,A
366889080,2019-05-08T10:47:15,38.85804,-75.06919,9.6,-60.5,351.0,ADVENTURER,IMO7507411,WBN3015,31.0,0.0,41.0,11.0,5.2,32.0,A
367090580,2019-05-08T10:47:32,38.96443,-75.19558,0.2,-169.7,511.0,BIG STONE 5,,WSE3119,60.0,0.0,15.0,4.0,,50.0,B
366889080,2019-05-08T10:48:49,38.86224,-75.07043,9.9,-63.3,349.0,ADVENTURER,IMO7507411,WBN3015,31.0,0.0,41.0,11.0,5.2,32.0,B
367470320,2019-05-08T10:47:19,38.9884,-74.97679,0.2,-82.6,511.0,CHARISMA,,WDF6070,30.0,,13.0,,,,B
316036348,2019-05-08T10:47:32,39.46996,-75.56395,25.7,168.0,511.0,OVERDRAFT,IMO0000000,,37.0,,10.0,2.0,,,B
311073800,2019-05-08T10:47:33,38.9846,-75.21083,0.1,-77.1,305.0,EURO,IMO9567702,C6AA5,84.0,1.0,274.0,48.0,-11.5,84.0,A
367317410,2019-05-08T10:47:49,38.98298,-74.9751,6.8,-113.4,511.0,OPPORTUNE,,WDD9868,30.0,,16.0,5.0,,,B
220198000,2019-05-08T10:49:34,38.92504,-75.09974,17.9,160.5,162.0,OLGA MAERSK,IMO9251614,OXBB2,70.0,0.0,237.0,32.0,12.0,,B
367490480,2019-05-08T10:48:04,38.96355,-74.98388,8.7,2.8,511.0,EVA MARIE,IMO8969408,WDH3461,30.0,,26.0,7.0,,,B
367120230,2019-05-08T10:47:12,39.24508,-75.31764,11.0,138.0,511.0,SONIE,IMO9373723,WDD2812,31.0,0.0,24.0,9.0,4.0,52.0,B
369235000,2019-05-08T10:48:25,38.91522,-75.13589,0.1,-114.7,346.0,OSG VISION,IMO9436537,WDF2493,31.0,1.0,46.0,15.0,6.5,57.0,A
316036348,2019-05-08T10:49:03,39.45951,-75.56011,25.7,158.5,511.0,OVERDRAFT,IMO0000000,,37.0,,10.0,2.0,,,B
367539750,2019-05-08T10:48:26,38.96757,-74.98164,0.4,-72.3,511.0,ONNERED,,WDG4753,30.0,,18.0,6.0,,,B
368058330,2019-05-08T10:48:47,39.09373,-75.14002,1.7,150.3,511.0,PURPLE  HAYS,,WDC9127,52.0,0.0,24.0,8.0,3.0,52.0,B
311588000,2019-05-08T10:48:49,39.49526,-75.55851,14.3,12.2,15.0,DOLE ECUADOR,IMO8513479,C6FX6,70.0,0.0,178.0,27.0,8.7,70.0,B
367317410,2019-05-08T10:49:19,38.98456,-74.97824,7.5,-90.1,511.0,OPPORTUNE,,WDD9868,30.0,,16.0,5.0,,,B
367490480,2019-05-08T10:49:34,38.96705,-74.98362,8.5,2.9,511.0,EVA MARIE,IMO8969408,WDH3461,30.0,,26.0,7.0,,,B
338447000,2019-05-08T10:45:02,38.94966,-75.18864,0.4,-93.3,335.0,OSG HORIZON,IMO9436549,WDF6180,31.0,0.0,46.0,15.0,6.5,57.0,B
311073800,2019-05-08T10:44:36,38.98463,-75.21081,0.1,-189.5,305.0,EURO,IMO9567702,C6AA5,84.0,1.0,274.0,48.0,-11.5,84.0,A
367120230,2019-05-08T10:46:01,39.24782,-75.32073,10.9,139.6,511.0,SONIE,IMO9373723,WDD2812,31.0,0.0,24.0,9.0,4.0,52.0,B
338447000,2019-05-08T10:46:12,38.94971,-75.18872,0.3,-118.5,337.0,OSG HORIZON,IMO9436549,WDF6180,31.0,0.0,46.0,15.0,6.5,57.0,B
368058330,2019-05-08T10:47:39,39.09422,-75.14038,1.9,148.3,511.0,PURPLE  HAYS,,WDC9127,52.0,0.0,24.0,8.0,3.0,52.0,B
338447000,2019-05-08T10:49:20,38.95044,-75.18918,3.4,-75.2,334.0,OSG HORIZON,IMO9436549,WDF6180,31.0,0.0,46.0,15.0,6.5,57.0,B
367349860,2019-05-08T10:49:41,38.98592,-75.13139,9.0,-74.9,335.0,LINDA MORAN,IMO9398565,WDE4187,31.0,12.0,36.0,11.0,4.6,57.0,B
367120230,2019-05-08T10:49:41,39.23952,-75.31096,11.1,150.3,511.0,SONIE,IMO9373723,WDD2812,31.0,0.0,24.0,9.0,4.0,52.0,B
367090580,2019-05-08T10:49:52,38.96372,-75.19468,15.0,146.4,511.0,BIG STONE 5,,WSE3119,60.0,0.0,15.0,4.0,,50.0,A
366889080,2019-05-08T10:50:01,38.86547,-75.07144,9.8,-64.9,348.0,ADVENTURER,IMO7507411,WBN3015,31.0,0.0,41.0,11.0,5.2,32.0,A
240463000,2019-05-08T10:49:06,38.939,-75.17023,0.0,9.0,336.0,BOUBOULINA,IMO9298753,SZIS,80.0,1.0,274.0,50.0,17.0,80.0,A
269021000,2019-05-08T10:50:22,39.27933,-75.35583,11.9,-90.6,318.0,THORCO BASILISK,IMO9539377,HBLG,70.0,0.0,161.0,25.0,8.6,,B
311073800,2019-05-08T10:50:32,38.98456,-75.21086,0.0,44.7,306.0,EURO,IMO9567702,C6AA5,84.0,1.0,274.0,48.0,-11.5,84.0,A
311588000,2019-05-08T10:50:55,39.50353,-75.556,14.4,13.2,16.0,DOLE ECUADOR,IMO8513479,C6FX6,70.0,0.0,178.0,27.0,8.7,70.0,B
367360320,2019-05-08T10:51:51,39.17141,-75.04356,6.0,201.9,511.0,MORNING STAR,IMO0000000,WDE4969,30.0,,22.0,7.0,,,B
269021000,2019-05-08T10:51:31,39.28217,-75.35917,12.1,-91.6,318.0,THORCO BASILISK,IMO9539377,HBLG,70.0,0.0,161.0,25.0,8.6,,B
368058330,2019-05-08T10:49:58,39.09322,-75.13974,1.7,154.7,511.0,PURPLE  HAYS,,WDC9127,52.0,0.0,24.0,8.0,3.0,52.0,B
367120230,2019-05-08T10:51:52,39.23354,-75.30656,11.2,154.8,511.0,SONIE,IMO9373723,WDD2812,31.0,0.0,24.0,9.0,4.0,52.0,B
338447000,2019-05-08T10:50:32,38.95181,-75.19003,5.2,-75.5,334.0,OSG HORIZON,IMO9436549,WDF6180,31.0,0.0,46.0,15.0,6.5,57.0,B
220198000,2019-05-08T10:51:34,38.9154,-75.0959,18.5,164.4,165.0,OLGA MAERSK,IMO9251614,OXBB2,70.0,0.0,237.0,32.0,12.0,,B
316036348,2019-05-08T10:50:32,39.45076,-75.55258,25.5,142.4,511.0,OVERDRAFT,IMO0000000,,37.0,,10.0,2.0,,,B
311588000,2019-05-08T10:52:13,39.50857,-75.55443,14.5,13.3,16.0,DOLE ECUADOR,IMO8513479,C6FX6,70.0,0.0,178.0,27.0,8.7,70.0,B
367360320,2019-05-08T10:49:51,39.1744,-75.04158,5.9,-188.4,511.0,MORNING STAR,IMO0000000,WDE4969,30.0,,22.0,7.0,,,B
538004030,2019-05-08T10:50:13,38.92659,-75.15824,0.0,46.2,330.0,FRIO,IMO9596985,V7UU3,80.0,1.0,274.0,48.0,17.1,89.0,A
367470320,2019-05-08T10:50:19,38.98857,-74.97686,0.3,-58.4,511.0,CHARISMA,,WDF6070,30.0,,13.0,,,,B
367349860,2019-05-08T10:51:51,38.99079,-75.13425,8.9,-73.8,335.0,LINDA MORAN,IMO9398565,WDE4187,31.0,12.0,36.0,11.0,4.6,57.0,B
367090580,2019-05-08T10:50:54,38.95981,-75.20054,23.8,-157.6,511.0,BIG STONE 5,,WSE3119,60.0,0.0,15.0,4.0,,50.0,A
366889080,2019-05-08T10:52:48,38.87294,-75.07357,10.1,-62.7,348.0,ADVENTURER,IMO7507411,WBN3015,31.0,0.0,41.0,11.0,5.2,32.0,B
367539750,2019-05-08T10:52:53,38.96807,-74.9821,2.1,-117.5,511.0,ONNERED,,WDG4753,30.0,,18.0,6.0,,,B
269021000,2019-05-08T10:52:52,39.28567,-75.363,12.1,-90.6,319.0,THORCO BASILISK,IMO9539377,HBLG,70.0,0.0,161.0,25.0,8.6,,B
367490480,2019-05-08T10:50:35,38.9693,-74.98318,7.7,12.7,511.0,EVA MARIE,IMO8969408,WDH3461,30.0,,26.0,7.0,,,B
369235000,2019-05-08T10:51:25,38.91517,-75.13598,0.1,-200.1,349.0,OSG VISION,IMO9436537,WDF2493,31.0,1.0,46.0,15.0,6.5,57.0,A
338447000,2019-05-08T10:51:40,38.95311,-75.19086,4.1,-76.4,334.0,OSG HORIZON,IMO9436549,WDF6180,31.0,0.0,46.0,15.0,6.5,57.0,B
311588000,2019-05-08T10:53:25,39.51316,-75.55297,14.5,14.0,16.0,DOLE ECUADOR,IMO8513479,C6FX6,70.0,0.0,178.0,27.0,8.7,70.0,B
538006702,2019-05-08T10:51:29,38.96392,-75.19572,0.1,-182.6,325.0,NAMSEN,IMO9761528,V7QJ6,80.0,1.0,,,,,A
367317410,2019-05-08T10:51:49,38.98785,-74.9789,4.7,110.7,511.0,OPPORTUNE,,WDD9868,30.0,,16.0,5.0,,,B
366889080,2019-05-08T10:51:05,38.8683,-75.07226,9.7,-59.2,351.0,ADVENTURER,IMO7507411,WBN3015,31.0,0.0,41.0,11.0,5.2,32.0,B
367317410,2019-05-08T10:50:48,38.9871,-74.97999,6.4,-83.0,511.0,OPPORTUNE,,WDD9868,30.0,,16.0,5.0,,,B
367120230,2019-05-08T10:53:41,39.22868,-75.30286,11.4,150.7,511.0,SONIE,IMO9373723,WDD2812,31.0,0.0,24.0,9.0,4.0,52.0,B
368058330,2019-05-08T10:53:48,39.09199,-75.13831,1.5,120.3,511.0,PURPLE  HAYS,,WDC9127,52.0,0.0,24.0,8.0,3.0,52.0,B
240463000,2019-05-08T10:52:04,38.93898,-75.17025,0.0,9.0,336.0,BOUBOULINA,IMO9298753,SZIS,80.0,1.0,274.0,50.0,17.0,80.0,A
316036348,2019-05-08T10:52:05,39.44226,-75.54331,25.5,139.6,511.0,OVERDRAFT,IMO0000000,,37.0,,10.0,2.0,,,B
368058330,2019-05-08T10:51:19,39.09272,-75.13933,1.5,141.0,511.0,PURPLE  HAYS,,WDC9127,52.0,0.0,24.0,8.0,3.0,52.0,B
220198000,2019-05-08T10:54:34,38.89988,-75.09117,19.5,167.8,167.0,OLGA MAERSK,IMO9251614,OXBB2,70.0,0.0,237.0,32.0,12.0,,B
269021000,2019-05-08T10:54:05,39.28867,-75.3665,12.0,-91.6,319.0,THORCO BASILISK,IMO9539377,HBLG,70.0,0.0,161.0,25.0,8.6,,A
220198000,2019-05-08T10:52:40,38.9099,-75.09411,19.1,167.3,167.0,OLGA MAERSK,IMO9251614,OXBB2,70.0,0.0,237.0,32.0,12.0,,B
367490480,2019-05-08T10:54:34,38.97837,-74.98112,8.3,8.7,511.0,EVA MARIE,IMO8969408,WDH3461,30.0,,26.0,7.0,,,B
338447000,2019-05-08T10:52:41,38.95403,-75.19146,3.4,-74.7,334.0,OSG HORIZON,IMO9436549,WDF6180,31.0,0.0,46.0,15.0,6.5,57.0,B
367090580,2019-05-08T10:52:58,38.95615,-75.21717,24.0,-162.3,511.0,BIG STONE 5,,WSE3119,60.0,0.0,15.0,4.0,,50.0,B
367349860,2019-05-08T10:54:21,38.99646,-75.13742,8.9,-73.5,337.0,LINDA MORAN,IMO9398565,WDE4187,31.0,12.0,36.0,11.0,4.6,57.0,B
538004030,2019-05-08T10:53:16,38.9266,-75.15817,0.0,19.6,329.0,FRIO,IMO9596985,V7UU3,80.0,1.0,274.0,48.0,17.1,89.0,A
367317410,2019-05-08T10:53:19,38.98622,-74.97679,8.2,-167.2,511.0,OPPORTUNE,,WDD9868,30.0,,16.0,5.0,,,B
367470320,2019-05-08T10:53:19,38.98872,-74.97692,0.3,-65.0,511.0,CHARISMA,,WDF6070,30.0,,13.0,,,,B
367090580,2019-05-08T10:51:55,38.95781,-75.20883,23.5,-163.3,511.0,BIG STONE 5,,WSE3119,60.0,0.0,15.0,4.0,,50.0,B
367090580,2019-05-08T10:54:00,38.95348,-75.22564,24.5,-159.0,511.0,BIG STONE 5,,WSE3119,60.0,0.0,15.0,4.0,,50.0,B
316036348,2019-05-08T10:53:35,39.43397,-75.53462,25.7,141.5,511.0,OVERDRAFT,IMO0000000,,37.0,,10.0,2.0,,,B
366889080,2019-05-08T10:53:53,38.87583,-75.07453,9.7,-62.8,347.0,ADVENTURER,IMO7507411,WBN3015,31.0,0.0,41.0,11.0,5.2,32.0,A
338447000,2019-05-08T10:53:52,38.95493,-75.19201,2.7,-77.3,332.0,OSG HORIZON,IMO9436549,WDF6180,31.0,0.0,46.0,15.0,6.5,57.0,B
367539750,2019-05-08T10:54:19,38.96928,-74.98212,4.4,9.2,511.0,ONNERED,,WDG4753,30.0,,18.0,6.0,,,B
367360320,2019-05-08T10:54:21,39.16745,-75.04541,6.1,190.5,511.0,MORNING STAR,IMO0000000,WDE4969,30.0,,22.0,7.0,,,B
369235000,2019-05-08T10:54:25,38.91515,-75.13609,0.1,-188.1,350.0,OSG VISION,IMO9436537,WDF2493,31.0,1.0,46.0,15.0,6.5,57.0,A
367490480,2019-05-08T10:52:35,38.97385,-74.98207,8.4,9.1,511.0,EVA MARIE,IMO8969408,WDH3461,30.0,,26.0,7.0,,,B
311588000,2019-05-08T10:54:31,39.5175,-75.55153,14.4,15.0,17.0,DOLE ECUADOR,IMO8513479,C6FX6,70.0,0.0,178.0,27.0,8.7,70.0,B
367490480,2019-05-08T10:56:04,38.98155,-74.98045,6.5,9.6,511.0,EVA MARIE,IMO8969408,WDH3461,30.0,,26.0,7.0,,,B
367349860,2019-05-08T10:56:41,39.00172,-75.14038,8.9,-73.6,337.0,LINDA MORAN,IMO9398565,WDE4187,31.0,12.0,36.0,11.0,4.6,57.0,B
220198000,2019-05-08T10:56:46,38.88829,-75.0879,19.0,167.0,167.0,OLGA MAERSK,IMO9251614,OXBB2,70.0,0.0,237.0,32.0,12.0,,B
311073800,2019-05-08T10:56:35,38.98466,-75.21079,0.0,-51.4,300.0,EURO,IMO9567702,C6AA5,84.0,1.0,274.0,48.0,-11.5,84.0,A
368058330,2019-05-08T10:54:59,39.09175,-75.1377,1.7,115.1,511.0,PURPLE  HAYS,,WDC9127,52.0,0.0,24.0,8.0,3.0,52.0,B
338447000,2019-05-08T10:55:01,38.95569,-75.19254,3.0,-74.8,332.0,OSG HORIZON,IMO9436549,WDF6180,31.0,0.0,46.0,15.0,6.5,57.0,B
316036348,2019-05-08T10:55:02,39.42592,-75.52608,25.9,141.2,511.0,OVERDRAFT,IMO0000000,,37.0,,10.0,2.0,,,B
367090580,2019-05-08T10:55:01,38.95118,-75.23403,24.5,-154.5,511.0,BIG STONE 5,,WSE3119,60.0,0.0,15.0,4.0,,50.0,B
269021000,2019-05-08T10:56:41,39.29533,-75.37383,12.0,-90.6,318.0,THORCO BASILISK,IMO9539377,HBLG,70.0,0.0,161.0,25.0,8.6,,B
367317410,2019-05-08T10:54:49,38.98742,-74.97721,0.8,69.7,511.0,OPPORTUNE,,WDD9868,30.0,,16.0,5.0,,,B
240463000,2019-05-08T10:55:04,38.93893,-75.1703,0.0,9.0,337.0,BOUBOULINA,IMO9298753,SZIS,80.0,1.0,274.0,50.0,17.0,80.0,A
366889080,2019-05-08T10:55:05,38.87911,-75.07552,9.9,-64.8,348.0,ADVENTURER,IMO7507411,WBN3015,31.0,0.0,41.0,11.0,5.2,32.0,A
311073800,2019-05-08T10:53:33,38.98457,-75.21081,0.0,21.5,304.0,EURO,IMO9567702,C6AA5,84.0,1.0,274.0,48.0,-11.5,84.0,A
367090580,2019-05-08T10:57:17,38.94718,-75.25355,24.9,-154.5,511.0,BIG STONE 5,,WSE3119,60.0,0.0,15.0,4.0,,50.0,B
367120230,2019-05-08T10:58:02,39.21641,-75.29411,11.5,150.8,511.0,SONIE,IMO9373723,WDD2812,31.0,0.0,24.0,9.0,4.0,52.0,B
538004030,2019-05-08T10:56:14,38.92665,-75.15815,0.0,40.3,329.0,FRIO,IMO9596985,V7UU3,80.0,1.0,274.0,48.0,17.1,89.0,A
367360320,2019-05-08T10:55:51,39.16536,-75.04698,5.8,-176.8,511.0,MORNING STAR,IMO0000000,WDE4969,30.0,,22.0,7.0,,,B
366889080,2019-05-08T10:56:09,38.88199,-75.07646,10.1,-65.1,347.0,ADVENTURER,IMO7507411,WBN3015,31.0,0.0,41.0,11.0,5.2,32.0,A
367317410,2019-05-08T10:56:19,38.98733,-74.97724,0.0,126.4,511.0,OPPORTUNE,,WDD9868,30.0,,16.0,5.0,,,B
338447000,2019-05-08T10:56:11,38.9567,-75.19322,3.3,-77.8,333.0,OSG HORIZON,IMO9436549,WDF6180,31.0,0.0,46.0,15.0,6.5,57.0,B
220198000,2019-05-08T10:58:28,38.8796,-75.08549,18.8,169.0,167.0,OLGA MAERSK,IMO9251614,OXBB2,70.0,0.0,237.0,32.0,12.0,,B
368058330,2019-05-08T10:58:28,39.09124,-75.13565,1.8,101.2,511.0,PURPLE  HAYS,,WDC9127,52.0,0.0,24.0,8.0,3.0,52.0,B
367100370,2019-05-08T10:58:30,38.79788,-75.11835,20.3,-58.5,511.0,LEWES,,WDC9301,50.0,0.0,16.0,5.0,,50.0,B
538006702,2019-05-08T10:54:26,38.96389,-75.1958,0.0,-182.6,329.0,NAMSEN,IMO9761528,V7QJ6,80.0,1.0,,,,,A
367100370,2019-05-08T10:56:18,38.78556,-75.11815,20.6,35.5,511.0,LEWES,,WDC9301,50.0,0.0,16.0,5.0,,50.0,A
366889080,2019-05-08T10:57:13,38.88481,-75.07752,10.0,-66.0,346.0,ADVENTURER,IMO7507411,WBN3015,31.0,0.0,41.0,11.0,5.2,32.0,A
367539750,2019-05-08T10:57:18,38.97295,-74.98146,4.6,8.3,511.0,ONNERED,,WDG4753,30.0,,18.0,6.0,,,B
367120230,2019-05-08T10:54:52,39.22533,-75.30047,11.5,151.6,511.0,SONIE,IMO9373723,WDD2812,31.0,0.0,24.0,9.0,4.0,52.0,B
367490480,2019-05-08T10:57:34,38.9847,-74.97996,8.0,6.5,511.0,EVA MARIE,IMO8969408,WDH3461,30.0,,26.0,7.0,,,B
338447000,2019-05-08T10:57:21,38.95771,-75.19384,3.6,-75.5,331.0,OSG HORIZON,IMO9436549,WDF6180,31.0,0.0,46.0,15.0,6.5,57.0,B
369235000,2019-05-08T10:57:25,38.91515,-75.1362,0.1,-170.2,351.0,OSG VISION,IMO9436537,WDF2493,31.0,1.0,46.0,15.0,6.5,57.0,A
269021000,2019-05-08T10:57:42,39.29783,-75.37667,12.0,-90.6,318.0,THORCO BASILISK,IMO9539377,HBLG,70.0,0.0,161.0,25.0,8.6,,B
538006702,2019-05-08T10:57:28,38.96391,-75.19585,0.0,-182.6,332.0,NAMSEN,IMO9761528,V7QJ6,80.0,1.0,,,,,A
367100370,2019-05-08T10:59:36,38.80302,-75.11526,20.2,60.3,511.0,LEWES,,WDC9301,50.0,0.0,16.0,5.0,,50.0,B
367349860,2019-05-08T10:57:51,39.00436,-75.1419,8.9,-73.6,336.0,LINDA MORAN,IMO9398565,WDE4187,31.0,12.0,36.0,11.0,4.6,57.0,B
367349860,2019-05-08T10:59:52,39.00895,-75.14446,8.8,-73.2,336.0,LINDA MORAN,IMO9398565,WDE4187,31.0,12.0,36.0,11.0,4.6,57.0,B
367360320,2019-05-08T10:57:21,39.16473,-75.04848,1.1,-160.5,511.0,MORNING STAR,IMO0000000,WDE4969,30.0,,22.0,7.0,,,B
240463000,2019-05-08T10:58:04,38.93892,-75.17035,0.0,9.0,338.0,BOUBOULINA,IMO9298753,SZIS,80.0,1.0,274.0,50.0,17.0,80.0,A
338447000,2019-05-08T10:58:32,38.95871,-75.19447,3.0,-75.1,331.0,OSG HORIZON,IMO9436549,WDF6180,31.0,0.0,46.0,15.0,6.5,57.0,B
316036348,2019-05-08T10:58:32,39.40697,-75.50482,26.1,139.4,511.0,OVERDRAFT,IMO0000000,,37.0,,10.0,2.0,,,B
367360320,2019-05-08T10:58:51,39.16445,-75.0489,5.5,-159.1,511.0,MORNING STAR,IMO0000000,WDE4969,30.0,,22.0,7.0,,,B
367539750,2019-05-08T10:55:48,38.97111,-74.98179,4.3,7.2,511.0,ONNERED,,WDG4753,30.0,,18.0,6.0,,,B
367490480,2019-05-08T10:59:04,38.98833,-74.97939,7.3,13.2,511.0,EVA MARIE,IMO8969408,WDH3461,30.0,,26.0,7.0,,,B
316036348,2019-05-08T10:56:03,39.42046,-75.51984,25.9,138.7,511.0,OVERDRAFT,IMO0000000,,37.0,,10.0,2.0,,,B
367120230,2019-05-08T10:59:20,39.21284,-75.29147,11.2,153.9,511.0,SONIE,IMO9373723,WDD2812,31.0,0.0,24.0,9.0,4.0,52.0,B
368058330,2019-05-08T10:56:09,39.09155,-75.13706,1.6,110.5,511.0,PURPLE  HAYS,,WDC9127,52.0,0.0,24.0,8.0,3.0,52.0,B
367470320,2019-05-08T10:59:19,38.98907,-74.97707,0.3,-83.2,511.0,CHARISMA,,WDF6070,30.0,,13.0,,,,B
269021000,2019-05-08T10:58:52,39.30083,-75.37983,11.9,-90.6,318.0,THORCO BASILISK,IMO9539377,HBLG,70.0,0.0,161.0,25.0,8.6,,B
367100370,2019-05-08T11:00:00,38.8041,-75.11286,20.3,58.2,511.0,LEWES,,WDC9301,50.0,0.0,16.0,5.0,,50.0,B
367539750,2019-05-08T10:58:19,38.9742,-74.98125,4.4,6.9,511.0,ONNERED,,WDG4753,30.0,,18.0,6.0,,,B
367470320,2019-05-08T10:56:19,38.98889,-74.97701,0.1,24.9,511.0,CHARISMA,,WDF6070,30.0,,13.0,,,,B
338447000,2019-05-08T10:59:40,38.95958,-75.19499,2.8,-75.9,331.0,OSG HORIZON,IMO9436549,WDF6180,31.0,0.0,46.0,15.0,6.5,57.0,B
538004030,2019-05-08T10:59:16,38.92672,-75.15818,0.0,58.1,328.0,FRIO,IMO9596985,V7UU3,80.0,1.0,274.0,48.0,17.1,89.0,A
367090580,2019-05-08T10:59:28,38.94309,-75.27208,25.0,-159.0,511.0,BIG STONE 5,,WSE3119,60.0,0.0,15.0,4.0,,50.0,B
367490480,2019-05-08T11:00:04,38.98948,-74.97826,4.4,38.3,511.0,EVA MARIE,IMO8969408,WDH3461,30.0,,26.0,7.0,,,B
316036348,2019-05-08T10:59:34,39.40117,-75.49844,25.9,139.4,511.0,OVERDRAFT,IMO0000000,,37.0,,10.0,2.0,,,B
367317410,2019-05-08T10:59:49,38.98734,-74.9772,0.1,-78.4,511.0,OPPORTUNE,,WDD9868,30.0,,16.0,5.0,,,B
269021000,2019-05-08T11:00:01,39.30367,-75.383,11.6,-90.6,319.0,THORCO BASILISK,IMO9539377,HBLG,70.0,0.0,161.0,25.0,8.6,,B
367539750,2019-05-08T10:59:48,38.97611,-74.98097,4.6,8.3,511.0,ONNERED,,WDG4753,30.0,,18.0,6.0,,,B
367120230,2019-05-08T11:00:02,39.2109,-75.29028,11.0,155.4,511.0,SONIE,IMO9373723,WDD2812,31.0,0.0,24.0,9.0,4.0,52.0,B
338447000,2019-05-08T11:00:01,38.95982,-75.19516,2.8,-77.7,332.0,OSG HORIZON,IMO9436549,WDF6180,31.0,0.0,46.0,15.0,6.5,57.0,B
366889080,2019-05-08T11:00:00,38.89236,-75.08013,9.9,-64.2,348.0,ADVENTURER,IMO7507411,WBN3015,31.0,0.0,41.0,11.0,5.2,32.0,A
220198000,2019-05-08T11:00:04,38.87144,-75.08362,18.9,170.7,170.0,OLGA MAERSK,IMO9251614,OXBB2,70.0,0.0,237.0,32.0,12.0,,B
368058330,2019-05-08T11:00:09,39.09107,-75.13457,1.8,97.3,511.0,PURPLE  HAYS,,WDC9127,52.0,0.0,24.0,8.0,3.0,52.0,B
538006702,2019-05-08T11:00:28,38.96393,-75.19577,0.1,-182.6,334.0,NAMSEN,IMO9761528,V7QJ6,80.0,1.0,,,,,A
367360320,2019-05-08T11:00:21,39.16486,-75.04969,0.7,-78.6,511.0,MORNING STAR,IMO0000000,WDE4969,30.0,,22.0,7.0,,,B
369235000,2019-05-08T11:00:25,38.91515,-75.13632,0.0,-170.2,352.0,OSG VISION,IMO9436537,WDF2493,31.0,1.0,46.0,15.0,6.5,57.0,A
367090580,2019-05-08T11:00:02,38.94208,-75.27694,25.0,-149.7,511.0,BIG STONE 5,,WSE3119,60.0,0.0,15.0,4.0,,50.0,B
367539750,2019-05-08T11:00:18,38.97675,-74.98085,4.6,5.9,511.0,ONNERED,,WDG4753,30.0,,18.0,6.0,,,B
316036348,2019-05-08T11:00:32,39.39603,-75.49227,26.5,137.6,511.0,OVERDRAFT,IMO0000000,,37.0,,10.0,2.0,,,B
240463000,2019-05-08T11:01:06,38.93892,-75.17037,0.0,9.0,339.0,BOUBOULINA,IMO9298753,SZIS,80.0,1.0,274.0,50.0,17.0,80.0,A
220198000,2019-05-08T11:01:10,38.86575,-75.08247,18.8,171.4,172.0,OLGA MAERSK,IMO9251614,OXBB2,70.0,0.0,237.0,32.0,12.0,,B
367090580,2019-05-08T11:01:03,38.94058,-75.28582,24.9,-156.3,511.0,BIG STONE 5,,WSE3119,60.0,0.0,15.0,4.0,,50.0,B
366889080,2019-05-08T10:58:15,38.88759,-75.0786,10.3,-66.2,347.0,ADVENTURER,IMO7507411,WBN3015,31.0,0.0,41.0,11.0,5.2,32.0,A
367090580,2019-05-08T10:58:22,38.94534,-75.26289,25.1,-156.1,511.0,BIG STONE 5,,WSE3119,60.0,0.0,15.0,4.0,,50.0,B
366889080,2019-05-08T10:59:20,38.89054,-75.07956,10.2,-62.4,348.0,ADVENTURER,IMO7507411,WBN3015,31.0,0.0,41.0,11.0,5.2,32.0,A
220198000,2019-05-08T10:59:35,38.87395,-75.08414,18.8,170.0,170.0,OLGA MAERSK,IMO9251614,OXBB2,70.0,0.0,237.0,32.0,12.0,,B
368058330,2019-05-08T10:59:49,39.0911,-75.13479,1.8,101.5,511.0,PURPLE  HAYS,,WDC9127,52.0,0.0,24.0,8.0,3.0,52.0,B
269021000,2019-05-08T10:59:55,39.30333,-75.38283,11.6,-91.6,319.0,THORCO BASILISK,IMO9539377,HBLG,70.0,0.0,161.0,25.0,8.6,,A
367349860,2019-05-08T11:00:02,39.00925,-75.14463,8.8,-73.0,336.0,LINDA MORAN,IMO9398565,WDE4187,31.0,12.0,36.0,11.0,4.6,57.0,B
366889080,2019-05-08T11:01:01,38.89512,-75.08107,10.4,-64.4,347.0,ADVENTURER,IMO7507411,WBN3015,31.0,0.0,41.0,11.0,5.2,32.0,A
367120230,2019-05-08T11:01:11,39.20781,-75.28836,10.7,154.5,511.0,SONIE,IMO9373723,WDD2812,31.0,0.0,24.0,9.0,4.0,52.0,B
338447000,2019-05-08T11:01:11,38.96057,-75.19564,2.4,-74.5,334.0,OSG HORIZON,IMO9436549,WDF6180,31.0,0.0,46.0,15.0,6.5,57.0,B
269021000,2019-05-08T11:01:12,39.3065,-75.38633,11.4,-91.6,318.0,THORCO BASILISK,IMO9539377,HBLG,70.0,0.0,161.0,25.0,8.6,,B
367349860,2019-05-08T11:01:13,39.01197,-75.14615,8.8,-73.0,337.0,LINDA MORAN,IMO9398565,WDE4187,31.0,12.0,36.0,11.0,4.6,57.0,B
367100370,2019-05-08T11:01:06,38.80727,-75.10589,20.7,61.9,511.0,LEWES,,WDC9301,50.0,0.0,16.0,5.0,,50.0,B
368058330,2019-05-08T11:01:19,39.091,-75.1338,1.9,92.0,511.0,PURPLE  HAYS,,WDC9127,52.0,0.0,24.0,8.0,3.0,52.0,B
367539750,2019-05-08T11:01:49,38.97866,-74.9806,4.5,6.0,511.0,ONNERED,,WDG4753,30.0,,18.0,6.0,,,B
220198000,2019-05-08T11:02:16,38.86005,-75.08155,18.7,171.9,172.0,OLGA MAERSK,IMO9251614,OXBB2,70.0,0.0,237.0,32.0,12.0,,B
366889080,2019-05-08T11:02:08,38.89816,-75.08219,10.2,-68.6,345.0,ADVENTURER,IMO7507411,WBN3015,31.0,0.0,41.0,11.0,5.2,32.0,A
367090580,2019-05-08T11:02:06,38.938,-75.29437,24.8,-163.3,511.0,BIG STONE 5,,WSE3119,60.0,0.0,15.0,4.0,,50.0,B
367490480,2019-05-08T11:01:34,38.98975,-74.97693,2.3,91.8,511.0,EVA MARIE,IMO8969408,WDH3461,30.0,,26.0,7.0,,,B
269021000,2019-05-08T11:02:15,39.309,-75.389,11.4,-90.6,317.0,THORCO BASILISK,IMO9539377,HBLG,70.0,0.0,161.0,25.0,8.6,,A
367100370,2019-05-08T11:02:12,38.8103,-75.09889,20.4,62.7,511.0,LEWES,,WDC9301,50.0,0.0,16.0,5.0,,50.0,B
367360320,2019-05-08T11:02:21,39.16402,-75.05125,7.0,-188.0,511.0,MORNING STAR,IMO0000000,WDE4969,30.0,,22.0,7.0,,,B
367349860,2019-05-08T11:02:23,39.01456,-75.14754,8.7,-73.1,337.0,LINDA MORAN,IMO9398565,WDE4187,31.0,12.0,36.0,11.0,4.6,57.0,B
311073800,2019-05-08T11:02:35,38.98471,-75.21093,0.1,-120.5,295.0,EURO,IMO9567702,C6AA5,84.0,1.0,274.0,48.0,-11.5,84.0,A
367470320,2019-05-08T11:02:19,38.98945,-74.97725,0.9,-62.6,511.0,CHARISMA,,WDF6070,30.0,,13.0,,,,B
367120230,2019-05-08T11:02:20,39.20467,-75.28639,10.8,153.9,511.0,SONIE,IMO9373723,WDD2812,31.0,0.0,24.0,9.0,4.0,52.0,B
538004030,2019-05-08T11:02:15,38.9267,-75.15811,0.0,25.5,328.0,FRIO,IMO9596985,V7UU3,80.0,1.0,274.0,48.0,17.1,89.0,A
338447000,2019-05-08T11:02:21,38.96123,-75.196,1.9,-75.9,336.0,OSG HORIZON,IMO9436549,WDF6180,31.0,0.0,46.0,15.0,6.5,57.0,B
367317410,2019-05-08T11:02:48,38.98765,-74.97731,0.4,-60.1,511.0,OPPORTUNE,,WDD9868,30.0,,16.0,5.0,,,B
538006702,2019-05-08T11:03:26,38.96406,-75.19565,0.1,-182.6,332.0,NAMSEN,IMO9761528,V7QJ6,80.0,1.0,,,,,A
269021000,2019-05-08T11:03:22,39.31167,-75.392,11.3,-90.6,318.0,THORCO BASILISK,IMO9539377,HBLG,70.0,0.0,161.0,25.0,8.6,,B
220198000,2019-05-08T11:03:23,38.85429,-75.08059,18.6,171.5,172.0,OLGA MAERSK,IMO9251614,OXBB2,70.0,0.0,237.0,32.0,12.0,,B
368058330,2019-05-08T11:02:28,39.09097,-75.13302,1.9,90.1,511.0,PURPLE  HAYS,,WDC9127,52.0,0.0,24.0,8.0,3.0,52.0,B
367090580,2019-05-08T11:03:08,38.93922,-75.30167,22.7,-101.3,511.0,BIG STONE 5,,WSE3119,60.0,0.0,15.0,4.0,,50.0,B
367120230,2019-05-08T11:03:31,39.20145,-75.28471,10.7,160.6,511.0,SONIE,IMO9373723,WDD2812,31.0,0.0,24.0,9.0,4.0,52.0,B
367490480,2019-05-08T11:03:34,38.98945,-74.97725,0.7,-84.6,511.0,EVA MARIE,IMO8969408,WDH3461,30.0,,26.0,7.0,,,B
316036348,2019-05-08T11:03:33,39.3791,-75.4743,26.1,142.1,511.0,OVERDRAFT,IMO0000000,,37.0,,10.0,2.0,,,B
367100370,2019-05-08T11:03:18,38.81334,-75.09198,19.6,54.8,511.0,LEWES,,WDC9301,50.0,0.0,16.0,5.0,,50.0,B
366889080,2019-05-08T11:03:27,38.90174,-75.0837,10.5,-69.3,341.0,ADVENTURER,IMO7507411,WBN3015,31.0,0.0,41.0,11.0,5.2,32.0,A
367360320,2019-05-08T11:03:51,39.16202,-75.05402,7.2,-154.0,511.0,MORNING STAR,IMO0000000,WDE4969,30.0,,22.0,7.0,,,B
338447000,2019-05-08T11:03:30,38.96173,-75.19636,1.6,-71.6,341.0,OSG HORIZON,IMO9436549,WDF6180,31.0,0.0,46.0,15.0,6.5,57.0,B
367349860,2019-05-08T11:03:33,39.01713,-75.14898,8.6,-72.9,336.0,LINDA MORAN,IMO9398565,WDE4187,31.0,12.0,36.0,11.0,4.6,57.0,B
369235000,2019-05-08T11:03:25,38.9152,-75.13633,0.0,-170.2,354.0,OSG VISION,IMO9436537,WDF2493,31.0,1.0,46.0,15.0,6.5,57.0,A
367090580,2019-05-08T11:04:10,38.94322,-75.30824,22.8,-101.1,511.0,BIG STONE 5,,WSE3119,60.0,0.0,15.0,4.0,,50.0,B
367100370,2019-05-08T11:04:24,38.81871,-75.08924,18.7,12.3,511.0,LEWES,,WDC9301,50.0,0.0,16.0,5.0,,50.0,B
220198000,2019-05-08T11:04:28,38.84866,-75.0796,18.5,173.8,175.0,OLGA MAERSK,IMO9251614,OXBB2,70.0,0.0,237.0,32.0,12.0,,B
368058330,2019-05-08T11:03:58,39.09092,-75.13204,1.7,96.1,511.0,PURPLE  HAYS,,WDC9127,52.0,0.0,24.0,8.0,3.0,52.0,B
269021000,2019-05-08T11:04:32,39.31433,-75.39517,11.2,-90.6,317.0,THORCO BASILISK,IMO9539377,HBLG,70.0,0.0,161.0,25.0,8.6,,B
338447000,2019-05-08T11:04:31,38.96213,-75.19653,1.3,-64.5,345.0,OSG HORIZON,IMO9436549,WDF6180,31.0,0.0,46.0,15.0,6.5,57.0,B
366889080,2019-05-08T11:04:32,38.90468,-75.0852,10.2,-71.6,339.0,ADVENTURER,IMO7507411,WBN3015,31.0,0.0,41.0,11.0,5.2,32.0,A
367539750,2019-05-08T11:03:18,38.98057,-74.98031,4.3,6.0,511.0,ONNERED,,WDG4753,30.0,,18.0,6.0,,,B
367490480,2019-05-08T11:04:35,38.98958,-74.97741,0.7,-91.9,511.0,EVA MARIE,IMO8969408,WDH3461,30.0,,26.0,7.0,,,B
367349860,2019-05-08T11:04:42,39.01973,-75.1504,8.6,-73.0,336.0,LINDA MORAN,IMO9398565,WDE4187,31.0,12.0,36.0,11.0,4.6,57.0,B
367539750,2019-05-08T11:04:48,38.98248,-74.98005,4.7,7.5,511.0,ONNERED,,WDG4753,30.0,,18.0,6.0,,,B
220198000,2019-05-08T11:05:29,38.84379,-75.07902,17.0,174.9,175.0,OLGA MAERSK,IMO9251614,OXBB2,70.0,0.0,237.0,32.0,12.0,,B
311073800,2019-05-08T11:05:35,38.98471,-75.21095,0.1,-124.8,295.0,EURO,IMO9567702,C6AA5,84.0,1.0,274.0,48.0,-11.5,84.0,A
538004030,2019-05-08T11:05:14,38.9267,-75.15809,0.0,-86.3,327.0,FRIO,IMO9596985,V7UU3,80.0,1.0,274.0,48.0,17.1,89.0,A
367100370,2019-05-08T11:05:31,38.82411,-75.08747,18.2,21.5,511.0,LEWES,,WDC9301,50.0,0.0,16.0,5.0,,50.0,B
367470320,2019-05-08T11:05:19,38.98977,-74.9774,0.7,-74.1,511.0,CHARISMA,,WDF6070,30.0,,13.0,,,,B
316036348,2019-05-08T11:05:02,39.37041,-75.46587,26.0,139.8,511.0,OVERDRAFT,IMO0000000,,37.0,,10.0,2.0,,,B
338447000,2019-05-08T11:05:40,38.96254,-75.19662,1.3,4.3,348.0,OSG HORIZON,IMO9436549,WDF6180,31.0,0.0,46.0,15.0,6.5,57.0,B
367317410,2019-05-08T11:05:49,38.98798,-74.97729,0.3,-61.3,511.0,OPPORTUNE,,WDD9868,30.0,,16.0,5.0,,,B
366889080,2019-05-08T11:05:47,38.90797,-75.08682,10.6,-69.5,342.0,ADVENTURER,IMO7507411,WBN3015,31.0,0.0,41.0,11.0,5.2,32.0,A
269021000,2019-05-08T11:05:42,39.31717,-75.39833,11.1,-90.6,317.0,THORCO BASILISK,IMO9539377,HBLG,70.0,0.0,161.0,25.0,8.6,,B
367360320,2019-05-08T11:05:51,39.16064,-75.05882,7.2,-155.2,511.0,MORNING STAR,IMO0000000,WDE4969,30.0,,22.0,7.0,,,B
367349860,2019-05-08T11:05:53,39.02226,-75.15183,8.6,-72.6,338.0,LINDA MORAN,IMO9398565,WDE4187,31.0,12.0,36.0,11.0,4.6,57.0,B
367120230,2019-05-08T11:05:52,39.19519,-75.28112,10.3,156.9,511.0,SONIE,IMO9373723,WDD2812,31.0,0.0,24.0,9.0,4.0,52.0,B
316036348,2019-05-08T11:06:04,39.36449,-75.45959,26.2,139.3,511.0,OVERDRAFT,IMO0000000,,37.0,,10.0,2.0,,,B
369235000,2019-05-08T11:06:25,38.91519,-75.13639,0.0,-170.2,354.0,OSG VISION,IMO9436537,WDF2493,31.0,1.0,46.0,15.0,6.5,57.0,A
538006702,2019-05-08T11:06:27,38.96414,-75.19553,0.1,-182.6,330.0,NAMSEN,IMO9761528,V7QJ6,80.0,1.0,,,,,A
367539750,2019-05-08T11:06:19,38.98437,-74.97962,4.3,21.9,511.0,ONNERED,,WDG4753,30.0,,18.0,6.0,,,B
367120230,2019-05-08T11:04:42,39.19828,-75.28279,10.4,155.5,511.0,SONIE,IMO9373723,WDD2812,31.0,0.0,24.0,9.0,4.0,52.0,B
367100370,2019-05-08T11:06:42,38.83007,-75.08468,18.9,28.9,511.0,LEWES,,WDC9301,50.0,0.0,16.0,5.0,,50.0,B
338447000,2019-05-08T11:06:51,38.96293,-75.19652,1.0,14.6,346.0,OSG HORIZON,IMO9436549,WDF6180,31.0,0.0,46.0,15.0,6.5,57.0,B
269021000,2019-05-08T11:06:52,39.31984,-75.40138,11.1,-89.6,318.0,THORCO BASILISK,IMO9539377,HBLG,70.0,0.0,161.0,25.0,8.6,,B
366914210,2019-05-08T11:06:51,38.96718,-74.96122,2.4,-156.5,274.0,DELAWARE,IMO8990304,WYU8553,60.0,0.0,91.0,20.0,,,A
367120230,2019-05-08T11:07:02,39.1921,-75.27949,10.3,156.6,511.0,SONIE,IMO9373723,WDD2812,31.0,0.0,24.0,9.0,4.0,52.0,B
367349860,2019-05-08T11:07:01,39.02475,-75.15316,8.6,-71.8,338.0,LINDA MORAN,IMO9398565,WDE4187,31.0,12.0,36.0,11.0,4.6,57.0,B
240463000,2019-05-08T11:07:04,38.93892,-75.1704,0.0,9.0,341.0,BOUBOULINA,IMO9298753,SZIS,80.0,1.0,274.0,50.0,17.0,80.0,A
366889080,2019-05-08T11:07:05,38.91162,-75.08839,10.5,-66.8,343.0,ADVENTURER,IMO7507411,WBN3015,31.0,0.0,41.0,11.0,5.2,32.0,A
220198000,2019-05-08T11:07:40,38.83506,-75.07809,12.6,175.3,175.0,OLGA MAERSK,IMO9251614,OXBB2,70.0,0.0,237.0,32.0,12.0,,B
367360320,2019-05-08T11:07:21,39.16011,-75.06259,7.2,-142.0,511.0,MORNING STAR,IMO0000000,WDE4969,30.0,,22.0,7.0,,,B
367539750,2019-05-08T11:07:48,38.98601,-74.97852,3.8,26.5,511.0,ONNERED,,WDG4753,30.0,,18.0,6.0,,,B
316036348,2019-05-08T11:07:33,39.35591,-75.451,26.6,144.8,511.0,OVERDRAFT,IMO0000000,,37.0,,10.0,2.0,,,B
367100370,2019-05-08T11:07:49,38.83211,-75.08269,6.6,44.7,511.0,LEWES,,WDC9301,50.0,0.0,16.0,5.0,,50.0,B
338447000,2019-05-08T11:07:52,38.96317,-75.19642,0.9,29.2,346.0,OSG HORIZON,IMO9436549,WDF6180,31.0,0.0,46.0,15.0,6.5,57.0,B
367490480,2019-05-08T11:08:04,38.99018,-74.97774,0.8,-57.9,511.0,EVA MARIE,IMO8969408,WDH3461,30.0,,26.0,7.0,,,B
269021000,2019-05-08T11:07:53,39.32217,-75.404,10.9,-91.6,317.0,THORCO BASILISK,IMO9539377,HBLG,70.0,0.0,161.0,25.0,8.6,,B
368058330,2019-05-08T11:08:19,39.09029,-75.1296,1.6,112.7,511.0,PURPLE  HAYS,,WDC9127,52.0,0.0,24.0,8.0,3.0,52.0,B
538004030,2019-05-08T11:08:14,38.92674,-75.15811,0.0,-103.4,327.0,FRIO,IMO9596985,V7UU3,80.0,1.0,274.0,48.0,17.1,89.0,A
366889080,2019-05-08T11:08:15,38.91473,-75.08975,10.5,-70.8,341.0,ADVENTURER,IMO7507411,WBN3015,31.0,0.0,41.0,11.0,5.2,32.0,A
367120230,2019-05-08T11:08:11,39.1893,-75.27741,10.3,144.9,511.0,SONIE,IMO9373723,WDD2812,31.0,0.0,24.0,9.0,4.0,52.0,B
367470320,2019-05-08T11:08:19,38.99037,-74.97776,0.8,-72.9,511.0,CHARISMA,,WDF6070,30.0,,13.0,,,,B
311073800,2019-05-08T11:08:35,38.9847,-75.21101,0.0,-102.1,295.0,EURO,IMO9567702,C6AA5,84.0,1.0,274.0,48.0,-11.5,84.0,A
220198000,2019-05-08T11:08:46,38.83161,-75.07769,11.0,175.8,175.0,OLGA MAERSK,IMO9251614,OXBB2,70.0,0.0,237.0,32.0,12.0,,B
366914210,2019-05-08T11:08:02,38.96702,-74.96296,5.6,-143.1,268.0,DELAWARE,IMO8990304,WYU8553,60.0,0.0,91.0,20.0,,,B
367100370,2019-05-08T11:08:54,38.83096,-75.07807,17.3,155.9,511.0,LEWES,,WDC9301,50.0,0.0,16.0,5.0,,50.0,B
367317410,2019-05-08T11:08:49,38.98838,-74.97731,0.8,-65.5,511.0,OPPORTUNE,,WDD9868,30.0,,16.0,5.0,,,B
367360320,2019-05-08T11:08:51,39.15897,-75.06599,7.1,-159.5,511.0,MORNING STAR,IMO0000000,WDE4969,30.0,,22.0,7.0,,,B
367349860,2019-05-08T11:09:12,39.02956,-75.15568,8.7,-71.9,338.0,LINDA MORAN,IMO9398565,WDE4187,31.0,12.0,36.0,11.0,4.6,57.0,B
316036348,2019-05-08T11:09:33,39.34434,-75.43992,25.1,142.9,511.0,OVERDRAFT,IMO0000000,,37.0,,10.0,2.0,,,B
367539750,2019-05-08T11:09:18,38.98694,-74.97783,1.6,43.2,511.0,ONNERED,,WDG4753,30.0,,18.0,6.0,,,B
367120230,2019-05-08T11:09:22,39.18619,-75.27537,10.4,149.2,511.0,SONIE,IMO9373723,WDD2812,31.0,0.0,24.0,9.0,4.0,52.0,B
269021000,2019-05-08T11:09:02,39.32483,-75.407,11.0,-91.6,317.0,THORCO BASILISK,IMO9539377,HBLG,70.0,0.0,161.0,25.0,8.6,,B
366914210,2019-05-08T11:09:12,38.9669,-74.96548,6.1,-142.6,266.0,DELAWARE,IMO8990304,WYU8553,60.0,0.0,91.0,20.0,,,B
366889080,2019-05-08T11:09:27,38.91803,-75.09123,10.5,-68.5,342.0,ADVENTURER,IMO7507411,WBN3015,31.0,0.0,41.0,11.0,5.2,32.0,A
369235000,2019-05-08T11:09:25,38.91518,-75.13648,0.1,-170.2,357.0,OSG VISION,IMO9436537,WDF2493,31.0,1.0,46.0,15.0,6.5,57.0,A
538006702,2019-05-08T11:09:29,38.96421,-75.19548,0.0,-182.6,327.0,NAMSEN,IMO9761528,V7QJ6,80.0,1.0,,,,,A
368058330,2019-05-08T11:09:29,39.09011,-75.12905,1.3,114.5,511.0,PURPLE  HAYS,,WDC9127,52.0,0.0,24.0,8.0,3.0,52.0,B
220198000,2019-05-08T11:06:35,38.8391,-75.07852,14.6,174.5,175.0,OLGA MAERSK,IMO9251614,OXBB2,70.0,0.0,237.0,32.0,12.0,,B
220198000,2019-05-08T11:09:47,38.8287,-75.07733,10.1,174.2,175.0,OLGA MAERSK,IMO9251614,OXBB2,70.0,0.0,237.0,32.0,12.0,,B
338447000,2019-05-08T11:10:21,38.96369,-75.19595,0.7,22.6,329.0,OSG HORIZON,IMO9436549,WDF6180,31.0,0.0,46.0,15.0,6.5,57.0,B
368058330,2019-05-08T11:06:49,39.09057,-75.13038,1.7,112.3,511.0,PURPLE  HAYS,,WDC9127,52.0,0.0,24.0,8.0,3.0,52.0,B
367100370,2019-05-08T11:10:06,38.82726,-75.07739,10.0,177.9,511.0,LEWES,,WDC9301,50.0,0.0,16.0,5.0,,50.0,B
366914210,2019-05-08T11:10:21,38.96683,-74.9683,8.1,-138.6,266.0,DELAWARE,IMO8990304,WYU8553,60.0,0.0,91.0,20.0,,,B
240463000,2019-05-08T11:10:06,38.939,-75.17043,0.0,9.0,342.0,BOUBOULINA,IMO9298753,SZIS,80.0,1.0,274.0,50.0,17.0,80.0,A
269021000,2019-05-08T11:10:05,39.32717,-75.40967,11.1,-92.6,316.0,THORCO BASILISK,IMO9539377,HBLG,70.0,0.0,161.0,25.0,8.6,,A
367360320,2019-05-08T11:10:21,39.15838,-75.06976,7.1,-148.7,511.0,MORNING STAR,IMO0000000,WDE4969,30.0,,22.0,7.0,,,B
367349860,2019-05-08T11:10:21,39.03218,-75.15706,8.7,-71.9,338.0,LINDA MORAN,IMO9398565,WDE4187,31.0,12.0,36.0,11.0,4.6,57.0,B
367120230,2019-05-08T11:10:32,39.18322,-75.2732,10.7,153.3,511.0,SONIE,IMO9373723,WDD2812,31.0,0.0,24.0,9.0,4.0,52.0,B
366889080,2019-05-08T11:10:33,38.92109,-75.0925,10.5,-66.6,344.0,ADVENTURER,IMO7507411,WBN3015,31.0,0.0,41.0,11.0,5.2,32.0,A
368058330,2019-05-08T11:10:39,39.08994,-75.12854,1.3,113.4,511.0,PURPLE  HAYS,,WDC9127,52.0,0.0,24.0,8.0,3.0,52.0,B
316036348,2019-05-08T11:11:02,39.33631,-75.43192,24.5,142.4,511.0,OVERDRAFT,IMO0000000,,37.0,,10.0,2.0,,,B
367349860,2019-05-08T11:08:11,39.02733,-75.15454,8.7,-71.8,338.0,LINDA MORAN,IMO9398565,WDE4187,31.0,12.0,36.0,11.0,4.6,57.0,B
338447000,2019-05-08T11:09:01,38.96341,-75.19616,1.1,39.0,339.0,OSG HORIZON,IMO9436549,WDF6180,31.0,0.0,46.0,15.0,6.5,57.0,B
367100370,2019-05-08T11:11:12,38.82449,-75.07706,8.6,177.5,511.0,LEWES,,WDC9301,50.0,0.0,16.0,5.0,,50.0,B
269021000,2019-05-08T11:11:13,39.32983,-75.41283,11.1,-92.6,316.0,THORCO BASILISK,IMO9539377,HBLG,70.0,0.0,161.0,25.0,8.6,,B
367470320,2019-05-08T11:11:19,38.99101,-74.97791,1.1,3.6,511.0,CHARISMA,,WDF6070,30.0,,13.0,,,,B
367349860,2019-05-08T11:11:22,39.03444,-75.15824,8.7,-72.0,338.0,LINDA MORAN,IMO9398565,WDE4187,31.0,12.0,36.0,11.0,4.6,57.0,B
367120230,2019-05-08T11:11:41,39.18021,-75.2712,10.8,153.2,511.0,SONIE,IMO9373723,WDD2812,31.0,0.0,24.0,9.0,4.0,52.0,B
220198000,2019-05-08T11:10:58,38.82559,-75.07686,9.2,171.0,183.0,OLGA MAERSK,IMO9251614,OXBB2,70.0,0.0,237.0,32.0,12.0,,A
366914210,2019-05-08T11:11:25,38.96603,-74.97129,9.7,-175.8,225.0,DELAWARE,IMO8990304,WYU8553,60.0,0.0,91.0,20.0,,,A
338447000,2019-05-08T11:11:32,38.96381,-75.19588,0.1,25.2,327.0,OSG HORIZON,IMO9436549,WDF6180,31.0,0.0,46.0,15.0,6.5,57.0,B
367490480,2019-05-08T11:11:04,38.99078,-74.97787,0.7,-54.3,511.0,EVA MARIE,IMO8969408,WDH3461,30.0,,26.0,7.0,,,B
366889080,2019-05-08T11:11:47,38.92453,-75.09387,10.4,-68.7,341.0,ADVENTURER,IMO7507411,WBN3015,31.0,0.0,41.0,11.0,5.2,32.0,B
367317410,2019-05-08T11:11:49,38.98876,-74.97737,0.5,-52.7,511.0,OPPORTUNE,,WDD9868,30.0,,16.0,5.0,,,B
367539750,2019-05-08T11:11:18,38.98729,-74.97704,1.6,62.7,511.0,ONNERED,,WDG4753,30.0,,18.0,6.0,,,B
368058330,2019-05-08T11:11:49,39.08976,-75.12807,1.2,116.6,511.0,PURPLE  HAYS,,WDC9127,52.0,0.0,24.0,8.0,3.0,52.0,B
367360320,2019-05-08T11:11:51,39.15768,-75.07348,7.1,-154.0,511.0,MORNING STAR,IMO0000000,WDE4969,30.0,,22.0,7.0,,,B
311073800,2019-05-08T11:11:34,38.98469,-75.21104,0.0,-78.5,294.0,EURO,IMO9567702,C6AA5,84.0,1.0,274.0,48.0,-11.5,84.0,A
538004030,2019-05-08T11:11:15,38.92675,-75.15813,0.0,-122.2,327.0,FRIO,IMO9596985,V7UU3,80.0,1.0,274.0,48.0,17.1,89.0,A
367349860,2019-05-08T11:12:32,39.03712,-75.1597,8.7,-71.8,338.0,LINDA MORAN,IMO9398565,WDE4187,31.0,12.0,36.0,11.0,4.6,57.0,B
220198000,2019-05-08T11:12:08,38.82282,-75.07697,8.3,185.8,198.0,OLGA MAERSK,IMO9251614,OXBB2,70.0,0.0,237.0,32.0,12.0,,B
367100370,2019-05-08T11:12:18,38.82196,-75.07745,7.9,190.0,511.0,LEWES,,WDC9301,50.0,0.0,16.0,5.0,,50.0,B
269021000,2019-05-08T11:12:21,39.33233,-75.41583,11.2,-91.6,316.0,THORCO BASILISK,IMO9539377,HBLG,70.0,0.0,161.0,25.0,8.6,,B
369235000,2019-05-08T11:12:25,38.91521,-75.13662,0.1,-131.2,3.0,OSG VISION,IMO9436537,WDF2493,31.0,1.0,46.0,15.0,6.5,57.0,A
366914210,2019-05-08T11:12:32,38.9639,-74.97453,11.0,-180.5,225.0,DELAWARE,IMO8990304,WYU8553,60.0,0.0,91.0,20.0,,,B
338447000,2019-05-08T11:12:40,38.96384,-75.19589,0.0,25.2,326.0,OSG HORIZON,IMO9436549,WDF6180,31.0,0.0,46.0,15.0,6.5,57.0,B
240463000,2019-05-08T11:13:03,38.93902,-75.17045,0.0,9.0,344.0,BOUBOULINA,IMO9298753,SZIS,80.0,1.0,274.0,50.0,17.0,80.0,A
538006702,2019-05-08T11:12:28,38.96425,-75.19541,0.0,-182.6,324.0,NAMSEN,IMO9761528,V7QJ6,80.0,1.0,,,,,A
366889080,2019-05-08T11:12:53,38.9276,-75.09518,10.4,-68.5,343.0,ADVENTURER,IMO7507411,WBN3015,31.0,0.0,41.0,11.0,5.2,32.0,A
367120230,2019-05-08T11:12:51,39.17707,-75.2691,10.9,151.2,511.0,SONIE,IMO9373723,WDD2812,31.0,0.0,24.0,9.0,4.0,52.0,B
367100370,2019-05-08T11:13:20,38.81855,-75.08154,22.1,-179.8,511.0,LEWES,,WDC9301,50.0,0.0,16.0,5.0,,50.0,A
368058330,2019-05-08T11:12:58,39.08957,-75.12765,1.2,121.0,511.0,PURPLE  HAYS,,WDC9127,52.0,0.0,24.0,8.0,3.0,52.0,B
367360320,2019-05-08T11:13:51,39.15666,-75.07842,7.1,-154.9,511.0,MORNING STAR,IMO0000000,WDE4969,30.0,,22.0,7.0,,,B
269021000,2019-05-08T11:13:31,39.335,-75.419,11.2,-92.6,316.0,THORCO BASILISK,IMO9539377,HBLG,70.0,0.0,161.0,25.0,8.6,,B
367349860,2019-05-08T11:13:43,39.0397,-75.16103,8.7,-72.0,337.0,LINDA MORAN,IMO9398565,WDE4187,31.0,12.0,36.0,11.0,4.6,57.0,B
338447000,2019-05-08T11:13:52,38.9638,-75.19587,0.0,25.2,325.0,OSG HORIZON,IMO9436549,WDF6180,31.0,0.0,46.0,15.0,6.5,57.0,B
367100370,2019-05-08T11:14:22,38.81433,-75.08816,23.3,-173.3,511.0,LEWES,,WDC9301,50.0,0.0,16.0,5.0,,50.0,B
367490480,2019-05-08T11:14:04,38.99156,-74.97789,0.9,3.1,511.0,EVA MARIE,IMO8969408,WDH3461,30.0,,26.0,7.0,,,B
367120230,2019-05-08T11:14:01,39.17396,-75.26685,11.0,151.2,511.0,SONIE,IMO9373723,WDD2812,31.0,0.0,24.0,9.0,4.0,52.0,B
366914210,2019-05-08T11:13:42,38.96154,-74.97801,11.0,-179.3,226.0,DELAWARE,IMO8990304,WYU8553,60.0,0.0,91.0,20.0,,,B
368058330,2019-05-08T11:14:09,39.08938,-75.1273,0.9,124.6,511.0,PURPLE  HAYS,,WDC9127,52.0,0.0,24.0,8.0,3.0,52.0,B
538004030,2019-05-08T11:14:15,38.92674,-75.15817,0.0,-149.2,328.0,FRIO,IMO9596985,V7UU3,80.0,1.0,274.0,48.0,17.1,89.0,A
311073800,2019-05-08T11:14:34,38.98468,-75.21105,0.0,-78.5,295.0,EURO,IMO9567702,C6AA5,84.0,1.0,274.0,48.0,-11.5,84.0,A
367470320,2019-05-08T11:14:19,38.99178,-74.97791,1.0,5.0,511.0,CHARISMA,,WDF6070,30.0,,13.0,,,,B
367317410,2019-05-08T11:14:49,38.9892,-74.97747,0.6,-69.9,511.0,OPPORTUNE,,WDD9868,30.0,,16.0,5.0,,,B
220198000,2019-05-08T11:13:17,38.82032,-75.07777,7.8,197.3,197.0,OLGA MAERSK,IMO9251614,OXBB2,70.0,0.0,237.0,32.0,12.0,,B
367360320,2019-05-08T11:15:21,39.15558,-75.08189,7.1,-154.5,511.0,MORNING STAR,IMO0000000,WDE4969,30.0,,22.0,7.0,,,B
269021000,2019-05-08T11:14:42,39.33767,-75.42233,11.2,-92.6,317.0,THORCO BASILISK,IMO9539377,HBLG,70.0,0.0,161.0,25.0,8.6,,B
367349860,2019-05-08T11:14:52,39.04227,-75.16236,8.7,-71.9,338.0,LINDA MORAN,IMO9398565,WDE4187,31.0,12.0,36.0,11.0,4.6,57.0,B
366914210,2019-05-08T11:14:52,38.9592,-74.98145,11.1,-179.6,227.0,DELAWARE,IMO8990304,WYU8553,60.0,0.0,91.0,20.0,,,B
338447000,2019-05-08T11:15:01,38.96384,-75.19585,0.0,25.2,325.0,OSG HORIZON,IMO9436549,WDF6180,31.0,0.0,46.0,15.0,6.5,57.0,B
368058330,2019-05-08T11:15:19,39.08918,-75.12699,1.0,126.8,511.0,PURPLE  HAYS,,WDC9127,52.0,0.0,24.0,8.0,3.0,52.0,B
367120230,2019-05-08T11:15:12,39.17078,-75.26459,10.7,149.1,511.0,SONIE,IMO9373723,WDD2812,31.0,0.0,24.0,9.0,4.0,52.0,B
538006702,2019-05-08T11:15:30,38.96428,-75.19532,0.0,-182.6,322.0,NAMSEN,IMO9761528,V7QJ6,80.0,1.0,,,,,A
367100370,2019-05-08T11:15:40,38.81017,-75.09719,22.5,-164.6,511.0,LEWES,,WDC9301,50.0,0.0,16.0,5.0,,50.0,B
369235000,2019-05-08T11:15:26,38.91529,-75.13681,0.2,-84.7,10.0,OSG VISION,IMO9436537,WDF2493,31.0,1.0,46.0,15.0,6.5,57.0,A
269021000,2019-05-08T11:15:53,39.34033,-75.4255,11.3,-92.6,317.0,THORCO BASILISK,IMO9539377,HBLG,70.0,0.0,161.0,25.0,8.6,,B
366889080,2019-05-08T11:13:55,38.9305,-75.09633,10.4,-67.3,343.0,ADVENTURER,IMO7507411,WBN3015,31.0,0.0,41.0,11.0,5.2,32.0,A
366889080,2019-05-08T11:16:27,38.93759,-75.09967,10.7,-70.5,340.0,ADVENTURER,IMO7507411,WBN3015,31.0,0.0,41.0,11.0,5.2,32.0,A
366914210,2019-05-08T11:16:02,38.95682,-74.98489,11.0,-185.2,220.0,DELAWARE,IMO8990304,WYU8553,60.0,0.0,91.0,20.0,,,B
367349860,2019-05-08T11:16:02,39.04486,-75.16373,8.7,-71.9,338.0,LINDA MORAN,IMO9398565,WDE4187,31.0,12.0,36.0,11.0,4.6,57.0,B
240463000,2019-05-08T11:16:03,38.93908,-75.17047,0.0,9.0,345.0,BOUBOULINA,IMO9298753,SZIS,80.0,1.0,274.0,50.0,17.0,80.0,A
316036348,2019-05-08T11:16:02,39.31048,-75.40319,25.0,133.2,511.0,OVERDRAFT,IMO0000000,,37.0,,10.0,2.0,,,B
338447000,2019-05-08T11:16:11,38.96387,-75.19587,0.1,25.2,326.0,OSG HORIZON,IMO9436549,WDF6180,31.0,0.0,46.0,15.0,6.5,57.0,B
367100370,2019-05-08T11:16:46,38.80686,-75.10491,22.6,-170.5,511.0,LEWES,,WDC9301,50.0,0.0,16.0,5.0,,50.0,B
367120230,2019-05-08T11:16:22,39.16792,-75.26225,10.3,145.0,511.0,SONIE,IMO9373723,WDD2812,31.0,0.0,24.0,9.0,4.0,52.0,B
368058330,2019-05-08T11:16:28,39.08899,-75.12669,0.8,132.9,511.0,PURPLE  HAYS,,WDC9127,52.0,0.0,24.0,8.0,3.0,52.0,B
269021000,2019-05-08T11:17:22,39.34382,-75.42968,11.4,-92.6,316.0,THORCO BASILISK,IMO9539377,HBLG,70.0,0.0,161.0,25.0,8.6,,B
367490480,2019-05-08T11:17:04,38.99241,-74.97771,1.5,30.8,511.0,EVA MARIE,IMO8969408,WDH3461,30.0,,26.0,7.0,,,B
367349860,2019-05-08T11:17:13,39.04755,-75.16512,8.7,-71.4,338.0,LINDA MORAN,IMO9398565,WDE4187,31.0,12.0,36.0,11.0,4.6,57.0,B
367470320,2019-05-08T11:17:19,38.99253,-74.97802,0.6,-63.0,511.0,CHARISMA,,WDF6070,30.0,,13.0,,,,B
338447000,2019-05-08T11:17:22,38.96391,-75.1959,0.1,25.2,327.0,OSG HORIZON,IMO9436549,WDF6180,31.0,0.0,46.0,15.0,6.5,57.0,B
367120230,2019-05-08T11:17:32,39.1651,-75.26003,10.2,147.6,511.0,SONIE,IMO9373723,WDD2812,31.0,0.0,24.0,9.0,4.0,52.0,B
366914210,2019-05-08T11:17:11,38.9543,-74.9881,11.1,-184.6,220.0,DELAWARE,IMO8990304,WYU8553,60.0,0.0,91.0,20.0,,,B
366889080,2019-05-08T11:15:25,38.93473,-75.09825,10.7,-70.3,340.0,ADVENTURER,IMO7507411,WBN3015,31.0,0.0,41.0,11.0,5.2,32.0,A
538004030,2019-05-08T11:17:14,38.92675,-75.15823,0.1,-125.8,330.0,FRIO,IMO9596985,V7UU3,80.0,1.0,274.0,48.0,17.1,89.0,A
366889080,2019-05-08T11:17:33,38.94062,-75.10112,10.8,-68.4,342.0,ADVENTURER,IMO7507411,WBN3015,31.0,0.0,41.0,11.0,5.2,32.0,A
367539750,2019-05-08T11:17:48,38.98929,-74.97672,0.9,6.5,511.0,ONNERED,,WDG4753,30.0,,18.0,6.0,,,B
368058330,2019-05-08T11:17:37,39.08881,-75.12643,0.9,132.8,511.0,PURPLE  HAYS,,WDC9127,52.0,0.0,24.0,8.0,3.0,52.0,B
311073800,2019-05-08T11:17:34,38.9847,-75.21108,0.1,-92.1,295.0,EURO,IMO9567702,C6AA5,84.0,1.0,274.0,48.0,-11.5,84.0,A
367360320,2019-05-08T11:17:50,39.15463,-75.08814,7.0,-153.3,511.0,MORNING STAR,IMO0000000,WDE4969,30.0,,22.0,7.0,,,B
367317410,2019-05-08T11:17:49,38.98961,-74.97761,0.6,-63.1,511.0,OPPORTUNE,,WDD9868,30.0,,16.0,5.0,,,B
367100370,2019-05-08T11:17:48,38.8039,-75.1123,22.9,-167.2,511.0,LEWES,,WDC9301,50.0,0.0,16.0,5.0,,50.0,B
369235000,2019-05-08T11:18:25,38.91537,-75.13702,0.1,-107.0,16.0,OSG VISION,IMO9436537,WDF2493,31.0,1.0,46.0,15.0,6.5,57.0,A
367100370,2019-05-08T11:18:52,38.79946,-75.11783,23.0,181.0,511.0,LEWES,,WDC9301,50.0,0.0,16.0,5.0,,50.0,B
269021000,2019-05-08T11:18:42,39.34683,-75.43333,11.5,-93.6,316.0,THORCO BASILISK,IMO9539377,HBLG,70.0,0.0,161.0,25.0,8.6,,B
366914210,2019-05-08T11:18:23,38.95168,-74.99147,11.0,-183.9,220.0,DELAWARE,IMO8990304,WYU8553,60.0,0.0,91.0,20.0,,,B
538006702,2019-05-08T11:18:29,38.96428,-75.19535,0.0,-182.6,323.0,NAMSEN,IMO9761528,V7QJ6,80.0,1.0,,,,,A
367349860,2019-05-08T11:18:23,39.05013,-75.16647,8.7,-71.5,337.0,LINDA MORAN,IMO9398565,WDE4187,31.0,12.0,36.0,11.0,4.6,57.0,B
368058330,2019-05-08T11:18:47,39.08862,-75.1262,0.9,137.6,511.0,PURPLE  HAYS,,WDC9127,52.0,0.0,24.0,8.0,3.0,52.0,B
338447000,2019-05-08T11:18:32,38.96392,-75.19589,0.0,25.2,326.0,OSG HORIZON,IMO9436549,WDF6180,31.0,0.0,46.0,15.0,6.5,57.0,B
240463000,2019-05-08T11:19:03,38.93913,-75.17045,0.0,3.0,345.0,BOUBOULINA,IMO9298753,SZIS,80.0,1.0,274.0,50.0,17.0,80.0,A
367360320,2019-05-08T11:18:51,39.15416,-75.09059,7.1,-153.9,511.0,MORNING STAR,IMO0000000,WDE4969,30.0,,22.0,7.0,,,B
338447000,2019-05-08T11:19:52,38.96396,-75.19596,0.1,-82.3,327.0,OSG HORIZON,IMO9436549,WDF6180,31.0,0.0,46.0,15.0,6.5,57.0,B
367120230,2019-05-08T11:20:12,39.15896,-75.25472,9.9,147.0,511.0,SONIE,IMO9373723,WDD2812,31.0,0.0,24.0,9.0,4.0,52.0,B
367600030,2019-05-08T11:19:35,38.79508,-75.10535,0.1,0.0,511.0,SUSAN CELESTE,,WDH2672,37.0,,12.0,,,,B
367100370,2019-05-08T11:19:58,38.7923,-75.11754,23.6,176.9,511.0,LEWES,,WDC9301,50.0,0.0,16.0,5.0,,50.0,B
316036348,2019-05-08T11:19:31,39.29334,-75.38124,24.9,132.0,511.0,OVERDRAFT,IMO0000000,,37.0,,10.0,2.0,,,B
367349860,2019-05-08T11:19:32,39.05276,-75.16782,8.6,-71.3,337.0,LINDA MORAN,IMO9398565,WDE4187,31.0,12.0,36.0,11.0,4.6,57.0,B
367470320,2019-05-08T11:19:35,38.99308,-74.97808,2.1,22.5,511.0,CHARISMA,,WDF6070,30.0,,13.0,,,,B
366889080,2019-05-08T11:18:39,38.94371,-75.1027,10.7,-76.0,333.0,ADVENTURER,IMO7507411,WBN3015,31.0,0.0,41.0,11.0,5.2,32.0,A
269021000,2019-05-08T11:19:53,39.3495,-75.43667,11.5,-92.6,316.0,THORCO BASILISK,IMO9539377,HBLG,70.0,0.0,161.0,25.0,8.6,,B
366889080,2019-05-08T11:19:42,38.94631,-75.1047,10.6,-83.1,328.0,ADVENTURER,IMO7507411,WBN3015,31.0,0.0,41.0,11.0,5.2,32.0,A
367490480,2019-05-08T11:20:05,38.99317,-74.97721,0.8,26.6,511.0,EVA MARIE,IMO8969408,WDH3461,30.0,,26.0,7.0,,,B
367539750,2019-05-08T11:19:16,38.9899,-74.97646,2.1,10.7,511.0,ONNERED,,WDG4753,30.0,,18.0,6.0,,,B
368058330,2019-05-08T11:19:58,39.08843,-75.12599,0.8,141.5,511.0,PURPLE  HAYS,,WDC9127,52.0,0.0,24.0,8.0,3.0,52.0,B
311073800,2019-05-08T11:20:33,38.98469,-75.21113,0.1,-129.2,295.0,EURO,IMO9567702,C6AA5,84.0,1.0,274.0,48.0,-11.5,84.0,A
366914210,2019-05-08T11:20:41,38.94675,-74.99816,11.2,-182.3,220.0,DELAWARE,IMO8990304,WYU8553,60.0,0.0,91.0,20.0,,,B
367100370,2019-05-08T11:21:10,38.7848,-75.1192,21.7,-203.2,511.0,LEWES,,WDC9301,50.0,0.0,16.0,5.0,,50.0,B
366889080,2019-05-08T11:20:47,38.94901,-75.10711,10.7,-85.1,325.0,ADVENTURER,IMO7507411,WBN3015,31.0,0.0,41.0,11.0,5.2,32.0,B
367360320,2019-05-08T11:20:50,39.15336,-75.09554,7.0,-148.9,511.0,MORNING STAR,IMO0000000,WDE4969,30.0,,22.0,7.0,,,B
367539750,2019-05-08T11:20:41,38.99052,-74.97662,1.3,-74.7,511.0,ONNERED,,WDG4753,30.0,,18.0,6.0,,,B
538004030,2019-05-08T11:20:17,38.92678,-75.15831,0.1,0.3,332.0,FRIO,IMO9596985,V7UU3,80.0,1.0,274.0,48.0,17.1,89.0,A
338447000,2019-05-08T11:21:01,38.96401,-75.19596,0.1,-78.3,327.0,OSG HORIZON,IMO9436549,WDF6180,31.0,0.0,46.0,15.0,6.5,57.0,B
368058330,2019-05-08T11:21:09,39.08822,-75.12579,0.7,147.3,511.0,PURPLE  HAYS,,WDC9127,52.0,0.0,24.0,8.0,3.0,52.0,B
269021000,2019-05-08T11:21:03,39.35233,-75.44,11.5,-92.6,317.0,THORCO BASILISK,IMO9539377,HBLG,70.0,0.0,161.0,25.0,8.6,,B
367470320,2019-05-08T11:21:00,38.99287,-74.97871,3.0,-121.4,511.0,CHARISMA,,WDF6070,30.0,,13.0,,,,B
369235000,2019-05-08T11:21:25,38.91545,-75.1372,0.2,-93.8,21.0,OSG VISION,IMO9436537,WDF2493,31.0,1.0,46.0,15.0,6.5,57.0,A
367120230,2019-05-08T11:21:22,39.15634,-75.25236,9.8,146.7,511.0,SONIE,IMO9373723,WDD2812,31.0,0.0,24.0,9.0,4.0,52.0,B
316036348,2019-05-08T11:18:02,39.30047,-75.39101,25.0,135.3,511.0,OVERDRAFT,IMO0000000,,37.0,,10.0,2.0,,,B
367120230,2019-05-08T11:18:41,39.16242,-75.25782,10.0,144.8,511.0,SONIE,IMO9373723,WDD2812,31.0,0.0,24.0,9.0,4.0,52.0,B
366914210,2019-05-08T11:19:32,38.94924,-74.99471,11.2,-182.9,221.0,DELAWARE,IMO8990304,WYU8553,60.0,0.0,91.0,20.0,,,B
367349860,2019-05-08T11:20:41,39.05528,-75.16911,8.6,-71.2,338.0,LINDA MORAN,IMO9398565,WDE4187,31.0,12.0,36.0,11.0,4.6,57.0,B
538006702,2019-05-08T11:21:31,38.96434,-75.19548,0.1,-182.6,328.0,NAMSEN,IMO9761528,V7QJ6,80.0,1.0,,,,,A
367317410,2019-05-08T11:20:49,38.99013,-74.97779,0.8,-67.6,511.0,OPPORTUNE,,WDD9868,30.0,,16.0,5.0,,,B
240463000,2019-05-08T11:22:06,38.93915,-75.17042,0.0,-61.6,347.0,BOUBOULINA,IMO9298753,SZIS,80.0,1.0,274.0,50.0,17.0,80.0,A
367470320,2019-05-08T11:22:31,38.99313,-74.97948,0.7,-109.5,511.0,CHARISMA,,WDF6070,30.0,,13.0,,,,B
269021000,2019-05-08T11:22:13,39.355,-75.44333,11.5,-93.6,317.0,THORCO BASILISK,IMO9539377,HBLG,70.0,0.0,161.0,25.0,8.6,,B
368058330,2019-05-08T11:22:27,39.08803,-75.12568,0.4,170.1,511.0,PURPLE  HAYS,,WDC9127,52.0,0.0,24.0,8.0,3.0,52.0,B
366914210,2019-05-08T11:21:52,38.94423,-75.00158,10.8,-183.0,220.0,DELAWARE,IMO8990304,WYU8553,60.0,0.0,91.0,20.0,,,B
367349860,2019-05-08T11:21:52,39.0579,-75.17042,8.6,-71.1,338.0,LINDA MORAN,IMO9398565,WDE4187,31.0,12.0,36.0,11.0,4.6,57.0,B
367360320,2019-05-08T11:21:51,39.15305,-75.09803,7.0,-149.2,511.0,MORNING STAR,IMO0000000,WDE4969,30.0,,22.0,7.0,,,B
366889080,2019-05-08T11:22:06,38.95233,-75.10987,11.0,-80.1,330.0,ADVENTURER,IMO7507411,WBN3015,31.0,0.0,41.0,11.0,5.2,32.0,B
338447000,2019-05-08T11:22:11,38.96404,-75.19602,0.1,-107.3,327.0,OSG HORIZON,IMO9436549,WDF6180,31.0,0.0,46.0,15.0,6.5,57.0,B
366914210,2019-05-08T11:23:01,38.94208,-75.00456,10.0,-181.5,220.0,DELAWARE,IMO8990304,WYU8553,60.0,0.0,91.0,20.0,,,B
538004030,2019-05-08T11:23:14,38.92682,-75.15833,0.1,-117.4,333.0,FRIO,IMO9596985,V7UU3,80.0,1.0,274.0,48.0,17.1,89.0,A
367120230,2019-05-08T11:22:32,39.15359,-75.25033,9.7,144.1,511.0,SONIE,IMO9373723,WDD2812,31.0,0.0,24.0,9.0,4.0,52.0,B
367600030,2019-05-08T11:22:35,38.79513,-75.10541,0.0,10.2,511.0,SUSAN CELESTE,,WDH2672,37.0,,12.0,,,,B
269021000,2019-05-08T11:23:22,39.35767,-75.4465,11.5,-90.6,319.0,THORCO BASILISK,IMO9539377,HBLG,70.0,0.0,161.0,25.0,8.6,,B
338447000,2019-05-08T11:23:32,38.9641,-75.19608,0.2,-128.7,328.0,OSG HORIZON,IMO9436549,WDF6180,31.0,0.0,46.0,15.0,6.5,57.0,B
367539750,2019-05-08T11:22:12,38.99095,-74.9769,0.5,-112.6,511.0,ONNERED,,WDG4753,30.0,,18.0,6.0,,,B
367349860,2019-05-08T11:23:02,39.06056,-75.17179,8.6,-71.1,337.0,LINDA MORAN,IMO9398565,WDE4187,31.0,12.0,36.0,11.0,4.6,57.0,B
367490480,2019-05-08T11:23:04,38.99387,-74.97699,1.3,-50.8,511.0,EVA MARIE,IMO8969408,WDH3461,30.0,,26.0,7.0,,,B
367120230,2019-05-08T11:24:01,39.15041,-75.24721,9.8,144.6,511.0,SONIE,IMO9373723,WDD2812,31.0,0.0,24.0,9.0,4.0,52.0,B
366889080,2019-05-08T11:23:22,38.95555,-75.11246,10.9,-82.9,324.0,ADVENTURER,IMO7507411,WBN3015,31.0,0.0,41.0,11.0,5.2,32.0,A
311073800,2019-05-08T11:23:34,38.98466,-75.21119,0.0,-145.3,296.0,EURO,IMO9567702,C6AA5,84.0,1.0,274.0,48.0,-11.5,84.0,A
316036348,2019-05-08T11:23:33,39.27916,-75.36138,22.4,127.5,511.0,OVERDRAFT,IMO0000000,,37.0,,10.0,2.0,,,B
368058330,2019-05-08T11:23:37,39.08787,-75.12571,0.4,188.0,511.0,PURPLE  HAYS,,WDC9127,52.0,0.0,24.0,8.0,3.0,52.0,B
367317410,2019-05-08T11:23:49,38.99066,-74.97797,0.8,-54.4,511.0,OPPORTUNE,,WDD9868,30.0,,16.0,5.0,,,B
367470320,2019-05-08T11:24:31,38.99347,-74.97979,2.1,-185.5,511.0,CHARISMA,,WDF6070,30.0,,13.0,,,,B
366889080,2019-05-08T11:25:13,38.96012,-75.1166,10.9,-82.7,328.0,ADVENTURER,IMO7507411,WBN3015,31.0,0.0,41.0,11.0,5.2,32.0,A
366914210,2019-05-08T11:25:01,38.93788,-75.01041,11.6,-182.4,220.0,DELAWARE,IMO8990304,WYU8553,60.0,0.0,91.0,20.0,,,B
538006702,2019-05-08T11:24:30,38.96438,-75.19567,0.1,-116.0,331.0,NAMSEN,IMO9761528,V7QJ6,80.0,1.0,,,,,A
269021000,2019-05-08T11:24:32,39.3605,-75.44967,11.5,-91.6,319.0,THORCO BASILISK,IMO9539377,HBLG,70.0,0.0,161.0,25.0,8.6,,B
338447000,2019-05-08T11:24:42,38.96412,-75.19619,0.2,-107.7,331.0,OSG HORIZON,IMO9436549,WDF6180,31.0,0.0,46.0,15.0,6.5,57.0,B
367349860,2019-05-08T11:24:11,39.06305,-75.17302,8.5,-70.9,337.0,LINDA MORAN,IMO9398565,WDE4187,31.0,12.0,36.0,11.0,4.6,57.0,B
368058330,2019-05-08T11:24:48,39.08768,-75.12571,0.6,172.5,511.0,PURPLE  HAYS,,WDC9127,52.0,0.0,24.0,8.0,3.0,52.0,B
367360320,2019-05-08T11:24:51,39.15201,-75.10545,6.9,-151.0,511.0,MORNING STAR,IMO0000000,WDE4969,30.0,,22.0,7.0,,,B
367539750,2019-05-08T11:25:11,38.99154,-74.97794,0.7,-102.8,511.0,ONNERED,,WDG4753,30.0,,18.0,6.0,,,B
367360320,2019-05-08T11:23:21,39.15252,-75.10174,7.0,-150.3,511.0,MORNING STAR,IMO0000000,WDE4969,30.0,,22.0,7.0,,,B
240463000,2019-05-08T11:25:06,38.93923,-75.17043,0.0,-57.6,347.0,BOUBOULINA,IMO9298753,SZIS,80.0,1.0,274.0,50.0,17.0,80.0,A
367600030,2019-05-08T11:25:35,38.79515,-75.10545,0.0,-70.2,511.0,SUSAN CELESTE,,WDH2672,37.0,,12.0,,,,B
367349860,2019-05-08T11:25:43,39.06643,-75.17472,8.5,-70.4,336.0,LINDA MORAN,IMO9398565,WDE4187,31.0,12.0,36.0,11.0,4.6,57.0,B
368058330,2019-05-08T11:25:49,39.08752,-75.12565,0.6,155.0,511.0,PURPLE  HAYS,,WDC9127,52.0,0.0,24.0,8.0,3.0,52.0,B
338447000,2019-05-08T11:25:51,38.96417,-75.19629,0.2,-105.8,333.0,OSG HORIZON,IMO9436549,WDF6180,31.0,0.0,46.0,15.0,6.5,57.0,B
367120230,2019-05-08T11:26:51,39.1442,-75.24147,9.7,144.1,511.0,SONIE,IMO9373723,WDD2812,31.0,0.0,24.0,9.0,4.0,52.0,B
367470320,2019-05-08T11:26:00,38.99419,-74.98256,5.7,-150.7,511.0,CHARISMA,,WDF6070,30.0,,13.0,,,,B
538004030,2019-05-08T11:26:17,38.92686,-75.15841,0.1,-85.0,334.0,FRIO,IMO9596985,V7UU3,80.0,1.0,274.0,48.0,17.1,89.0,A
366889080,2019-05-08T11:26:27,38.96332,-75.11908,10.9,-79.6,331.0,ADVENTURER,IMO7507411,WBN3015,31.0,0.0,41.0,11.0,5.2,32.0,B
367490480,2019-05-08T11:26:04,38.99453,-74.97696,1.7,-161.9,511.0,EVA MARIE,IMO8969408,WDH3461,30.0,,26.0,7.0,,,B
311073800,2019-05-08T11:26:32,38.98465,-75.21125,0.0,-123.9,297.0,EURO,IMO9567702,C6AA5,84.0,1.0,274.0,48.0,-11.5,84.0,A
367317410,2019-05-08T11:26:49,38.9913,-74.978,0.5,-50.7,511.0,OPPORTUNE,,WDD9868,30.0,,16.0,5.0,,,B
369235000,2019-05-08T11:24:25,38.91555,-75.13746,0.2,-109.9,27.0,OSG VISION,IMO9436537,WDF2493,31.0,1.0,46.0,15.0,6.5,57.0,A
269021000,2019-05-08T11:26:43,39.36567,-75.45567,11.7,-91.6,318.0,THORCO BASILISK,IMO9539377,HBLG,70.0,0.0,161.0,25.0,8.6,,B
367349860,2019-05-08T11:26:53,39.06901,-75.17602,8.5,-71.6,336.0,LINDA MORAN,IMO9398565,WDE4187,31.0,12.0,36.0,11.0,4.6,57.0,B
367360320,2019-05-08T11:27:21,39.15084,-75.11146,7.0,-155.1,511.0,MORNING STAR,IMO0000000,WDE4969,30.0,,22.0,7.0,,,B
366889080,2019-05-08T11:27:46,38.96684,-75.12156,10.9,-76.1,334.0,ADVENTURER,IMO7507411,WBN3015,31.0,0.0,41.0,11.0,5.2,32.0,B
368058330,2019-05-08T11:27:08,39.08732,-75.12544,0.7,132.1,511.0,PURPLE  HAYS,,WDC9127,52.0,0.0,24.0,8.0,3.0,52.0,B
338447000,2019-05-08T11:27:01,38.96419,-75.19635,0.2,-107.9,334.0,OSG HORIZON,IMO9436549,WDF6180,31.0,0.0,46.0,15.0,6.5,57.0,B
366914210,2019-05-08T11:27:22,38.93267,-75.01745,11.4,-182.9,220.0,DELAWARE,IMO8990304,WYU8553,60.0,0.0,91.0,20.0,,,B
269021000,2019-05-08T11:27:52,39.3685,-75.45883,11.6,-90.6,319.0,THORCO BASILISK,IMO9539377,HBLG,70.0,0.0,161.0,25.0,8.6,,B
369235000,2019-05-08T11:27:25,38.91564,-75.13778,0.3,-111.9,34.0,OSG VISION,IMO9436537,WDF2493,31.0,1.0,46.0,15.0,6.5,57.0,A
367120230,2019-05-08T11:25:11,39.1479,-75.24477,9.7,145.4,511.0,SONIE,IMO9373723,WDD2812,31.0,0.0,24.0,9.0,4.0,52.0,B
538006702,2019-05-08T11:27:31,38.96447,-75.19587,0.1,-110.5,335.0,NAMSEN,IMO9761528,V7QJ6,80.0,1.0,,,,,A
367490480,2019-05-08T11:27:33,38.99409,-74.98011,7.5,-151.6,511.0,EVA MARIE,IMO8969408,WDH3461,30.0,,26.0,7.0,,,B
316036348,2019-05-08T11:28:02,39.25903,-75.33286,24.1,133.0,511.0,OVERDRAFT,IMO0000000,,37.0,,10.0,2.0,,,B
240463000,2019-05-08T11:28:03,38.93935,-75.17045,0.0,-62.6,347.0,BOUBOULINA,IMO9298753,SZIS,80.0,1.0,274.0,50.0,17.0,80.0,A
367349860,2019-05-08T11:28:03,39.07154,-75.17736,8.5,-71.3,336.0,LINDA MORAN,IMO9398565,WDE4187,31.0,12.0,36.0,11.0,4.6,57.0,B
367120230,2019-05-08T11:28:02,39.14156,-75.23912,9.6,145.1,511.0,SONIE,IMO9373723,WDD2812,31.0,0.0,24.0,9.0,4.0,52.0,B
367539750,2019-05-08T11:28:11,38.99212,-74.97809,0.5,-58.8,511.0,ONNERED,,WDG4753,30.0,,18.0,6.0,,,B
367470320,2019-05-08T11:27:31,38.99367,-74.98647,6.9,-99.5,511.0,CHARISMA,,WDF6070,30.0,,13.0,,,,B
367349860,2019-05-08T11:29:31,39.0748,-75.17901,8.5,-71.2,336.0,LINDA MORAN,IMO9398565,WDE4187,31.0,12.0,36.0,11.0,4.6,57.0,B
366914210,2019-05-08T11:28:31,38.93014,-75.02087,11.6,-184.1,219.0,DELAWARE,IMO8990304,WYU8553,60.0,0.0,91.0,20.0,,,B
269021000,2019-05-08T11:25:41,39.36324,-75.45286,11.6,-90.6,318.0,THORCO BASILISK,IMO9539377,HBLG,70.0,0.0,161.0,25.0,8.6,,B
368058330,2019-05-08T11:28:18,39.08724,-75.12514,1.1,95.0,511.0,PURPLE  HAYS,,WDC9127,52.0,0.0,24.0,8.0,3.0,52.0,B
367600030,2019-05-08T11:28:36,38.79515,-75.10543,0.0,-50.8,511.0,SUSAN CELESTE,,WDH2672,37.0,,12.0,,,,B
538004030,2019-05-08T11:29:13,38.92694,-75.15845,0.1,-80.6,333.0,FRIO,IMO9596985,V7UU3,80.0,1.0,274.0,48.0,17.1,89.0,A
366889080,2019-05-08T11:28:47,38.96967,-75.12327,11.0,-72.7,339.0,ADVENTURER,IMO7507411,WBN3015,31.0,0.0,41.0,11.0,5.2,32.0,B
366914210,2019-05-08T11:26:13,38.93527,-75.014,11.5,-183.4,219.0,DELAWARE,IMO8990304,WYU8553,60.0,0.0,91.0,20.0,,,B
366914210,2019-05-08T11:29:33,38.9279,-75.02389,11.6,-183.1,221.0,DELAWARE,IMO8990304,WYU8553,60.0,0.0,91.0,20.0,,,B
369235000,2019-05-08T11:30:25,38.91579,-75.13812,0.4,-115.1,40.0,OSG VISION,IMO9436537,WDF2493,31.0,1.0,46.0,15.0,6.5,57.0,A
367490480,2019-05-08T11:29:03,38.99344,-74.98338,3.9,-153.5,511.0,EVA MARIE,IMO8969408,WDH3461,30.0,,26.0,7.0,,,B
311073800,2019-05-08T11:29:32,38.98465,-75.21131,0.1,-117.0,298.0,EURO,IMO9567702,C6AA5,84.0,1.0,274.0,48.0,-11.5,84.0,A
366889080,2019-05-08T11:29:49,38.97254,-75.12479,10.9,-72.5,338.0,ADVENTURER,IMO7507411,WBN3015,31.0,0.0,41.0,11.0,5.2,32.0,B
368058330,2019-05-08T11:29:27,39.08728,-75.12466,1.4,78.9,511.0,PURPLE  HAYS,,WDC9127,52.0,0.0,24.0,8.0,3.0,52.0,B
367317410,2019-05-08T11:29:49,38.99193,-74.97799,0.8,-52.1,511.0,OPPORTUNE,,WDD9868,30.0,,16.0,5.0,,,B
367360320,2019-05-08T11:30:20,39.14997,-75.11898,7.0,-148.4,511.0,MORNING STAR,IMO0000000,WDE4969,30.0,,22.0,7.0,,,B
367120230,2019-05-08T11:31:02,39.1353,-75.23314,9.2,145.4,511.0,SONIE,IMO9373723,WDD2812,31.0,0.0,24.0,9.0,4.0,52.0,B
367490480,2019-05-08T11:30:04,38.99332,-74.98447,2.7,-141.3,511.0,EVA MARIE,IMO8969408,WDH3461,30.0,,26.0,7.0,,,B
367090620,2019-05-08T11:31:17,38.94441,-75.31015,1.4,-152.1,511.0,BREAKWATER,,WYH7020,60.0,15.0,14.0,4.0,,,B
368058330,2019-05-08T11:30:39,39.08743,-75.12404,1.5,69.5,511.0,PURPLE  HAYS,,WDC9127,52.0,0.0,24.0,8.0,3.0,52.0,B
366914210,2019-05-08T11:30:43,38.92526,-75.02741,11.7,-183.1,220.0,DELAWARE,IMO8990304,WYU8553,60.0,0.0,91.0,20.0,,,B
367470320,2019-05-08T11:30:31,38.99303,-74.98575,7.3,50.3,511.0,CHARISMA,,WDF6070,30.0,,13.0,,,,B
367539750,2019-05-08T11:31:12,38.99251,-74.97878,0.3,41.7,511.0,ONNERED,,WDG4753,30.0,,18.0,6.0,,,B
240463000,2019-05-08T11:31:06,38.93937,-75.17045,0.0,-62.6,348.0,BOUBOULINA,IMO9298753,SZIS,80.0,1.0,274.0,50.0,17.0,80.0,A
338447000,2019-05-08T11:30:51,38.96434,-75.19658,0.1,-100.3,338.0,OSG HORIZON,IMO9436549,WDF6180,31.0,0.0,46.0,15.0,6.5,57.0,B
338447000,2019-05-08T11:28:11,38.96425,-75.19642,0.2,-103.2,336.0,OSG HORIZON,IMO9436549,WDF6180,31.0,0.0,46.0,15.0,6.5,57.0,B
366889080,2019-05-08T11:31:05,38.97609,-75.12671,11.0,-73.2,337.0,ADVENTURER,IMO7507411,WBN3015,31.0,0.0,41.0,11.0,5.2,32.0,B
269021000,2019-05-08T11:32:01,39.3785,-75.4705,11.7,-89.6,319.0,THORCO BASILISK,IMO9539377,HBLG,70.0,0.0,161.0,25.0,8.6,,A
368058330,2019-05-08T11:31:58,39.08773,-75.12325,1.8,64.7,511.0,PURPLE  HAYS,,WDC9127,52.0,0.0,24.0,8.0,3.0,52.0,B
338447000,2019-05-08T11:32:00,38.96438,-75.19662,0.1,-94.7,339.0,OSG HORIZON,IMO9436549,WDF6180,31.0,0.0,46.0,15.0,6.5,57.0,B
367470320,2019-05-08T11:29:01,38.9941,-74.98671,4.7,79.5,511.0,CHARISMA,,WDF6070,30.0,,13.0,,,,B
269021000,2019-05-08T11:29:02,39.37133,-75.46217,11.7,-91.6,318.0,THORCO BASILISK,IMO9539377,HBLG,70.0,0.0,161.0,25.0,8.6,,B
367120230,2019-05-08T11:29:11,39.13923,-75.23669,9.5,140.1,511.0,SONIE,IMO9373723,WDD2812,31.0,0.0,24.0,9.0,4.0,52.0,B
338447000,2019-05-08T11:29:41,38.96429,-75.19653,0.2,-99.1,337.0,OSG HORIZON,IMO9436549,WDF6180,31.0,0.0,46.0,15.0,6.5,57.0,B
269021000,2019-05-08T11:30:52,39.37567,-75.46717,11.6,-91.6,318.0,THORCO BASILISK,IMO9539377,HBLG,70.0,0.0,161.0,25.0,8.6,,B
367349860,2019-05-08T11:30:53,39.07786,-75.18059,8.6,-72.1,335.0,LINDA MORAN,IMO9398565,WDE4187,31.0,12.0,36.0,11.0,4.6,57.0,B
538006702,2019-05-08T11:30:31,38.96453,-75.19601,0.1,-110.5,338.0,NAMSEN,IMO9761528,V7QJ6,80.0,1.0,,,,,A
366889080,2019-05-08T11:32:27,38.97992,-75.12875,10.8,-72.1,339.0,ADVENTURER,IMO7507411,WBN3015,31.0,0.0,41.0,11.0,5.2,32.0,B
367349860,2019-05-08T11:32:41,39.08168,-75.1828,8.4,-81.3,326.0,LINDA MORAN,IMO9398565,WDE4187,31.0,12.0,36.0,11.0,4.6,57.0,B
366914210,2019-05-08T11:32:42,38.92074,-75.03338,11.7,-183.9,221.0,DELAWARE,IMO8990304,WYU8553,60.0,0.0,91.0,20.0,,,B
367490480,2019-05-08T11:31:33,38.9934,-74.98564,1.7,-120.5,511.0,EVA MARIE,IMO8969408,WDH3461,30.0,,26.0,7.0,,,B
367120230,2019-05-08T11:32:51,39.13146,-75.22979,9.3,148.0,511.0,SONIE,IMO9373723,WDD2812,31.0,0.0,24.0,9.0,4.0,52.0,B
367600030,2019-05-08T11:31:35,38.79511,-75.10549,0.1,-76.1,511.0,SUSAN CELESTE,,WDH2672,37.0,,12.0,,,,B
367490480,2019-05-08T11:33:03,38.99381,-74.98657,2.2,-78.9,511.0,EVA MARIE,IMO8969408,WDH3461,30.0,,26.0,7.0,,,B
367470320,2019-05-08T11:32:01,38.99609,-74.98679,7.7,-82.9,511.0,CHARISMA,,WDF6070,30.0,,13.0,,,,B
367090620,2019-05-08T11:32:26,38.94001,-75.303,26.8,129.6,511.0,BREAKWATER,,WYH7020,60.0,15.0,14.0,4.0,,,B
367360320,2019-05-08T11:32:20,39.14929,-75.12398,7.1,-148.0,511.0,MORNING STAR,IMO0000000,WDE4969,30.0,,22.0,7.0,,,B
311073800,2019-05-08T11:32:36,38.98466,-75.21134,0.1,-98.4,298.0,EURO,IMO9567702,C6AA5,84.0,1.0,274.0,48.0,-11.5,84.0,A
538004030,2019-05-08T11:32:14,38.92698,-75.15852,0.1,-86.3,333.0,FRIO,IMO9596985,V7UU3,80.0,1.0,274.0,48.0,17.1,89.0,A
366889080,2019-05-08T11:33:46,38.98365,-75.13071,11.0,-72.1,339.0,ADVENTURER,IMO7507411,WBN3015,31.0,0.0,41.0,11.0,5.2,32.0,B
367360320,2019-05-08T11:33:51,39.14877,-75.1278,7.2,-151.0,511.0,MORNING STAR,IMO0000000,WDE4969,30.0,,22.0,7.0,,,B
368058330,2019-05-08T11:32:59,39.08796,-75.12264,1.8,64.9,511.0,PURPLE  HAYS,,WDC9127,52.0,0.0,24.0,8.0,3.0,52.0,B
368058330,2019-05-08T11:34:08,39.08827,-75.12188,2.4,62.0,511.0,PURPLE  HAYS,,WDC9127,52.0,0.0,24.0,8.0,3.0,52.0,B
269021000,2019-05-08T11:34:11,39.38383,-75.4765,11.8,-92.6,318.0,THORCO BASILISK,IMO9539377,HBLG,70.0,0.0,161.0,25.0,8.6,,B
367349860,2019-05-08T11:34:12,39.0847,-75.18531,8.5,-83.0,325.0,LINDA MORAN,IMO9398565,WDE4187,31.0,12.0,36.0,11.0,4.6,57.0,B
338447000,2019-05-08T11:33:11,38.96439,-75.19668,0.1,-106.7,340.0,OSG HORIZON,IMO9436549,WDF6180,31.0,0.0,46.0,15.0,6.5,57.0,B
538006702,2019-05-08T11:33:29,38.9646,-75.19615,0.1,-110.5,341.0,NAMSEN,IMO9761528,V7QJ6,80.0,1.0,,,,,A
369235000,2019-05-08T11:33:25,38.91593,-75.13845,0.4,-96.0,47.0,OSG VISION,IMO9436537,WDF2493,31.0,1.0,46.0,15.0,6.5,57.0,A
367317410,2019-05-08T11:32:48,38.99259,-74.97796,0.8,1.9,511.0,OPPORTUNE,,WDD9868,30.0,,16.0,5.0,,,B
367470320,2019-05-08T11:33:31,38.99629,-74.98745,8.4,-193.7,511.0,CHARISMA,,WDF6070,30.0,,13.0,,,,B
367090620,2019-05-08T11:34:43,38.93978,-75.28406,24.9,77.6,511.0,BREAKWATER,,WYH7020,60.0,15.0,14.0,4.0,,,B
366914210,2019-05-08T11:33:53,38.9181,-75.03696,11.8,-184.0,220.0,DELAWARE,IMO8990304,WYU8553,60.0,0.0,91.0,20.0,,,B
367120230,2019-05-08T11:34:02,39.12899,-75.22739,9.3,142.4,511.0,SONIE,IMO9373723,WDD2812,31.0,0.0,24.0,9.0,4.0,52.0,B
240463000,2019-05-08T11:34:04,38.9394,-75.17048,0.0,-80.6,349.0,BOUBOULINA,IMO9298753,SZIS,80.0,1.0,274.0,50.0,17.0,80.0,A
538004030,2019-05-08T11:35:14,38.92704,-75.15861,0.1,-97.6,332.0,FRIO,IMO9596985,V7UU3,80.0,1.0,274.0,48.0,17.1,89.0,A
338447000,2019-05-08T11:34:21,38.96444,-75.19674,0.1,-93.9,341.0,OSG HORIZON,IMO9436549,WDF6180,31.0,0.0,46.0,15.0,6.5,57.0,B
367349860,2019-05-08T11:35:23,39.08706,-75.18727,8.6,-83.1,325.0,LINDA MORAN,IMO9398565,WDE4187,31.0,12.0,36.0,11.0,4.6,57.0,B
367090620,2019-05-08T11:33:27,38.93771,-75.29513,25.7,74.6,511.0,BREAKWATER,,WYH7020,60.0,15.0,14.0,4.0,,,B
367539750,2019-05-08T11:34:12,38.99306,-74.97844,1.1,20.8,511.0,ONNERED,,WDG4753,30.0,,18.0,6.0,,,B
367490480,2019-05-08T11:34:34,38.99451,-74.98677,1.5,6.4,511.0,EVA MARIE,IMO8969408,WDH3461,30.0,,26.0,7.0,,,B
366889080,2019-05-08T11:34:48,38.98656,-75.13225,11.2,-72.0,339.0,ADVENTURER,IMO7507411,WBN3015,31.0,0.0,41.0,11.0,5.2,32.0,B
367600030,2019-05-08T11:34:36,38.79511,-75.10549,0.0,-65.1,511.0,SUSAN CELESTE,,WDH2672,37.0,,12.0,,,,B
269021000,2019-05-08T11:35:41,39.3875,-75.48067,11.7,-90.6,318.0,THORCO BASILISK,IMO9539377,HBLG,70.0,0.0,161.0,25.0,8.6,,B
367470320,2019-05-08T11:35:00,38.9935,-74.9883,6.0,-151.0,511.0,CHARISMA,,WDF6070,30.0,,13.0,,,,B
366889080,2019-05-08T11:36:07,38.99031,-75.13432,11.0,-73.1,338.0,ADVENTURER,IMO7507411,WBN3015,31.0,0.0,41.0,11.0,5.2,32.0,B
366914210,2019-05-08T11:35:02,38.91542,-75.04046,11.8,-184.3,220.0,DELAWARE,IMO8990304,WYU8553,60.0,0.0,91.0,20.0,,,B
367120230,2019-05-08T11:35:10,39.1264,-75.225,11.0,144.4,511.0,SONIE,IMO9373723,WDD2812,31.0,0.0,24.0,9.0,4.0,52.0,B
368058330,2019-05-08T11:35:09,39.08844,-75.12097,2.7,84.2,511.0,PURPLE  HAYS,,WDC9127,52.0,0.0,24.0,8.0,3.0,52.0,B
367120230,2019-05-08T11:36:32,39.12285,-75.22181,11.5,145.4,511.0,SONIE,IMO9373723,WDD2812,31.0,0.0,24.0,9.0,4.0,52.0,B
367090620,2019-05-08T11:36:09,38.94313,-75.2723,24.6,47.2,511.0,BREAKWATER,,WYH7020,60.0,15.0,14.0,4.0,,,B
311073800,2019-05-08T11:35:34,38.98466,-75.21141,0.0,-121.1,299.0,EURO,IMO9567702,C6AA5,84.0,1.0,274.0,48.0,-11.5,84.0,A
367349860,2019-05-08T11:37:02,39.09034,-75.19008,8.6,-82.9,325.0,LINDA MORAN,IMO9398565,WDE4187,31.0,12.0,36.0,11.0,4.6,57.0,B
338447000,2019-05-08T11:35:31,38.96447,-75.1968,0.1,-93.9,342.0,OSG HORIZON,IMO9436549,WDF6180,31.0,0.0,46.0,15.0,6.5,57.0,B
366914210,2019-05-08T11:37:11,38.91038,-75.04713,11.9,-183.7,220.0,DELAWARE,IMO8990304,WYU8553,60.0,0.0,91.0,20.0,,,B
367470320,2019-05-08T11:36:01,38.99518,-74.98978,10.0,31.1,511.0,CHARISMA,,WDF6070,30.0,,13.0,,,,B
369235000,2019-05-08T11:36:25,38.91613,-75.13873,0.3,-81.7,55.0,OSG VISION,IMO9436537,WDF2493,31.0,1.0,46.0,15.0,6.5,57.0,A
368058330,2019-05-08T11:36:28,39.08836,-75.12001,1.5,95.7,511.0,PURPLE  HAYS,,WDC9127,52.0,0.0,24.0,8.0,3.0,52.0,B
367090620,2019-05-08T11:37:13,38.94815,-75.2654,25.0,45.0,511.0,BREAKWATER,,WYH7020,60.0,15.0,14.0,4.0,,,B
538006702,2019-05-08T11:36:30,38.96469,-75.19624,0.0,-110.5,344.0,NAMSEN,IMO9761528,V7QJ6,80.0,1.0,,,,,A
338447000,2019-05-08T11:36:32,38.9645,-75.19686,0.1,-93.9,343.0,OSG HORIZON,IMO9436549,WDF6180,31.0,0.0,46.0,15.0,6.5,57.0,B
367490480,2019-05-08T11:36:03,38.99511,-74.98607,2.6,108.4,511.0,EVA MARIE,IMO8969408,WDH3461,30.0,,26.0,7.0,,,B
367349860,2019-05-08T11:38:12,39.09269,-75.19203,8.5,-83.4,324.0,LINDA MORAN,IMO9398565,WDE4187,31.0,12.0,36.0,11.0,4.6,57.0,B
367539750,2019-05-08T11:37:11,38.99385,-74.97816,1.5,7.5,511.0,ONNERED,,WDG4753,30.0,,18.0,6.0,,,B
367120230,2019-05-08T11:37:41,39.1199,-75.21914,11.4,142.8,511.0,SONIE,IMO9373723,WDD2812,31.0,0.0,24.0,9.0,4.0,52.0,B
338447000,2019-05-08T11:38:42,38.96449,-75.1969,0.1,-93.9,345.0,OSG HORIZON,IMO9436549,WDF6180,31.0,0.0,46.0,15.0,6.5,57.0,B
367470320,2019-05-08T11:37:31,38.99464,-74.98964,1.0,-140.2,511.0,CHARISMA,,WDF6070,30.0,,13.0,,,,B
367490480,2019-05-08T11:37:34,38.99463,-74.98621,1.2,-134.1,511.0,EVA MARIE,IMO8969408,WDH3461,30.0,,26.0,7.0,,,B
368058330,2019-05-08T11:37:38,39.08831,-75.11943,1.2,99.2,511.0,PURPLE  HAYS,,WDC9127,52.0,0.0,24.0,8.0,3.0,52.0,B
269021000,2019-05-08T11:38:51,39.39517,-75.4895,11.6,-91.6,319.0,THORCO BASILISK,IMO9539377,HBLG,70.0,0.0,161.0,25.0,8.6,,B
367090620,2019-05-08T11:38:39,38.95522,-75.25648,24.9,41.4,511.0,BREAKWATER,,WYH7020,60.0,15.0,14.0,4.0,,,B
538004030,2019-05-08T11:38:16,38.92705,-75.15866,0.1,-117.4,331.0,FRIO,IMO9596985,V7UU3,80.0,1.0,274.0,48.0,17.1,89.0,A
366889080,2019-05-08T11:39:15,38.99906,-75.13903,11.0,-72.1,338.0,ADVENTURER,IMO7507411,WBN3015,31.0,0.0,41.0,11.0,5.2,32.0,A
311073800,2019-05-08T11:38:36,38.98467,-75.2115,0.0,-135.6,301.0,EURO,IMO9567702,C6AA5,84.0,1.0,274.0,48.0,-11.5,84.0,A
367120230,2019-05-08T11:39:32,39.11505,-75.21472,11.5,144.8,511.0,SONIE,IMO9373723,WDD2812,31.0,0.0,24.0,9.0,4.0,52.0,B
367317410,2019-05-08T11:38:49,38.99411,-74.97784,0.9,-64.6,511.0,OPPORTUNE,,WDD9868,30.0,,16.0,5.0,,,B
366914210,2019-05-08T11:38:23,38.90759,-75.0508,12.2,-183.0,222.0,DELAWARE,IMO8990304,WYU8553,60.0,0.0,91.0,20.0,,,B
368058330,2019-05-08T11:38:47,39.08828,-75.11914,1.1,102.2,511.0,PURPLE  HAYS,,WDC9127,52.0,0.0,24.0,8.0,3.0,52.0,B
367349860,2019-05-08T11:40:12,39.09656,-75.19544,8.4,-83.9,324.0,LINDA MORAN,IMO9398565,WDE4187,31.0,12.0,36.0,11.0,4.6,57.0,B
366914210,2019-05-08T11:39:45,38.90427,-75.055,11.9,-192.3,207.0,DELAWARE,IMO8990304,WYU8553,60.0,0.0,91.0,20.0,,,A
367090620,2019-05-08T11:40:07,38.96218,-75.247,24.6,47.7,511.0,BREAKWATER,,WYH7020,60.0,15.0,14.0,4.0,,,B
269021000,2019-05-08T11:37:41,39.39233,-75.48633,11.7,-91.6,318.0,THORCO BASILISK,IMO9539377,HBLG,70.0,0.0,161.0,25.0,8.6,,B
367490480,2019-05-08T11:39:04,38.99488,-74.98671,0.9,-87.0,511.0,EVA MARIE,IMO8969408,WDH3461,30.0,,26.0,7.0,,,B
367470320,2019-05-08T11:39:01,38.99489,-74.98953,0.7,-140.2,511.0,CHARISMA,,WDF6070,30.0,,13.0,,,,B
538006702,2019-05-08T11:39:30,38.9646,-75.19638,0.1,-110.5,347.0,NAMSEN,IMO9761528,V7QJ6,80.0,1.0,,,,,A
240463000,2019-05-08T11:37:04,38.93945,-75.17053,0.0,-80.6,349.0,BOUBOULINA,IMO9298753,SZIS,80.0,1.0,274.0,50.0,17.0,80.0,A
366889080,2019-05-08T11:38:13,38.99621,-75.13752,10.9,-72.9,337.0,ADVENTURER,IMO7507411,WBN3015,31.0,0.0,41.0,11.0,5.2,32.0,A
369235000,2019-05-08T11:39:25,38.91643,-75.13895,0.4,-74.7,61.0,OSG VISION,IMO9436537,WDF2493,31.0,1.0,46.0,15.0,6.5,57.0,A
269021000,2019-05-08T11:40:03,39.398,-75.49283,11.5,-90.6,319.0,THORCO BASILISK,IMO9539377,HBLG,70.0,0.0,161.0,25.0,8.6,,B
366889080,2019-05-08T11:40:46,39.00333,-75.14123,10.8,-71.8,338.0,ADVENTURER,IMO7507411,WBN3015,31.0,0.0,41.0,11.0,5.2,32.0,A
367090620,2019-05-08T11:41:09,38.96695,-75.24037,24.2,48.8,511.0,BREAKWATER,,WYH7020,60.0,15.0,14.0,4.0,,,B
367539750,2019-05-08T11:40:11,38.99455,-74.97781,0.7,33.0,511.0,ONNERED,,WDG4753,30.0,,18.0,6.0,,,B
368058330,2019-05-08T11:39:58,39.08817,-75.11869,0.7,114.6,511.0,PURPLE  HAYS,,WDC9127,52.0,0.0,24.0,8.0,3.0,52.0,B
240463000,2019-05-08T11:40:03,38.93948,-75.17057,0.0,-80.6,350.0,BOUBOULINA,IMO9298753,SZIS,80.0,1.0,274.0,50.0,17.0,80.0,A
367490480,2019-05-08T11:40:34,38.99536,-74.98759,3.2,-133.7,511.0,EVA MARIE,IMO8969408,WDH3461,30.0,,26.0,7.0,,,B
366914210,2019-05-08T11:40:52,38.90111,-75.05752,11.9,-198.7,205.0,DELAWARE,IMO8990304,WYU8553,60.0,0.0,91.0,20.0,,,B
269021000,2019-05-08T11:41:45,39.402,-75.4975,11.3,-92.6,317.0,THORCO BASILISK,IMO9539377,HBLG,70.0,0.0,161.0,25.0,8.6,,A
538004030,2019-05-08T11:41:13,38.92705,-75.15872,0.1,-132.3,330.0,FRIO,IMO9596985,V7UU3,80.0,1.0,274.0,48.0,17.1,89.0,A
367349860,2019-05-08T11:41:13,39.0985,-75.19712,8.5,-84.1,325.0,LINDA MORAN,IMO9398565,WDE4187,31.0,12.0,36.0,11.0,4.6,57.0,B
538006702,2019-05-08T11:42:30,38.96461,-75.19652,0.1,-110.5,350.0,NAMSEN,IMO9761528,V7QJ6,80.0,1.0,,,,,A
366889080,2019-05-08T11:42:28,39.00811,-75.14378,10.7,-73.0,338.0,ADVENTURER,IMO7507411,WBN3015,31.0,0.0,41.0,11.0,5.2,32.0,B
367120230,2019-05-08T11:40:41,39.11207,-75.21205,11.6,144.1,511.0,SONIE,IMO9373723,WDD2812,31.0,0.0,24.0,9.0,4.0,52.0,B
338447000,2019-05-08T11:41:32,38.96451,-75.19706,0.1,-93.9,348.0,OSG HORIZON,IMO9436549,WDF6180,31.0,0.0,46.0,15.0,6.5,57.0,B
311073800,2019-05-08T11:41:34,38.98463,-75.21159,0.0,-151.1,304.0,EURO,IMO9567702,C6AA5,84.0,1.0,274.0,48.0,-11.5,84.0,A
269021000,2019-05-08T11:42:51,39.40467,-75.5005,11.3,-91.6,317.0,THORCO BASILISK,IMO9539377,HBLG,70.0,0.0,161.0,25.0,8.6,,B
367090620,2019-05-08T11:43:09,38.97556,-75.22696,24.5,51.3,511.0,BREAKWATER,,WYH7020,60.0,15.0,14.0,4.0,,,B
367317410,2019-05-08T11:41:49,38.99482,-74.97772,0.8,-49.7,511.0,OPPORTUNE,,WDD9868,30.0,,16.0,5.0,,,B
367120230,2019-05-08T11:41:51,39.109,-75.20928,11.6,145.8,511.0,SONIE,IMO9373723,WDD2812,31.0,0.0,24.0,9.0,4.0,52.0,B
338447000,2019-05-08T11:40:21,38.9645,-75.19697,0.1,-93.9,347.0,OSG HORIZON,IMO9436549,WDF6180,31.0,0.0,46.0,15.0,6.5,57.0,B
240463000,2019-05-08T11:43:05,38.93952,-75.17062,0.0,-80.6,350.0,BOUBOULINA,IMO9298753,SZIS,80.0,1.0,274.0,50.0,17.0,80.0,A
367490480,2019-05-08T11:42:03,38.99524,-74.98841,0.9,-177.1,511.0,EVA MARIE,IMO8969408,WDH3461,30.0,,26.0,7.0,,,B
367349860,2019-05-08T11:42:22,39.10075,-75.19913,8.5,-84.2,325.0,LINDA MORAN,IMO9398565,WDE4187,31.0,12.0,36.0,11.0,4.6,57.0,B
369235000,2019-05-08T11:42:25,38.91683,-75.13911,0.4,-62.8,69.0,OSG VISION,IMO9436537,WDF2493,31.0,1.0,46.0,15.0,6.5,57.0,A
338447000,2019-05-08T11:42:52,38.9645,-75.19715,0.1,-93.9,350.0,OSG HORIZON,IMO9436549,WDF6180,31.0,0.0,46.0,15.0,6.5,57.0,B
368058330,2019-05-08T11:41:09,39.08808,-75.11844,0.6,124.5,511.0,PURPLE  HAYS,,WDC9127,52.0,0.0,24.0,8.0,3.0,52.0,B
366914210,2019-05-08T11:42:02,38.89775,-75.06015,12.0,-197.9,205.0,DELAWARE,IMO8990304,WYU8553,60.0,0.0,91.0,20.0,,,B
368058330,2019-05-08T11:42:18,39.08795,-75.11825,0.5,138.5,511.0,PURPLE  HAYS,,WDC9127,52.0,0.0,24.0,8.0,3.0,52.0,B
367539750,2019-05-08T11:43:13,38.99525,-74.97763,0.7,-50.3,511.0,ONNERED,,WDG4753,30.0,,18.0,6.0,,,B
366914210,2019-05-08T11:43:51,38.89252,-75.06424,12.2,-198.7,204.0,DELAWARE,IMO8990304,WYU8553,60.0,0.0,91.0,20.0,,,B
367349860,2019-05-08T11:44:02,39.10399,-75.20198,8.6,-83.9,324.0,LINDA MORAN,IMO9398565,WDE4187,31.0,12.0,36.0,11.0,4.6,57.0,B
366889080,2019-05-08T11:44:13,39.01302,-75.14653,10.9,-72.9,338.0,ADVENTURER,IMO7507411,WBN3015,31.0,0.0,41.0,11.0,5.2,32.0,A
367120230,2019-05-08T11:43:01,39.10589,-75.20654,11.7,145.3,511.0,SONIE,IMO9373723,WDD2812,31.0,0.0,24.0,9.0,4.0,52.0,B
368058330,2019-05-08T11:44:18,39.08772,-75.11816,0.3,197.1,511.0,PURPLE  HAYS,,WDC9127,52.0,0.0,24.0,8.0,3.0,52.0,B
367090620,2019-05-08T11:44:37,38.98184,-75.21705,24.7,44.6,511.0,BREAKWATER,,WYH7020,60.0,15.0,14.0,4.0,,,B
367490480,2019-05-08T11:43:33,38.99513,-74.98866,0.2,-179.3,511.0,EVA MARIE,IMO8969408,WDH3461,30.0,,26.0,7.0,,,B
269021000,2019-05-08T11:43:52,39.407,-75.50317,11.1,-93.6,317.0,THORCO BASILISK,IMO9539377,HBLG,70.0,0.0,161.0,25.0,8.6,,B
367120230,2019-05-08T11:44:12,39.10274,-75.20358,11.7,142.2,511.0,SONIE,IMO9373723,WDD2812,31.0,0.0,24.0,9.0,4.0,52.0,B
338447000,2019-05-08T11:44:01,38.96449,-75.1972,0.1,-93.9,351.0,OSG HORIZON,IMO9436549,WDF6180,31.0,0.0,46.0,15.0,6.5,57.0,B
538004030,2019-05-08T11:44:15,38.92707,-75.15877,0.1,-125.4,329.0,FRIO,IMO9596985,V7UU3,80.0,1.0,274.0,48.0,17.1,89.0,A
367349860,2019-05-08T11:45:42,39.1073,-75.20487,8.6,-84.3,325.0,LINDA MORAN,IMO9398565,WDE4187,31.0,12.0,36.0,11.0,4.6,57.0,B
366914210,2019-05-08T11:45:42,38.88719,-75.06838,12.0,-198.6,205.0,DELAWARE,IMO8990304,WYU8553,60.0,0.0,91.0,20.0,,,B
269021000,2019-05-08T11:45:42,39.41117,-75.50817,11.2,-92.6,317.0,THORCO BASILISK,IMO9539377,HBLG,70.0,0.0,161.0,25.0,8.6,,B
367600030,2019-05-08T11:44:35,38.80005,-75.09849,4.8,-84.8,511.0,SUSAN CELESTE,,WDH2672,37.0,,12.0,,,,B
367317410,2019-05-08T11:44:49,38.99561,-74.97761,1.0,9.3,511.0,OPPORTUNE,,WDD9868,30.0,,16.0,5.0,,,B
311073800,2019-05-08T11:44:35,38.98457,-75.21169,0.1,-160.0,308.0,EURO,IMO9567702,C6AA5,84.0,1.0,274.0,48.0,-11.5,84.0,A
367490480,2019-05-08T11:44:36,38.995,-74.98877,2.1,-200.2,511.0,EVA MARIE,IMO8969408,WDH3461,30.0,,26.0,7.0,,,B
366889080,2019-05-08T11:45:15,39.01583,-75.14812,10.7,-74.2,337.0,ADVENTURER,IMO7507411,WBN3015,31.0,0.0,41.0,11.0,5.2,32.0,A
367600030,2019-05-08T11:46:35,38.80227,-75.1003,4.7,-79.0,511.0,SUSAN CELESTE,,WDH2672,37.0,,12.0,,,,B
338447000,2019-05-08T11:45:11,38.96447,-75.19725,0.1,-93.9,352.0,OSG HORIZON,IMO9436549,WDF6180,31.0,0.0,46.0,15.0,6.5,57.0,B
369235000,2019-05-08T11:45:25,38.91727,-75.1392,0.5,-58.8,82.0,OSG VISION,IMO9436537,WDF2493,31.0,1.0,46.0,15.0,6.5,57.0,A
538006702,2019-05-08T11:45:28,38.96459,-75.19673,0.1,-110.5,353.0,NAMSEN,IMO9761528,V7QJ6,80.0,1.0,,,,,A
366914210,2019-05-08T11:46:51,38.88427,-75.07066,8.0,-202.2,193.0,DELAWARE,IMO8990304,WYU8553,60.0,0.0,91.0,20.0,,,B
368058330,2019-05-08T11:46:18,39.08746,-75.11846,1.2,-191.8,511.0,PURPLE  HAYS,,WDC9127,52.0,0.0,24.0,8.0,3.0,52.0,B
367090620,2019-05-08T11:45:41,38.98462,-75.21283,5.6,94.2,511.0,BREAKWATER,,WYH7020,60.0,15.0,14.0,4.0,,,B
367470320,2019-05-08T11:45:30,38.99628,-74.98929,0.8,-59.0,511.0,CHARISMA,,WDF6070,30.0,,13.0,,,,B
367490480,2019-05-08T11:46:02,38.99542,-74.98974,0.7,6.2,511.0,EVA MARIE,IMO8969408,WDH3461,30.0,,26.0,7.0,,,B
240463000,2019-05-08T11:46:05,38.93953,-75.17068,0.0,-127.6,351.0,BOUBOULINA,IMO9298753,SZIS,80.0,1.0,274.0,50.0,17.0,80.0,A
366889080,2019-05-08T11:46:20,39.01878,-75.14981,10.7,-74.6,337.0,ADVENTURER,IMO7507411,WBN3015,31.0,0.0,41.0,11.0,5.2,32.0,A
367539750,2019-05-08T11:46:11,38.99607,-74.97752,1.0,14.1,511.0,ONNERED,,WDG4753,30.0,,18.0,6.0,,,B
338447000,2019-05-08T11:46:31,38.96447,-75.19735,0.1,-93.9,353.0,OSG HORIZON,IMO9436549,WDF6180,31.0,0.0,46.0,15.0,6.5,57.0,B
367120230,2019-05-08T11:45:31,39.09933,-75.20042,11.7,146.1,511.0,SONIE,IMO9373723,WDD2812,31.0,0.0,24.0,9.0,4.0,52.0,B
269021000,2019-05-08T11:46:52,39.41383,-75.51133,11.2,-92.6,317.0,THORCO BASILISK,IMO9539377,HBLG,70.0,0.0,161.0,25.0,8.6,,B
367349860,2019-05-08T11:46:52,39.10951,-75.20685,8.7,-84.3,325.0,LINDA MORAN,IMO9398565,WDE4187,31.0,12.0,36.0,11.0,4.6,57.0,B
367090620,2019-05-08T11:48:05,38.98004,-75.21891,24.3,-179.8,511.0,BREAKWATER,,WYH7020,60.0,15.0,14.0,4.0,,,B
366889080,2019-05-08T11:47:21,39.02159,-75.15142,10.9,-73.3,338.0,ADVENTURER,IMO7507411,WBN3015,31.0,0.0,41.0,11.0,5.2,32.0,A
367349860,2019-05-08T11:48:42,39.11328,-75.21014,8.8,-84.1,325.0,LINDA MORAN,IMO9398565,WDE4187,31.0,12.0,36.0,11.0,4.6,57.0,B
538004030,2019-05-08T11:47:14,38.92708,-75.15884,0.1,-142.5,329.0,FRIO,IMO9596985,V7UU3,80.0,1.0,274.0,48.0,17.1,89.0,A
366914210,2019-05-08T11:48:55,38.88066,-75.07217,8.8,-196.8,214.0,DELAWARE,IMO8990304,WYU8553,60.0,0.0,91.0,20.0,,,A
367120230,2019-05-08T11:48:31,39.09121,-75.19348,11.7,146.9,511.0,SONIE,IMO9373723,WDD2812,31.0,0.0,24.0,9.0,4.0,52.0,B
368058330,2019-05-08T11:47:28,39.08712,-75.11859,1.2,183.0,511.0,PURPLE  HAYS,,WDC9127,52.0,0.0,24.0,8.0,3.0,52.0,B
311073800,2019-05-08T11:47:33,38.98452,-75.21183,0.0,-165.3,313.0,EURO,IMO9567702,C6AA5,84.0,1.0,274.0,48.0,-11.5,84.0,A
367539750,2019-05-08T11:49:11,38.997,-74.97744,1.3,18.8,511.0,ONNERED,,WDG4753,30.0,,18.0,6.0,,,B
367490480,2019-05-08T11:47:32,38.99567,-74.98972,0.6,-50.7,511.0,EVA MARIE,IMO8969408,WDH3461,30.0,,26.0,7.0,,,B
338447000,2019-05-08T11:47:41,38.96445,-75.19739,0.1,-93.9,355.0,OSG HORIZON,IMO9436549,WDF6180,31.0,0.0,46.0,15.0,6.5,57.0,B
369235000,2019-05-08T11:48:25,38.91774,-75.1392,0.5,10.1,97.0,OSG VISION,IMO9436537,WDF2493,31.0,1.0,46.0,15.0,6.5,57.0,A
367317410,2019-05-08T11:47:49,38.9965,-74.97755,1.1,9.5,511.0,OPPORTUNE,,WDD9868,30.0,,16.0,5.0,,,B
367600030,2019-05-08T11:48:08,38.80403,-75.10167,4.8,-75.6,511.0,SUSAN CELESTE,,WDH2672,37.0,,12.0,,,,B
367090620,2019-05-08T11:49:29,38.97388,-75.22842,25.3,-177.1,511.0,BREAKWATER,,WYH7020,60.0,15.0,14.0,4.0,,,B
367120230,2019-05-08T11:46:41,39.09618,-75.19772,11.7,146.9,511.0,SONIE,IMO9373723,WDD2812,31.0,0.0,24.0,9.0,4.0,52.0,B
269021000,2019-05-08T11:48:02,39.4165,-75.5145,11.3,-92.6,317.0,THORCO BASILISK,IMO9539377,HBLG,70.0,0.0,161.0,25.0,8.6,,B
538006702,2019-05-08T11:48:29,38.9645,-75.19693,0.1,-145.8,357.0,NAMSEN,IMO9761528,V7QJ6,80.0,1.0,,,,,A
366889080,2019-05-08T11:48:27,39.02454,-75.15307,10.8,-73.6,337.0,ADVENTURER,IMO7507411,WBN3015,31.0,0.0,41.0,11.0,5.2,32.0,B
367470320,2019-05-08T11:48:31,38.99683,-74.98909,0.6,-50.4,511.0,CHARISMA,,WDF6070,30.0,,13.0,,,,B
368058330,2019-05-08T11:48:38,39.08676,-75.11835,1.6,136.8,511.0,PURPLE  HAYS,,WDC9127,52.0,0.0,24.0,8.0,3.0,52.0,B
240463000,2019-05-08T11:49:03,38.93955,-75.17078,0.0,-130.6,351.0,BOUBOULINA,IMO9298753,SZIS,80.0,1.0,274.0,50.0,17.0,80.0,A
311073800,2019-05-08T11:50:32,38.98447,-75.21195,0.0,-178.2,317.0,EURO,IMO9567702,C6AA5,84.0,1.0,274.0,48.0,-11.5,84.0,A
269021000,2019-05-08T11:49:03,39.419,-75.51733,11.3,-91.6,317.0,THORCO BASILISK,IMO9539377,HBLG,70.0,0.0,161.0,25.0,8.6,,B
338447000,2019-05-08T11:48:52,38.96442,-75.1975,0.1,-133.7,356.0,OSG HORIZON,IMO9436549,WDF6180,31.0,0.0,46.0,15.0,6.5,57.0,B
367090620,2019-05-08T11:50:49,38.96811,-75.23766,24.6,-174.2,511.0,BREAKWATER,,WYH7020,60.0,15.0,14.0,4.0,,,B
367120230,2019-05-08T11:50:31,39.08576,-75.18896,11.6,151.6,511.0,SONIE,IMO9373723,WDD2812,31.0,0.0,24.0,9.0,4.0,52.0,B
367349860,2019-05-08T11:51:11,39.11825,-75.21456,8.9,-85.4,323.0,LINDA MORAN,IMO9398565,WDE4187,31.0,12.0,36.0,11.0,4.6,57.0,B
366889080,2019-05-08T11:49:47,39.02817,-75.15512,10.7,-73.3,337.0,ADVENTURER,IMO7507411,WBN3015,31.0,0.0,41.0,11.0,5.2,32.0,B
366914210,2019-05-08T11:50:02,38.87791,-75.07478,12.0,-194.7,206.0,DELAWARE,IMO8990304,WYU8553,60.0,0.0,91.0,20.0,,,B
367600030,2019-05-08T11:49:36,38.80588,-75.1016,4.8,19.2,511.0,SUSAN CELESTE,,WDH2672,37.0,,12.0,,,,B
368058330,2019-05-08T11:49:57,39.08626,-75.11775,2.0,138.9,511.0,PURPLE  HAYS,,WDC9127,52.0,0.0,24.0,8.0,3.0,52.0,B
269021000,2019-05-08T11:50:13,39.42167,-75.5205,11.4,-91.6,317.0,THORCO BASILISK,IMO9539377,HBLG,70.0,0.0,161.0,25.0,8.6,,A
338447000,2019-05-08T11:50:02,38.96446,-75.19759,0.2,-135.7,358.0,OSG HORIZON,IMO9436549,WDF6180,31.0,0.0,46.0,15.0,6.5,57.0,B
538004030,2019-05-08T11:50:15,38.92706,-75.15893,0.1,-139.4,329.0,FRIO,IMO9596985,V7UU3,80.0,1.0,274.0,48.0,17.1,89.0,A
367090620,2019-05-08T11:52:01,38.96345,-75.24642,24.7,-183.0,511.0,BREAKWATER,,WYH7020,60.0,15.0,14.0,4.0,,,B
366889080,2019-05-08T11:52:06,39.03451,-75.15862,10.7,-73.2,338.0,ADVENTURER,IMO7507411,WBN3015,31.0,0.0,41.0,11.0,5.2,32.0,B
367317410,2019-05-08T11:50:49,38.99749,-74.9775,1.2,2.3,511.0,OPPORTUNE,,WDD9868,30.0,,16.0,5.0,,,B
368058330,2019-05-08T11:51:08,39.08577,-75.11714,2.0,132.3,511.0,PURPLE  HAYS,,WDC9127,52.0,0.0,24.0,8.0,3.0,52.0,B
338447000,2019-05-08T11:51:11,38.96447,-75.19769,0.1,-123.8,359.0,OSG HORIZON,IMO9436549,WDF6180,31.0,0.0,46.0,15.0,6.5,57.0,B
369235000,2019-05-08T11:51:25,38.91809,-75.13904,0.3,23.7,112.0,OSG VISION,IMO9436537,WDF2493,31.0,1.0,46.0,15.0,6.5,57.0,A
367470320,2019-05-08T11:51:30,38.99744,-74.98906,0.7,8.8,511.0,CHARISMA,,WDF6070,30.0,,13.0,,,,B
538006702,2019-05-08T11:51:25,38.96449,-75.19713,0.1,-134.3,1.0,NAMSEN,IMO9761528,V7QJ6,80.0,1.0,,,,,A
367490480,2019-05-08T11:51:31,38.99652,-74.98975,0.6,-54.4,511.0,EVA MARIE,IMO8969408,WDH3461,30.0,,26.0,7.0,,,B
311073800,2019-05-08T11:53:36,38.98443,-75.21207,0.0,-178.8,321.0,EURO,IMO9567702,C6AA5,84.0,1.0,274.0,48.0,-11.5,84.0,A
367120230,2019-05-08T11:51:41,39.0825,-75.18663,11.5,157.3,511.0,SONIE,IMO9373723,WDD2812,31.0,0.0,24.0,9.0,4.0,52.0,B
368058330,2019-05-08T11:52:17,39.08534,-75.11644,2.2,127.4,511.0,PURPLE  HAYS,,WDC9127,52.0,0.0,24.0,8.0,3.0,52.0,B
367349860,2019-05-08T11:52:23,39.12066,-75.2168,8.9,-85.3,323.0,LINDA MORAN,IMO9398565,WDE4187,31.0,12.0,36.0,11.0,4.6,57.0,B
269021000,2019-05-08T11:52:32,39.42717,-75.52667,11.4,-91.6,318.0,THORCO BASILISK,IMO9539377,HBLG,70.0,0.0,161.0,25.0,8.6,,B
367600030,2019-05-08T11:52:35,38.8088,-75.09808,5.3,27.1,511.0,SUSAN CELESTE,,WDH2672,37.0,,12.0,,,,B
366914210,2019-05-08T11:52:23,38.87117,-75.08028,12.3,-197.2,206.0,DELAWARE,IMO8990304,WYU8553,60.0,0.0,91.0,20.0,,,B
367539750,2019-05-08T11:52:11,38.99799,-74.97737,1.2,2.1,511.0,ONNERED,,WDG4753,30.0,,18.0,6.0,,,B
366889080,2019-05-08T11:54:26,39.04088,-75.16214,10.6,-71.8,338.0,ADVENTURER,IMO7507411,WBN3015,31.0,0.0,41.0,11.0,5.2,32.0,B
338447000,2019-05-08T11:52:32,38.96449,-75.19777,0.1,-118.2,1.0,OSG HORIZON,IMO9436549,WDF6180,31.0,0.0,46.0,15.0,6.5,57.0,B
269021000,2019-05-08T11:53:41,39.43,-75.52983,11.5,-89.6,317.0,THORCO BASILISK,IMO9539377,HBLG,70.0,0.0,161.0,25.0,8.6,,B
367090620,2019-05-08T11:54:41,38.95267,-75.26544,25.1,-170.6,511.0,BREAKWATER,,WYH7020,60.0,15.0,14.0,4.0,,,B
367317410,2019-05-08T11:53:49,38.99851,-74.97743,1.1,-60.0,511.0,OPPORTUNE,,WDD9868,30.0,,16.0,5.0,,,B
368058330,2019-05-08T11:53:49,39.08486,-75.11536,2.3,118.4,511.0,PURPLE  HAYS,,WDC9127,52.0,0.0,24.0,8.0,3.0,52.0,B
538006702,2019-05-08T11:54:29,38.96458,-75.19728,0.1,-131.1,3.0,NAMSEN,IMO9761528,V7QJ6,80.0,1.0,,,,,A
367600030,2019-05-08T11:54:05,38.80901,-75.09609,4.5,108.7,511.0,SUSAN CELESTE,,WDH2672,37.0,,12.0,,,,B
538004030,2019-05-08T11:53:16,38.92705,-75.15902,0.1,-132.1,329.0,FRIO,IMO9596985,V7UU3,80.0,1.0,274.0,48.0,17.1,89.0,A
369235000,2019-05-08T11:54:26,38.91831,-75.13893,0.2,28.7,121.0,OSG VISION,IMO9436537,WDF2493,31.0,1.0,46.0,15.0,6.5,57.0,A
367600030,2019-05-08T11:51:05,38.80743,-75.10009,4.9,49.8,511.0,SUSAN CELESTE,,WDH2672,37.0,,12.0,,,,B
367470320,2019-05-08T11:54:31,38.99793,-74.9891,0.3,-58.7,511.0,CHARISMA,,WDF6070,30.0,,13.0,,,,B
367120230,2019-05-08T11:54:41,39.0736,-75.18187,11.6,158.3,511.0,SONIE,IMO9373723,WDD2812,31.0,0.0,24.0,9.0,4.0,52.0,B
269021000,2019-05-08T11:54:42,39.4325,-75.53267,11.5,-91.6,317.0,THORCO BASILISK,IMO9539377,HBLG,70.0,0.0,161.0,25.0,8.6,,B
367490480,2019-05-08T11:54:31,38.99717,-74.98978,0.7,-55.4,511.0,EVA MARIE,IMO8969408,WDH3461,30.0,,26.0,7.0,,,B
366914210,2019-05-08T11:51:13,38.87457,-75.07753,12.3,-197.0,205.0,DELAWARE,IMO8990304,WYU8553,60.0,0.0,91.0,20.0,,,B
269021000,2019-05-08T11:51:23,39.4245,-75.52367,11.5,-89.6,317.0,THORCO BASILISK,IMO9539377,HBLG,70.0,0.0,161.0,25.0,8.6,,B
367120230,2019-05-08T11:53:31,39.07708,-75.18371,11.6,157.6,511.0,SONIE,IMO9373723,WDD2812,31.0,0.0,24.0,9.0,4.0,52.0,B
367349860,2019-05-08T11:54:41,39.12528,-75.22111,8.9,-85.5,323.0,LINDA MORAN,IMO9398565,WDE4187,31.0,12.0,36.0,11.0,4.6,57.0,B
338447000,2019-05-08T11:53:42,38.96451,-75.19785,0.1,-118.2,2.0,OSG HORIZON,IMO9436549,WDF6180,31.0,0.0,46.0,15.0,6.5,57.0,B
366914210,2019-05-08T11:55:02,38.86327,-75.08647,12.5,-199.1,205.0,DELAWARE,IMO8990304,WYU8553,60.0,0.0,91.0,20.0,,,B
338447000,2019-05-08T11:56:02,38.96455,-75.19794,0.1,-118.2,3.0,OSG HORIZON,IMO9436549,WDF6180,31.0,0.0,46.0,15.0,6.5,57.0,B
367090620,2019-05-08T11:56:07,38.94752,-75.27624,24.5,-168.5,511.0,BREAKWATER,,WYH7020,60.0,15.0,14.0,4.0,,,B
367349860,2019-05-08T11:55:51,39.12759,-75.22327,8.8,-85.6,324.0,LINDA MORAN,IMO9398565,WDE4187,31.0,12.0,36.0,11.0,4.6,57.0,B
538004030,2019-05-08T11:56:13,38.92705,-75.15912,0.0,-149.9,329.0,FRIO,IMO9596985,V7UU3,80.0,1.0,274.0,48.0,17.1,89.0,A
368058330,2019-05-08T11:55:08,39.08454,-75.11433,2.4,111.1,511.0,PURPLE  HAYS,,WDC9127,52.0,0.0,24.0,8.0,3.0,52.0,B
269021000,2019-05-08T11:56:45,39.43745,-75.53817,11.6,-91.6,316.0,THORCO BASILISK,IMO9539377,HBLG,70.0,0.0,161.0,25.0,8.6,,A
367539750,2019-05-08T11:55:11,38.99901,-74.97731,1.3,-50.9,511.0,ONNERED,,WDG4753,30.0,,18.0,6.0,,,B
311073800,2019-05-08T11:56:36,38.98436,-75.2122,0.0,-177.1,326.0,EURO,IMO9567702,C6AA5,84.0,1.0,274.0,48.0,-11.5,84.0,A
240463000,2019-05-08T11:55:04,38.93955,-75.17105,0.1,-142.6,352.0,BOUBOULINA,IMO9298753,SZIS,80.0,1.0,274.0,50.0,17.0,80.0,A
366914210,2019-05-08T11:56:52,38.85781,-75.09065,12.4,-198.5,205.0,DELAWARE,IMO8990304,WYU8553,60.0,0.0,91.0,20.0,,,B
367090620,2019-05-08T11:57:17,38.94355,-75.28512,24.7,-170.8,511.0,BREAKWATER,,WYH7020,60.0,15.0,14.0,4.0,,,B
366889080,2019-05-08T11:55:46,39.04459,-75.16404,10.7,-71.7,338.0,ADVENTURER,IMO7507411,WBN3015,31.0,0.0,41.0,11.0,5.2,32.0,B
367120230,2019-05-08T11:55:51,39.07014,-75.18002,11.6,155.3,511.0,SONIE,IMO9373723,WDD2812,31.0,0.0,24.0,9.0,4.0,52.0,B
367349860,2019-05-08T11:57:01,39.12991,-75.22542,8.7,-85.4,324.0,LINDA MORAN,IMO9398565,WDE4187,31.0,12.0,36.0,11.0,4.6,57.0,B
367600030,2019-05-08T11:56:05,38.80864,-75.09291,4.5,86.4,511.0,SUSAN CELESTE,,WDH2672,37.0,,12.0,,,,B
366889080,2019-05-08T11:56:48,39.04746,-75.1655,10.8,-71.4,338.0,ADVENTURER,IMO7507411,WBN3015,31.0,0.0,41.0,11.0,5.2,32.0,B
367317410,2019-05-08T11:56:49,38.99953,-74.97735,1.3,8.8,511.0,OPPORTUNE,,WDD9868,30.0,,16.0,5.0,,,B
367120230,2019-05-08T11:56:52,39.06715,-75.17844,11.6,157.2,511.0,SONIE,IMO9373723,WDD2812,31.0,0.0,24.0,9.0,4.0,52.0,B
367349860,2019-05-08T11:58:31,39.13286,-75.22814,8.7,-84.9,325.0,LINDA MORAN,IMO9398565,WDE4187,31.0,12.0,36.0,11.0,4.6,57.0,B
269021000,2019-05-08T11:58:45,39.44225,-75.5437,11.6,-90.6,315.0,THORCO BASILISK,IMO9539377,HBLG,70.0,0.0,161.0,25.0,8.6,,A
368058330,2019-05-08T11:56:18,39.08428,-75.11335,2.5,110.3,511.0,PURPLE  HAYS,,WDC9127,52.0,0.0,24.0,8.0,3.0,52.0,B
338447000,2019-05-08T11:58:02,38.9646,-75.19803,0.1,-118.2,3.0,OSG HORIZON,IMO9436549,WDF6180,31.0,0.0,46.0,15.0,6.5,57.0,B
368058330,2019-05-08T11:57:19,39.08411,-75.11247,2.4,104.9,511.0,PURPLE  HAYS,,WDC9127,52.0,0.0,24.0,8.0,3.0,52.0,B
538006702,2019-05-08T11:57:28,38.96457,-75.19744,0.1,-131.1,4.0,NAMSEN,IMO9761528,V7QJ6,80.0,1.0,,,,,A
367490480,2019-05-08T11:57:31,38.99774,-74.98986,0.7,-53.4,511.0,EVA MARIE,IMO8969408,WDH3461,30.0,,26.0,7.0,,,B
367600030,2019-05-08T11:57:35,38.80873,-75.09049,5.0,85.3,511.0,SUSAN CELESTE,,WDH2672,37.0,,12.0,,,,B
369235000,2019-05-08T11:57:25,38.91844,-75.13885,0.0,29.1,128.0,OSG VISION,IMO9436537,WDF2493,31.0,1.0,46.0,15.0,6.5,57.0,A
311073800,2019-05-08T11:59:32,38.98427,-75.21233,0.0,-172.7,332.0,EURO,IMO9567702,C6AA5,84.0,1.0,274.0,48.0,-11.5,84.0,A
366914210,2019-05-08T11:59:41,38.84948,-75.09684,12.0,-199.8,205.0,DELAWARE,IMO8990304,WYU8553,60.0,0.0,91.0,20.0,,,B
366914210,2019-05-08T11:57:53,38.85482,-75.09287,12.2,-199.2,205.0,DELAWARE,IMO8990304,WYU8553,60.0,0.0,91.0,20.0,,,B
240463000,2019-05-08T11:58:03,38.93955,-75.17125,0.0,-145.6,354.0,BOUBOULINA,IMO9298753,SZIS,80.0,1.0,274.0,50.0,17.0,80.0,A
367349860,2019-05-08T11:59:51,39.1355,-75.23054,8.7,-84.9,325.0,LINDA MORAN,IMO9398565,WDE4187,31.0,12.0,36.0,11.0,4.6,57.0,B
338447000,2019-05-08T11:59:51,38.96457,-75.1981,0.1,-118.2,4.0,OSG HORIZON,IMO9436549,WDF6180,31.0,0.0,46.0,15.0,6.5,57.0,B
367470320,2019-05-08T11:57:31,38.99846,-74.98912,1.0,1.4,511.0,CHARISMA,,WDF6070,30.0,,13.0,,,,B
368058330,2019-05-08T11:58:28,39.08398,-75.11142,2.5,97.4,511.0,PURPLE  HAYS,,WDC9127,52.0,0.0,24.0,8.0,3.0,52.0,B
367539750,2019-05-08T11:58:12,39.00006,-74.97722,1.3,3.3,511.0,ONNERED,,WDG4753,30.0,,18.0,6.0,,,B
367090620,2019-05-08T11:59:01,38.93704,-75.29758,23.5,-143.3,511.0,BREAKWATER,,WYH7020,60.0,15.0,14.0,4.0,,,B
367120230,2019-05-08T11:59:02,39.06071,-75.17494,9.6,154.5,511.0,SONIE,IMO9373723,WDD2812,31.0,0.0,24.0,9.0,4.0,52.0,B
366889080,2019-05-08T11:59:25,39.05467,-75.16923,10.5,-71.0,339.0,ADVENTURER,IMO7507411,WBN3015,31.0,0.0,41.0,11.0,5.2,32.0,B
367317410,2019-05-08T11:59:49,39.00058,-74.97724,1.2,3.7,511.0,OPPORTUNE,,WDD9868,30.0,,16.0,5.0,,,B
269021000,2019-05-08T12:00:01,39.44517,-75.54717,11.5,-91.6,316.0,THORCO BASILISK,IMO9539377,HBLG,70.0,0.0,161.0,25.0,8.6,,B
368058330,2019-05-08T12:00:09,39.08396,-75.10984,2.6,85.7,511.0,PURPLE  HAYS,,WDC9127,52.0,0.0,24.0,8.0,3.0,52.0,B
367090620,2019-05-08T12:00:01,38.94087,-75.30433,23.7,-101.3,511.0,BREAKWATER,,WYH7020,60.0,15.0,14.0,4.0,,,B
367120230,2019-05-08T12:00:02,39.05887,-75.17393,8.4,157.2,511.0,SONIE,IMO9373723,WDD2812,31.0,0.0,24.0,9.0,4.0,52.0,B
338447000,2019-05-08T12:00:02,38.96456,-75.19811,0.1,-118.2,4.0,OSG HORIZON,IMO9436549,WDF6180,31.0,0.0,46.0,15.0,6.5,57.0,B
269021000,2019-05-08T11:59:51,39.44483,-75.54683,11.5,-92.6,316.0,THORCO BASILISK,IMO9539377,HBLG,70.0,0.0,161.0,25.0,8.6,,B
366889080,2019-05-08T12:00:06,39.05655,-75.1702,10.6,-71.8,338.0,ADVENTURER,IMO7507411,WBN3015,31.0,0.0,41.0,11.0,5.2,32.0,B
367349860,2019-05-08T12:00:01,39.13582,-75.23084,8.7,-84.9,325.0,LINDA MORAN,IMO9398565,WDE4187,31.0,12.0,36.0,11.0,4.6,57.0,B
367120230,2019-05-08T11:58:01,39.06367,-75.17664,11.6,157.6,511.0,SONIE,IMO9373723,WDD2812,31.0,0.0,24.0,9.0,4.0,52.0,B
366914210,2019-05-08T12:00:13,38.84797,-75.09795,11.9,-199.8,206.0,DELAWARE,IMO8990304,WYU8553,60.0,0.0,91.0,20.0,,,B
338233543,2019-05-08T12:00:23,39.20273,-75.04282,16.7,204.5,511.0,R/V JAMES W. JOSEPH,IMO0000000,JOSEPH,37.0,,14.0,6.0,,,B
538006702,2019-05-08T12:00:27,38.96455,-75.19754,0.1,-131.1,5.0,NAMSEN,IMO9761528,V7QJ6,80.0,1.0,,,,,A
316036348,2019-05-08T12:01:02,39.10422,-75.16906,21.8,135.6,511.0,OVERDRAFT,IMO0000000,,37.0,,10.0,2.0,,,B
367490480,2019-05-08T12:00:31,38.99838,-74.98984,0.6,2.0,511.0,EVA MARIE,IMO8969408,WDH3461,30.0,,26.0,7.0,,,B
369235000,2019-05-08T12:00:25,38.91843,-75.13879,0.0,29.1,131.0,OSG VISION,IMO9436537,WDF2493,31.0,1.0,46.0,15.0,6.5,57.0,A
338447000,2019-05-08T12:01:12,38.96458,-75.19817,0.1,-118.2,5.0,OSG HORIZON,IMO9436549,WDF6180,31.0,0.0,46.0,15.0,6.5,57.0,B
366889080,2019-05-08T12:01:08,39.05934,-75.1717,10.6,-72.4,337.0,ADVENTURER,IMO7507411,WBN3015,31.0,0.0,41.0,11.0,5.2,32.0,B
367090620,2019-05-08T12:01:03,38.94503,-75.31121,18.9,-105.4,511.0,BREAKWATER,,WYH7020,60.0,15.0,14.0,4.0,,,B
538004030,2019-05-08T11:59:15,38.92701,-75.15922,0.0,-152.2,331.0,FRIO,IMO9596985,V7UU3,80.0,1.0,274.0,48.0,17.1,89.0,A
338233543,2019-05-08T11:59:22,39.20649,-75.03917,16.9,-184.1,511.0,R/V JAMES W. JOSEPH,IMO0000000,JOSEPH,37.0,,14.0,6.0,,,B
368058330,2019-05-08T12:01:38,39.08421,-75.1087,1.8,64.3,511.0,PURPLE  HAYS,,WDC9127,52.0,0.0,24.0,8.0,3.0,52.0,B
366889080,2019-05-08T12:02:13,39.06221,-75.17324,10.5,-72.7,337.0,ADVENTURER,IMO7507411,WBN3015,31.0,0.0,41.0,11.0,5.2,32.0,A
538004030,2019-05-08T12:02:15,38.92697,-75.15932,0.0,-158.0,334.0,FRIO,IMO9596985,V7UU3,80.0,1.0,274.0,48.0,17.1,89.0,A
316036348,2019-05-08T12:02:05,39.09994,-75.16293,21.7,134.5,511.0,OVERDRAFT,IMO0000000,,37.0,,10.0,2.0,,,B
338233543,2019-05-08T12:02:23,39.1939,-75.04623,16.6,193.5,511.0,R/V JAMES W. JOSEPH,IMO0000000,JOSEPH,37.0,,14.0,6.0,,,B
269021000,2019-05-08T12:02:32,39.45117,-75.55433,11.8,-92.6,316.0,THORCO BASILISK,IMO9539377,HBLG,70.0,0.0,161.0,25.0,8.6,,A
366914210,2019-05-08T12:02:32,38.84112,-75.10279,12.0,-200.2,206.0,DELAWARE,IMO8990304,WYU8553,60.0,0.0,91.0,20.0,,,B
311073800,2019-05-08T12:02:35,38.98421,-75.21247,0.0,-174.0,337.0,EURO,IMO9567702,C6AA5,84.0,1.0,274.0,48.0,-11.5,84.0,A
367120230,2019-05-08T12:02:22,39.05373,-75.17079,10.4,156.7,511.0,SONIE,IMO9373723,WDD2812,31.0,0.0,24.0,9.0,4.0,52.0,B
367349860,2019-05-08T12:02:22,39.14045,-75.23505,8.7,-85.0,325.0,LINDA MORAN,IMO9398565,WDE4187,31.0,12.0,36.0,11.0,4.6,57.0,B
369235000,2019-05-08T12:03:25,38.91839,-75.13882,0.0,29.1,130.0,OSG VISION,IMO9436537,WDF2493,31.0,1.0,46.0,15.0,6.5,57.0,A
538006702,2019-05-08T12:03:25,38.96453,-75.1977,0.1,-149.0,8.0,NAMSEN,IMO9761528,V7QJ6,80.0,1.0,,,,,A
367317410,2019-05-08T12:02:49,39.00169,-74.97714,1.3,17.7,511.0,OPPORTUNE,,WDD9868,30.0,,16.0,5.0,,,B
366914210,2019-05-08T12:03:33,38.83824,-75.10488,11.9,-198.9,206.0,DELAWARE,IMO8990304,WYU8553,60.0,0.0,91.0,20.0,,,B
367349860,2019-05-08T12:03:32,39.14271,-75.23714,8.6,-85.2,325.0,LINDA MORAN,IMO9398565,WDE4187,31.0,12.0,36.0,11.0,4.6,57.0,B
366889080,2019-05-08T12:03:25,39.0655,-75.17499,10.4,-72.1,338.0,ADVENTURER,IMO7507411,WBN3015,31.0,0.0,41.0,11.0,5.2,32.0,B
338233543,2019-05-08T12:03:52,39.18715,-75.04839,16.6,195.0,511.0,R/V JAMES W. JOSEPH,IMO0000000,JOSEPH,37.0,,14.0,6.0,,,B
368058330,2019-05-08T12:03:19,39.08463,-75.10796,1.4,45.4,511.0,PURPLE  HAYS,,WDC9127,52.0,0.0,24.0,8.0,3.0,52.0,B
367470320,2019-05-08T12:03:31,38.99967,-74.98909,1.0,11.3,511.0,CHARISMA,,WDF6070,30.0,,13.0,,,,B
338447000,2019-05-08T12:03:52,38.96457,-75.19831,0.1,-118.2,8.0,OSG HORIZON,IMO9436549,WDF6180,31.0,0.0,46.0,15.0,6.5,57.0,B
240463000,2019-05-08T12:04:04,38.93947,-75.17182,0.0,-141.6,4.0,BOUBOULINA,IMO9298753,SZIS,80.0,1.0,274.0,50.0,17.0,80.0,A
367490480,2019-05-08T12:03:31,38.99897,-74.98981,0.6,-51.6,511.0,EVA MARIE,IMO8969408,WDH3461,30.0,,26.0,7.0,,,B
269021000,2019-05-08T12:03:35,39.45367,-75.5575,11.6,-85.6,334.0,THORCO BASILISK,IMO9539377,HBLG,70.0,0.0,161.0,25.0,8.6,,A
367120230,2019-05-08T12:03:31,39.05051,-75.16885,11.3,150.3,511.0,SONIE,IMO9373723,WDD2812,31.0,0.0,24.0,9.0,4.0,52.0,B
367490480,2019-05-08T12:04:34,38.99926,-74.98993,2.1,-84.6,511.0,EVA MARIE,IMO8969408,WDH3461,30.0,,26.0,7.0,,,B
316036348,2019-05-08T12:04:05,39.09201,-75.15145,22.0,134.5,511.0,OVERDRAFT,IMO0000000,,37.0,,10.0,2.0,,,B
367120230,2019-05-08T12:04:42,39.04722,-75.16682,11.2,154.0,511.0,SONIE,IMO9373723,WDD2812,31.0,0.0,24.0,9.0,4.0,52.0,B
366889080,2019-05-08T12:04:29,39.06834,-75.17653,10.3,-72.4,337.0,ADVENTURER,IMO7507411,WBN3015,31.0,0.0,41.0,11.0,5.2,32.0,B
368058330,2019-05-08T12:04:38,39.08525,-75.10698,2.4,71.3,511.0,PURPLE  HAYS,,WDC9127,52.0,0.0,24.0,8.0,3.0,52.0,B
269021000,2019-05-08T12:04:39,39.45683,-75.55867,11.2,-54.6,353.0,THORCO BASILISK,IMO9539377,HBLG,70.0,0.0,161.0,25.0,8.6,,A
367120230,2019-05-08T12:01:10,39.0564,-75.17243,8.7,151.5,511.0,SONIE,IMO9373723,WDD2812,31.0,0.0,24.0,9.0,4.0,52.0,B
367349860,2019-05-08T12:01:12,39.13812,-75.23293,8.7,-85.1,325.0,LINDA MORAN,IMO9398565,WDE4187,31.0,12.0,36.0,11.0,4.6,57.0,B
367539750,2019-05-08T12:01:13,39.00114,-74.9771,1.2,8.1,511.0,ONNERED,,WDG4753,30.0,,18.0,6.0,,,B
366914210,2019-05-08T12:04:41,38.83492,-75.10737,12.0,-199.1,205.0,DELAWARE,IMO8990304,WYU8553,60.0,0.0,91.0,20.0,,,B
366914210,2019-05-08T12:01:22,38.84461,-75.10036,12.0,-200.6,205.0,DELAWARE,IMO8990304,WYU8553,60.0,0.0,91.0,20.0,,,B
269021000,2019-05-08T12:01:23,39.44833,-75.551,11.6,-92.6,316.0,THORCO BASILISK,IMO9539377,HBLG,70.0,0.0,161.0,25.0,8.6,,B
338447000,2019-05-08T12:02:31,38.96458,-75.19826,0.1,-118.2,7.0,OSG HORIZON,IMO9436549,WDF6180,31.0,0.0,46.0,15.0,6.5,57.0,B
367539750,2019-05-08T12:04:11,39.00222,-74.97696,1.4,12.3,511.0,ONNERED,,WDG4753,30.0,,18.0,6.0,,,B
367349860,2019-05-08T12:04:42,39.14498,-75.23923,8.4,-85.2,324.0,LINDA MORAN,IMO9398565,WDE4187,31.0,12.0,36.0,11.0,4.6,57.0,B
338447000,2019-05-08T12:05:01,38.96457,-75.19838,0.1,-135.1,9.0,OSG HORIZON,IMO9436549,WDF6180,31.0,0.0,46.0,15.0,6.5,57.0,B
538004030,2019-05-08T12:05:14,38.92696,-75.15944,0.0,-151.1,337.0,FRIO,IMO9596985,V7UU3,80.0,1.0,274.0,48.0,17.1,89.0,A
338233543,2019-05-08T12:05:23,39.18048,-75.05069,16.4,195.2,511.0,R/V JAMES W. JOSEPH,IMO0000000,JOSEPH,37.0,,14.0,6.0,,,B
311073800,2019-05-08T12:05:34,38.98415,-75.21262,0.0,-167.3,340.0,EURO,IMO9567702,C6AA5,84.0,1.0,274.0,48.0,-11.5,84.0,A
316036348,2019-05-08T12:05:32,39.08599,-75.14329,21.5,131.8,511.0,OVERDRAFT,IMO0000000,,37.0,,10.0,2.0,,,B
367317410,2019-05-08T12:05:31,39.00267,-74.97697,2.1,-81.9,511.0,OPPORTUNE,,WDD9868,30.0,,16.0,5.0,,,B
269021000,2019-05-08T12:05:42,39.46,-75.55883,10.9,-54.6,349.0,THORCO BASILISK,IMO9539377,HBLG,70.0,0.0,161.0,25.0,8.6,,A
367349860,2019-05-08T12:05:43,39.14697,-75.24102,8.4,-85.2,324.0,LINDA MORAN,IMO9398565,WDE4187,31.0,12.0,36.0,11.0,4.6,57.0,B
366889080,2019-05-08T12:05:47,39.0718,-75.17839,10.4,-72.3,337.0,ADVENTURER,IMO7507411,WBN3015,31.0,0.0,41.0,11.0,5.2,32.0,B
368058330,2019-05-08T12:05:48,39.08515,-75.10599,2.3,126.4,511.0,PURPLE  HAYS,,WDC9127,52.0,0.0,24.0,8.0,3.0,52.0,B
366914210,2019-05-08T12:06:02,38.83103,-75.11,11.8,202.1,196.0,DELAWARE,IMO8990304,WYU8553,60.0,0.0,91.0,20.0,,,B
367120230,2019-05-08T12:05:51,39.04391,-75.16497,11.1,155.6,511.0,SONIE,IMO9373723,WDD2812,31.0,0.0,24.0,9.0,4.0,52.0,B
367490480,2019-05-08T12:05:59,39.00014,-74.9903,1.4,-56.6,511.0,EVA MARIE,IMO8969408,WDH3461,30.0,,26.0,7.0,,,B
338447000,2019-05-08T12:06:12,38.96455,-75.19847,0.2,-129.1,11.0,OSG HORIZON,IMO9436549,WDF6180,31.0,0.0,46.0,15.0,6.5,57.0,B
538006702,2019-05-08T12:06:27,38.96451,-75.19793,0.2,-142.9,12.0,NAMSEN,IMO9761528,V7QJ6,80.0,1.0,,,,,A
367470320,2019-05-08T12:06:31,39.00037,-74.98884,0.8,12.5,511.0,CHARISMA,,WDF6070,30.0,,13.0,,,,B
316036348,2019-05-08T12:06:34,39.08189,-75.13726,21.2,132.2,511.0,OVERDRAFT,IMO0000000,,37.0,,10.0,2.0,,,B
269021000,2019-05-08T12:06:45,39.46317,-75.5595,10.9,-60.6,345.0,THORCO BASILISK,IMO9539377,HBLG,70.0,0.0,161.0,25.0,8.6,,A
367349860,2019-05-08T12:06:52,39.1491,-75.24299,8.3,-85.0,324.0,LINDA MORAN,IMO9398565,WDE4187,31.0,12.0,36.0,11.0,4.6,57.0,B
369235000,2019-05-08T12:06:25,38.91838,-75.13886,0.0,29.1,127.0,OSG VISION,IMO9436537,WDF2493,31.0,1.0,46.0,15.0,6.5,57.0,A
367317410,2019-05-08T12:06:57,39.00318,-74.97684,1.6,0.4,511.0,OPPORTUNE,,WDD9868,30.0,,16.0,5.0,,,B
367120230,2019-05-08T12:07:10,39.04023,-75.16272,10.9,150.9,511.0,SONIE,IMO9373723,WDD2812,31.0,0.0,24.0,9.0,4.0,52.0,B
338233543,2019-05-08T12:06:53,39.17384,-75.05306,16.4,195.3,511.0,R/V JAMES W. JOSEPH,IMO0000000,JOSEPH,37.0,,14.0,6.0,,,B
366914210,2019-05-08T12:07:21,38.82676,-75.11169,11.9,195.7,192.0,DELAWARE,IMO8990304,WYU8553,60.0,0.0,91.0,20.0,,,B
367539750,2019-05-08T12:07:12,39.00332,-74.97672,1.4,14.1,511.0,ONNERED,,WDG4753,30.0,,18.0,6.0,,,B
368058330,2019-05-08T12:07:18,39.08454,-75.10592,1.6,-204.6,511.0,PURPLE  HAYS,,WDC9127,52.0,0.0,24.0,8.0,3.0,52.0,B
366889080,2019-05-08T12:06:49,39.07451,-75.17988,10.3,-72.8,336.0,ADVENTURER,IMO7507411,WBN3015,31.0,0.0,41.0,11.0,5.2,32.0,B
338447000,2019-05-08T12:07:22,38.96458,-75.19857,0.2,-125.0,12.0,OSG HORIZON,IMO9436549,WDF6180,31.0,0.0,46.0,15.0,6.5,57.0,B
269021000,2019-05-08T12:07:55,39.46667,-75.5605,11.2,-65.6,347.0,THORCO BASILISK,IMO9539377,HBLG,70.0,0.0,161.0,25.0,8.6,,A
240463000,2019-05-08T12:07:05,38.93947,-75.17207,0.0,-134.6,10.0,BOUBOULINA,IMO9298753,SZIS,80.0,1.0,274.0,50.0,17.0,80.0,A
367349860,2019-05-08T12:08:02,39.15122,-75.24493,8.3,-85.3,324.0,LINDA MORAN,IMO9398565,WDE4187,31.0,12.0,36.0,11.0,4.6,57.0,B
316036348,2019-05-08T12:08:02,39.07596,-75.12928,21.2,137.6,511.0,OVERDRAFT,IMO0000000,,37.0,,10.0,2.0,,,B
367490480,2019-05-08T12:07:29,39.00068,-74.99038,1.2,-54.1,511.0,EVA MARIE,IMO8969408,WDH3461,30.0,,26.0,7.0,,,B
311073800,2019-05-08T12:08:32,38.9841,-75.21282,0.1,-155.3,345.0,EURO,IMO9567702,C6AA5,84.0,1.0,274.0,48.0,-11.5,84.0,A
538004030,2019-05-08T12:08:16,38.92694,-75.15956,0.0,-142.5,341.0,FRIO,IMO9596985,V7UU3,80.0,1.0,274.0,48.0,17.1,89.0,A
367490480,2019-05-08T12:08:30,39.00136,-74.99039,1.8,5.1,511.0,EVA MARIE,IMO8969408,WDH3461,30.0,,26.0,7.0,,,B
367317410,2019-05-08T12:08:27,39.00375,-74.97671,1.4,8.1,511.0,OPPORTUNE,,WDD9868,30.0,,16.0,5.0,,,B
367120230,2019-05-08T12:08:22,39.03673,-75.1615,11.0,171.5,511.0,SONIE,IMO9373723,WDD2812,31.0,0.0,24.0,9.0,4.0,52.0,B
338233543,2019-05-08T12:08:24,39.16714,-75.05545,16.3,196.9,511.0,R/V JAMES W. JOSEPH,IMO0000000,JOSEPH,37.0,,14.0,6.0,,,B
368058330,2019-05-08T12:08:38,39.08405,-75.10629,1.9,-191.4,511.0,PURPLE  HAYS,,WDC9127,52.0,0.0,24.0,8.0,3.0,52.0,B
367349860,2019-05-08T12:09:11,39.15342,-75.24695,8.3,-85.3,325.0,LINDA MORAN,IMO9398565,WDE4187,31.0,12.0,36.0,11.0,4.6,57.0,B
366889080,2019-05-08T12:08:09,39.0781,-75.18185,10.3,-72.8,337.0,ADVENTURER,IMO7507411,WBN3015,31.0,0.0,41.0,11.0,5.2,32.0,B
367470320,2019-05-08T12:09:31,39.00103,-74.98859,0.8,12.6,511.0,CHARISMA,,WDF6070,30.0,,13.0,,,,B
316036348,2019-05-08T12:09:33,39.06964,-75.12104,22.2,130.8,511.0,OVERDRAFT,IMO0000000,,37.0,,10.0,2.0,,,B
369235000,2019-05-08T12:09:25,38.91843,-75.13887,0.0,29.1,126.0,OSG VISION,IMO9436537,WDF2493,31.0,1.0,46.0,15.0,6.5,57.0,A
366914210,2019-05-08T12:08:32,38.82316,-75.113,11.6,193.1,187.0,DELAWARE,IMO8990304,WYU8553,60.0,0.0,91.0,20.0,,,B
366914210,2019-05-08T12:09:42,38.81941,-75.11422,12.0,196.1,191.0,DELAWARE,IMO8990304,WYU8553,60.0,0.0,91.0,20.0,,,B
367120230,2019-05-08T12:09:42,39.03279,-75.16102,11.0,180.9,511.0,SONIE,IMO9373723,WDD2812,31.0,0.0,24.0,9.0,4.0,52.0,B
269021000,2019-05-08T12:09:01,39.47,-75.5615,11.5,-58.6,350.0,THORCO BASILISK,IMO9539377,HBLG,70.0,0.0,161.0,25.0,8.6,,B
538006702,2019-05-08T12:09:27,38.96454,-75.19817,0.2,-133.1,17.0,NAMSEN,IMO9761528,V7QJ6,80.0,1.0,,,,,A
368058330,2019-05-08T12:09:48,39.08348,-75.10685,1.9,-198.6,511.0,PURPLE  HAYS,,WDC9127,52.0,0.0,24.0,8.0,3.0,52.0,B
338447000,2019-05-08T12:08:31,38.9646,-75.19867,0.2,-125.6,14.0,OSG HORIZON,IMO9436549,WDF6180,31.0,0.0,46.0,15.0,6.5,57.0,B
367490480,2019-05-08T12:09:59,39.00212,-74.99005,2.0,31.0,511.0,EVA MARIE,IMO8969408,WDH3461,30.0,,26.0,7.0,,,B
269021000,2019-05-08T12:10:02,39.47333,-75.56217,11.4,-55.6,354.0,THORCO BASILISK,IMO9539377,HBLG,70.0,0.0,161.0,25.0,8.6,,A
240463000,2019-05-08T12:10:06,38.93955,-75.17232,0.0,-134.6,15.0,BOUBOULINA,IMO9298753,SZIS,80.0,1.0,274.0,50.0,17.0,80.0,A
367539750,2019-05-08T12:10:11,39.00446,-74.97648,1.4,8.2,511.0,ONNERED,,WDG4753,30.0,,18.0,6.0,,,B
366914210,2019-05-08T12:10:51,38.81561,-75.11564,11.9,196.2,190.0,DELAWARE,IMO8990304,WYU8553,60.0,0.0,91.0,20.0,,,B
367349860,2019-05-08T12:10:22,39.15561,-75.24895,8.3,-85.4,325.0,LINDA MORAN,IMO9398565,WDE4187,31.0,12.0,36.0,11.0,4.6,57.0,B
366889080,2019-05-08T12:10:29,39.08433,-75.18525,10.5,-74.8,334.0,ADVENTURER,IMO7507411,WBN3015,31.0,0.0,41.0,11.0,5.2,32.0,B
338233543,2019-05-08T12:10:23,39.15857,-75.05854,16.0,194.5,511.0,R/V JAMES W. JOSEPH,IMO0000000,JOSEPH,37.0,,14.0,6.0,,,B
367120230,2019-05-08T12:10:51,39.02927,-75.16076,10.9,181.2,511.0,SONIE,IMO9373723,WDD2812,31.0,0.0,24.0,9.0,4.0,52.0,B
338447000,2019-05-08T12:10:52,38.96464,-75.19887,0.2,-119.4,18.0,OSG HORIZON,IMO9436549,WDF6180,31.0,0.0,46.0,15.0,6.5,57.0,B
368058330,2019-05-08T12:10:59,39.08307,-75.10708,0.8,200.3,511.0,PURPLE  HAYS,,WDC9127,52.0,0.0,24.0,8.0,3.0,52.0,B
316036348,2019-05-08T12:11:01,39.06323,-75.1125,22.2,135.2,511.0,OVERDRAFT,IMO0000000,,37.0,,10.0,2.0,,,B
367317410,2019-05-08T12:11:26,39.00491,-74.97647,1.4,9.2,511.0,OPPORTUNE,,WDD9868,30.0,,16.0,5.0,,,B
538004030,2019-05-08T12:11:16,38.92692,-75.15967,0.0,-140.1,344.0,FRIO,IMO9596985,V7UU3,80.0,1.0,274.0,48.0,17.1,89.0,A
367349860,2019-05-08T12:11:32,39.1578,-75.251,8.3,-84.6,326.0,LINDA MORAN,IMO9398565,WDE4187,31.0,12.0,36.0,11.0,4.6,57.0,B
366889080,2019-05-08T12:09:27,39.08156,-75.18376,10.4,-72.5,337.0,ADVENTURER,IMO7507411,WBN3015,31.0,0.0,41.0,11.0,5.2,32.0,B
269021000,2019-05-08T12:11:08,39.47679,-75.56262,11.5,-55.6,354.0,THORCO BASILISK,IMO9539377,HBLG,70.0,0.0,161.0,25.0,8.6,,A
367490480,2019-05-08T12:11:30,39.0027,-74.98947,1.5,43.9,511.0,EVA MARIE,IMO8969408,WDH3461,30.0,,26.0,7.0,,,B
338447000,2019-05-08T12:09:42,38.96461,-75.19875,0.2,-123.5,16.0,OSG HORIZON,IMO9436549,WDF6180,31.0,0.0,46.0,15.0,6.5,57.0,B
367120230,2019-05-08T12:11:52,39.02612,-75.16081,11.0,181.4,511.0,SONIE,IMO9373723,WDD2812,31.0,0.0,24.0,9.0,4.0,52.0,B
338447000,2019-05-08T12:12:02,38.96468,-75.199,0.2,-115.1,20.0,OSG HORIZON,IMO9436549,WDF6180,31.0,0.0,46.0,15.0,6.5,57.0,B
366914210,2019-05-08T12:11:52,38.81238,-75.11669,11.7,192.3,187.0,DELAWARE,IMO8990304,WYU8553,60.0,0.0,91.0,20.0,,,B
338233543,2019-05-08T12:12:23,39.15004,-75.06164,15.7,194.4,511.0,R/V JAMES W. JOSEPH,IMO0000000,JOSEPH,37.0,,14.0,6.0,,,B
368058330,2019-05-08T12:12:18,39.08275,-75.10728,0.8,-201.9,511.0,PURPLE  HAYS,,WDC9127,52.0,0.0,24.0,8.0,3.0,52.0,B
311073800,2019-05-08T12:11:33,38.98408,-75.21305,0.0,-146.8,349.0,EURO,IMO9567702,C6AA5,84.0,1.0,274.0,48.0,-11.5,84.0,A
269021000,2019-05-08T12:12:09,39.47996,-75.56313,11.6,-54.6,3.0,THORCO BASILISK,IMO9539377,HBLG,70.0,0.0,161.0,25.0,8.6,,A
369235000,2019-05-08T12:12:25,38.91842,-75.13876,0.0,29.1,129.0,OSG VISION,IMO9436537,WDF2493,31.0,1.0,46.0,15.0,6.5,57.0,A
367470320,2019-05-08T12:12:31,39.00168,-74.98844,0.7,13.2,511.0,CHARISMA,,WDF6070,30.0,,13.0,,,,B
538006702,2019-05-08T12:12:29,38.96455,-75.19849,0.2,-125.9,22.0,NAMSEN,IMO9761528,V7QJ6,80.0,1.0,,,,,A
338312656,2019-05-08T12:13:02,39.39056,-75.51297,4.4,66.1,511.0,SEA REGALIS,IMO0000000,,90.0,,8.0,2.0,,,B
316036348,2019-05-08T12:12:36,39.05674,-75.10319,22.5,134.3,511.0,OVERDRAFT,IMO0000000,,37.0,,10.0,2.0,,,B
367120230,2019-05-08T12:13:22,39.02156,-75.16103,11.0,183.4,511.0,SONIE,IMO9373723,WDD2812,31.0,0.0,24.0,9.0,4.0,52.0,B
240463000,2019-05-08T12:13:04,38.9396,-75.17262,0.0,-130.6,20.0,BOUBOULINA,IMO9298753,SZIS,80.0,1.0,274.0,50.0,17.0,80.0,A
338447000,2019-05-08T12:13:11,38.96471,-75.1991,0.2,-113.4,22.0,OSG HORIZON,IMO9436549,WDF6180,31.0,0.0,46.0,15.0,6.5,57.0,B
269021000,2019-05-08T12:13:35,39.48433,-75.562,11.3,15.0,14.0,THORCO BASILISK,IMO9539377,HBLG,70.0,0.0,161.0,25.0,8.6,,A
367349860,2019-05-08T12:12:42,39.16006,-75.25298,8.3,-84.3,326.0,LINDA MORAN,IMO9398565,WDE4187,31.0,12.0,36.0,11.0,4.6,57.0,B
366914210,2019-05-08T12:13:02,38.80867,-75.11794,11.9,194.4,187.0,DELAWARE,IMO8990304,WYU8553,60.0,0.0,91.0,20.0,,,B
367349860,2019-05-08T12:13:52,39.16226,-75.25498,8.3,-84.6,326.0,LINDA MORAN,IMO9398565,WDE4187,31.0,12.0,36.0,11.0,4.6,57.0,B
368058330,2019-05-08T12:13:27,39.08252,-75.10738,0.7,191.5,511.0,PURPLE  HAYS,,WDC9127,52.0,0.0,24.0,8.0,3.0,52.0,B
316036348,2019-05-08T12:14:02,39.0506,-75.09489,22.3,130.8,511.0,OVERDRAFT,IMO0000000,,37.0,,10.0,2.0,,,B
366914210,2019-05-08T12:14:11,38.8049,-75.1189,11.7,186.5,180.0,DELAWARE,IMO8990304,WYU8553,60.0,0.0,91.0,20.0,,,B
367317410,2019-05-08T12:14:26,39.00609,-74.97625,1.5,13.6,511.0,OPPORTUNE,,WDD9868,30.0,,16.0,5.0,,,B
338447000,2019-05-08T12:14:21,38.96476,-75.19923,0.3,-110.7,25.0,OSG HORIZON,IMO9436549,WDF6180,31.0,0.0,46.0,15.0,6.5,57.0,B
366889080,2019-05-08T12:11:33,39.08693,-75.18723,10.4,-84.7,324.0,ADVENTURER,IMO7507411,WBN3015,31.0,0.0,41.0,11.0,5.2,32.0,A
367120230,2019-05-08T12:14:31,39.01813,-75.16114,10.9,180.3,511.0,SONIE,IMO9373723,WDD2812,31.0,0.0,24.0,9.0,4.0,52.0,B
311073800,2019-05-08T12:14:33,38.98405,-75.21327,0.0,-145.2,353.0,EURO,IMO9567702,C6AA5,84.0,1.0,274.0,48.0,-11.5,84.0,A
538004030,2019-05-08T12:14:15,38.9269,-75.15982,0.0,-147.8,348.0,FRIO,IMO9596985,V7UU3,80.0,1.0,274.0,48.0,17.1,89.0,A
367490480,2019-05-08T12:14:36,39.00353,-74.98871,2.1,69.0,511.0,EVA MARIE,IMO8969408,WDH3461,30.0,,26.0,7.0,,,B
366889080,2019-05-08T12:14:49,39.09467,-75.19422,10.4,-83.6,326.0,ADVENTURER,IMO7507411,WBN3015,31.0,0.0,41.0,11.0,5.2,32.0,B
366889080,2019-05-08T12:12:45,39.08977,-75.18989,10.4,-86.0,324.0,ADVENTURER,IMO7507411,WBN3015,31.0,0.0,41.0,11.0,5.2,32.0,B
366889080,2019-05-08T12:13:48,39.09231,-75.19217,10.4,-84.2,325.0,ADVENTURER,IMO7507411,WBN3015,31.0,0.0,41.0,11.0,5.2,32.0,B
338233543,2019-05-08T12:13:53,39.14374,-75.06389,15.9,196.7,511.0,R/V JAMES W. JOSEPH,IMO0000000,JOSEPH,37.0,,14.0,6.0,,,B
368058330,2019-05-08T12:14:38,39.08234,-75.10732,0.4,152.5,511.0,PURPLE  HAYS,,WDC9127,52.0,0.0,24.0,8.0,3.0,52.0,B
269021000,2019-05-08T12:15:02,39.48883,-75.5605,11.7,14.0,14.0,THORCO BASILISK,IMO9539377,HBLG,70.0,0.0,161.0,25.0,8.6,,B
338312656,2019-05-08T12:15:02,39.39359,-75.50531,19.3,69.2,511.0,SEA REGALIS,IMO0000000,,90.0,,8.0,2.0,,,B
369235000,2019-05-08T12:15:25,38.91848,-75.13877,0.0,29.1,131.0,OSG VISION,IMO9436537,WDF2493,31.0,1.0,46.0,15.0,6.5,57.0,A
367349860,2019-05-08T12:15:02,39.1644,-75.25691,8.3,-84.8,325.0,LINDA MORAN,IMO9398565,WDE4187,31.0,12.0,36.0,11.0,4.6,57.0,B
316036348,2019-05-08T12:15:04,39.0463,-75.08872,22.4,133.4,511.0,OVERDRAFT,IMO0000000,,37.0,,10.0,2.0,,,B
366914210,2019-05-08T12:15:41,38.80003,-75.1192,11.6,178.7,173.0,DELAWARE,IMO8990304,WYU8553,60.0,0.0,91.0,20.0,,,B
338447000,2019-05-08T12:15:22,38.96481,-75.19934,0.3,-109.4,28.0,OSG HORIZON,IMO9436549,WDF6180,31.0,0.0,46.0,15.0,6.5,57.0,B
338233543,2019-05-08T12:15:24,39.1378,-75.06605,5.5,197.9,511.0,R/V JAMES W. JOSEPH,IMO0000000,JOSEPH,37.0,,14.0,6.0,,,B
367120230,2019-05-08T12:15:52,39.01401,-75.16138,10.9,182.9,511.0,SONIE,IMO9373723,WDD2812,31.0,0.0,24.0,9.0,4.0,52.0,B
538006702,2019-05-08T12:15:28,38.96463,-75.19883,0.4,-119.3,29.0,NAMSEN,IMO9761528,V7QJ6,80.0,1.0,,,,,A
367470320,2019-05-08T12:15:31,39.00241,-74.98826,0.9,14.8,511.0,CHARISMA,,WDF6070,30.0,,13.0,,,,B
367490480,2019-05-08T12:16:01,39.00308,-74.98808,1.8,173.3,511.0,EVA MARIE,IMO8969408,WDH3461,30.0,,26.0,7.0,,,B
368058330,2019-05-08T12:15:47,39.08228,-75.10708,0.9,81.9,511.0,PURPLE  HAYS,,WDC9127,52.0,0.0,24.0,8.0,3.0,52.0,B
338312656,2019-05-08T12:16:04,39.39613,-75.49859,21.1,59.1,511.0,SEA REGALIS,IMO0000000,,90.0,,8.0,2.0,,,B
366889080,2019-05-08T12:16:06,39.09781,-75.19697,10.4,-83.8,325.0,ADVENTURER,IMO7507411,WBN3015,31.0,0.0,41.0,11.0,5.2,32.0,A
367349860,2019-05-08T12:16:12,39.16667,-75.25893,8.2,-85.6,326.0,LINDA MORAN,IMO9398565,WDE4187,31.0,12.0,36.0,11.0,4.6,57.0,B
367539750,2019-05-08T12:16:11,39.00678,-74.976,1.4,7.4,511.0,ONNERED,,WDG4753,30.0,,18.0,6.0,,,B
338447000,2019-05-08T12:16:31,38.96487,-75.19947,0.3,-107.2,31.0,OSG HORIZON,IMO9436549,WDF6180,31.0,0.0,46.0,15.0,6.5,57.0,B
269021000,2019-05-08T12:16:22,39.49317,-75.55917,11.8,14.0,15.0,THORCO BASILISK,IMO9539377,HBLG,70.0,0.0,161.0,25.0,8.6,,B
369235000,2019-05-08T12:16:32,38.91847,-75.13874,0.0,29.1,132.0,OSG VISION,IMO9436537,WDF2493,31.0,0.0,46.0,15.0,6.5,57.0,A
240463000,2019-05-08T12:16:05,38.93967,-75.17295,0.0,-124.6,27.0,BOUBOULINA,IMO9298753,SZIS,80.0,1.0,274.0,50.0,17.0,80.0,A
366889080,2019-05-08T12:17:09,39.10031,-75.19916,10.5,-84.1,326.0,ADVENTURER,IMO7507411,WBN3015,31.0,0.0,41.0,11.0,5.2,32.0,B
316036348,2019-05-08T12:16:32,39.0402,-75.08003,22.5,128.6,511.0,OVERDRAFT,IMO0000000,,37.0,,10.0,2.0,,,B
367349860,2019-05-08T12:17:23,39.16883,-75.26094,8.1,-85.4,326.0,LINDA MORAN,IMO9398565,WDE4187,31.0,12.0,36.0,11.0,4.6,57.0,B
269021000,2019-05-08T12:17:31,39.49683,-75.558,11.9,15.0,14.0,THORCO BASILISK,IMO9539377,HBLG,70.0,0.0,161.0,25.0,8.6,,B
338233543,2019-05-08T12:16:53,39.1367,-75.06665,1.3,-181.5,511.0,R/V JAMES W. JOSEPH,IMO0000000,JOSEPH,37.0,,14.0,6.0,,,B
367317410,2019-05-08T12:17:26,39.00732,-74.97607,1.7,-50.0,511.0,OPPORTUNE,,WDD9868,30.0,,16.0,5.0,,,B
367490480,2019-05-08T12:17:31,39.00284,-74.98803,0.8,-52.7,511.0,EVA MARIE,IMO8969408,WDH3461,30.0,,26.0,7.0,,,B
311073800,2019-05-08T12:17:34,38.98404,-75.21357,0.1,-146.2,358.0,EURO,IMO9567702,C6AA5,84.0,1.0,274.0,48.0,-11.5,84.0,A
368058330,2019-05-08T12:18:08,39.08304,-75.10596,2.9,48.6,511.0,PURPLE  HAYS,,WDC9127,52.0,0.0,24.0,8.0,3.0,52.0,B
367120230,2019-05-08T12:17:02,39.01048,-75.16152,10.9,182.5,511.0,SONIE,IMO9373723,WDD2812,31.0,0.0,24.0,9.0,4.0,52.0,B
366914210,2019-05-08T12:16:42,38.79696,-75.11885,10.3,171.7,168.0,DELAWARE,IMO8990304,WYU8553,60.0,0.0,91.0,20.0,,,B
366889080,2019-05-08T12:18:15,39.10304,-75.20152,10.6,-83.8,326.0,ADVENTURER,IMO7507411,WBN3015,31.0,0.0,41.0,11.0,5.2,32.0,A
338233543,2019-05-08T12:17:56,39.1364,-75.06684,3.1,173.7,511.0,R/V JAMES W. JOSEPH,IMO0000000,JOSEPH,37.0,,14.0,6.0,,,B
366914210,2019-05-08T12:17:52,38.7939,-75.11796,9.3,166.5,164.0,DELAWARE,IMO8990304,WYU8553,60.0,0.0,91.0,20.0,,,B
316036348,2019-05-08T12:18:02,39.03434,-75.07081,22.6,129.7,511.0,OVERDRAFT,IMO0000000,,37.0,,10.0,2.0,,,B
338312656,2019-05-08T12:18:04,39.40217,-75.48534,21.5,60.2,511.0,SEA REGALIS,IMO0000000,,90.0,,8.0,2.0,,,B
368058330,2019-05-08T12:16:58,39.08253,-75.10664,1.7,45.7,511.0,PURPLE  HAYS,,WDC9127,52.0,0.0,24.0,8.0,3.0,52.0,B
367470320,2019-05-08T12:18:31,39.00319,-74.98795,0.7,7.4,511.0,CHARISMA,,WDF6070,30.0,,13.0,,,,B
338447000,2019-05-08T12:18:52,38.965,-75.19973,0.4,-100.6,38.0,OSG HORIZON,IMO9436549,WDF6180,31.0,0.0,46.0,15.0,6.5,57.0,B
269021000,2019-05-08T12:19:11,39.50217,-75.55617,11.9,14.0,13.0,THORCO BASILISK,IMO9539377,HBLG,70.0,0.0,161.0,25.0,8.6,,B
366914210,2019-05-08T12:19:12,38.79059,-75.11706,8.9,171.3,171.0,DELAWARE,IMO8990304,WYU8553,60.0,0.0,91.0,20.0,,,B
367539750,2019-05-08T12:19:11,39.00803,-74.97596,1.4,-53.4,511.0,ONNERED,,WDG4753,30.0,,18.0,6.0,,,B
367120230,2019-05-08T12:18:11,39.00706,-75.16143,10.8,183.8,511.0,SONIE,IMO9373723,WDD2812,31.0,0.0,24.0,9.0,4.0,52.0,B
369235000,2019-05-08T12:18:43,38.91839,-75.13873,0.1,29.1,131.0,OSG VISION,IMO9436537,WDF2493,31.0,0.0,46.0,15.0,6.5,57.0,B
316036348,2019-05-08T12:19:03,39.03025,-75.06446,22.6,130.0,511.0,OVERDRAFT,IMO0000000,,37.0,,10.0,2.0,,,B
338447000,2019-05-08T12:17:41,38.96491,-75.19957,0.4,-104.0,34.0,OSG HORIZON,IMO9436549,WDF6180,31.0,0.0,46.0,15.0,6.5,57.0,B
369235000,2019-05-08T12:17:42,38.91843,-75.13874,0.1,29.1,132.0,OSG VISION,IMO9436537,WDF2493,31.0,0.0,46.0,15.0,6.5,57.0,B
338233543,2019-05-08T12:19:24,39.13647,-75.06641,3.0,99.3,511.0,R/V JAMES W. JOSEPH,IMO0000000,JOSEPH,37.0,,14.0,6.0,,,B
338447000,2019-05-08T12:20:20,38.96512,-75.19988,0.4,-95.9,42.0,OSG HORIZON,IMO9436549,WDF6180,31.0,0.0,46.0,15.0,6.5,57.0,B
369235000,2019-05-08T12:19:52,38.91838,-75.13873,0.0,29.1,130.0,OSG VISION,IMO9436537,WDF2493,31.0,0.0,46.0,15.0,6.5,57.0,B
367349860,2019-05-08T12:18:33,39.17092,-75.26289,8.1,-84.7,327.0,LINDA MORAN,IMO9398565,WDE4187,31.0,12.0,36.0,11.0,4.6,57.0,B
269021000,2019-05-08T12:20:22,39.506,-75.555,11.9,14.0,14.0,THORCO BASILISK,IMO9539377,HBLG,70.0,0.0,161.0,25.0,8.6,,B
366914210,2019-05-08T12:20:21,38.7878,-75.1168,8.5,177.9,177.0,DELAWARE,IMO8990304,WYU8553,60.0,0.0,91.0,20.0,,,B
538004030,2019-05-08T12:20:17,38.92685,-75.16023,0.0,-157.6,358.0,FRIO,IMO9596985,V7UU3,80.0,1.0,274.0,48.0,17.1,89.0,A
311073800,2019-05-08T12:20:34,38.98403,-75.2139,0.1,-138.9,4.0,EURO,IMO9567702,C6AA5,84.0,1.0,274.0,48.0,-11.5,84.0,A
368058330,2019-05-08T12:20:28,39.08435,-75.10381,3.6,48.3,511.0,PURPLE  HAYS,,WDC9127,52.0,0.0,24.0,8.0,3.0,52.0,B
367120230,2019-05-08T12:20:31,39.00004,-75.16252,10.9,182.8,511.0,SONIE,IMO9373723,WDD2812,31.0,0.0,24.0,9.0,4.0,52.0,B
338312656,2019-05-08T12:20:34,39.40732,-75.47128,1.2,71.5,511.0,SEA REGALIS,IMO0000000,,90.0,,8.0,2.0,,,B
366889080,2019-05-08T12:20:46,39.10914,-75.20687,10.6,-83.8,325.0,ADVENTURER,IMO7507411,WBN3015,31.0,0.0,41.0,11.0,5.2,32.0,B
338233543,2019-05-08T12:20:26,39.13686,-75.06656,2.8,-192.1,511.0,R/V JAMES W. JOSEPH,IMO0000000,JOSEPH,37.0,,14.0,6.0,,,B
367317410,2019-05-08T12:20:27,39.00863,-74.97606,1.6,-50.8,511.0,OPPORTUNE,,WDD9868,30.0,,16.0,5.0,,,B
368058330,2019-05-08T12:19:18,39.08365,-75.10495,3.3,54.8,511.0,PURPLE  HAYS,,WDC9127,52.0,0.0,24.0,8.0,3.0,52.0,B
367120230,2019-05-08T12:19:21,39.00357,-75.16203,10.9,189.2,511.0,SONIE,IMO9373723,WDD2812,31.0,0.0,24.0,9.0,4.0,52.0,B
366914210,2019-05-08T12:21:52,38.78469,-75.11716,5.6,199.2,205.0,DELAWARE,IMO8990304,WYU8553,60.0,0.0,91.0,20.0,,,B
367349860,2019-05-08T12:20:52,39.17526,-75.26674,8.1,-83.1,331.0,LINDA MORAN,IMO9398565,WDE4187,31.0,12.0,36.0,11.0,4.6,57.0,B
366889080,2019-05-08T12:19:27,39.10595,-75.20407,10.5,-84.3,325.0,ADVENTURER,IMO7507411,WBN3015,31.0,0.0,41.0,11.0,5.2,32.0,B
338447000,2019-05-08T12:21:31,38.96519,-75.19999,0.4,-91.7,46.0,OSG HORIZON,IMO9436549,WDF6180,31.0,0.0,46.0,15.0,6.5,57.0,B
367349860,2019-05-08T12:22:12,39.17775,-75.26873,8.0,-80.8,331.0,LINDA MORAN,IMO9398565,WDE4187,31.0,12.0,36.0,11.0,4.6,57.0,B
367490480,2019-05-08T12:21:01,39.00375,-74.98805,1.1,7.0,511.0,EVA MARIE,IMO8969408,WDH3461,30.0,,26.0,7.0,,,B
367120230,2019-05-08T12:21:41,38.99655,-75.16304,10.9,190.0,511.0,SONIE,IMO9373723,WDD2812,31.0,0.0,24.0,9.0,4.0,52.0,B
369235000,2019-05-08T12:21:03,38.91837,-75.13872,0.0,29.1,129.0,OSG VISION,IMO9436537,WDF2493,31.0,0.0,46.0,15.0,6.5,57.0,B
367349860,2019-05-08T12:19:41,39.17302,-75.26478,8.1,-83.8,328.0,LINDA MORAN,IMO9398565,WDE4187,31.0,12.0,36.0,11.0,4.6,57.0,B
316036348,2019-05-08T12:22:32,39.01539,-75.04412,22.5,133.5,511.0,OVERDRAFT,IMO0000000,,37.0,,10.0,2.0,,,B
367470320,2019-05-08T12:21:31,39.00395,-74.98782,0.8,1.9,511.0,CHARISMA,,WDF6070,30.0,,13.0,,,,B
240463000,2019-05-08T12:22:03,38.93993,-75.17368,0.0,-111.6,42.0,BOUBOULINA,IMO9298753,SZIS,80.0,1.0,274.0,50.0,17.0,80.0,A
366889080,2019-05-08T12:22:06,39.1124,-75.20969,10.6,-83.4,326.0,ADVENTURER,IMO7507411,WBN3015,31.0,0.0,41.0,11.0,5.2,32.0,B
538006702,2019-05-08T12:21:30,38.96491,-75.1996,0.4,-104.8,47.0,NAMSEN,IMO9761528,V7QJ6,80.0,1.0,,,,,A
367539750,2019-05-08T12:22:11,39.00935,-74.97599,1.6,3.3,511.0,ONNERED,,WDG4753,30.0,,18.0,6.0,,,B
368058330,2019-05-08T12:21:39,39.08506,-75.10264,3.5,52.4,511.0,PURPLE  HAYS,,WDC9127,52.0,0.0,24.0,8.0,3.0,52.0,B
338233543,2019-05-08T12:22:24,39.1367,-75.06631,2.5,137.4,511.0,R/V JAMES W. JOSEPH,IMO0000000,JOSEPH,37.0,,14.0,6.0,,,B
269021000,2019-05-08T12:23:11,39.515,-75.55217,11.8,14.0,14.0,THORCO BASILISK,IMO9539377,HBLG,70.0,0.0,161.0,25.0,8.6,,B
366914210,2019-05-08T12:23:12,38.78367,-75.11866,3.4,-157.6,264.0,DELAWARE,IMO8990304,WYU8553,60.0,0.0,91.0,20.0,,,B
367120230,2019-05-08T12:22:51,38.99309,-75.16393,10.9,191.9,511.0,SONIE,IMO9373723,WDD2812,31.0,0.0,24.0,9.0,4.0,52.0,B
316036348,2019-05-08T12:20:33,39.02393,-75.05561,22.7,133.8,511.0,OVERDRAFT,IMO0000000,,37.0,,10.0,2.0,,,B
369235000,2019-05-08T12:22:13,38.91833,-75.13865,0.0,29.1,129.0,OSG VISION,IMO9436537,WDF2493,31.0,0.0,46.0,15.0,6.5,57.0,B
338233543,2019-05-08T12:23:54,39.13696,-75.06577,5.2,104.4,511.0,R/V JAMES W. JOSEPH,IMO0000000,JOSEPH,37.0,,14.0,6.0,,,B
367539750,2019-05-08T12:23:19,39.00987,-74.97597,2.1,2.0,511.0,ONNERED,,WDG4753,30.0,,18.0,6.0,,,B
338447000,2019-05-08T12:22:41,38.96532,-75.20012,0.4,-89.0,50.0,OSG HORIZON,IMO9436549,WDF6180,31.0,0.0,46.0,15.0,6.5,57.0,B
366889080,2019-05-08T12:23:27,39.11566,-75.21266,10.6,-86.2,323.0,ADVENTURER,IMO7507411,WBN3015,31.0,0.0,41.0,11.0,5.2,32.0,B
311073800,2019-05-08T12:23:36,38.98405,-75.21429,0.1,-141.4,11.0,EURO,IMO9567702,C6AA5,84.0,1.0,274.0,48.0,-11.5,84.0,A
269021000,2019-05-08T12:24:21,39.51867,-75.551,11.7,16.0,15.0,THORCO BASILISK,IMO9539377,HBLG,70.0,0.0,161.0,25.0,8.6,,A
368058330,2019-05-08T12:22:49,39.08589,-75.10158,3.5,41.5,511.0,PURPLE  HAYS,,WDC9127,52.0,0.0,24.0,8.0,3.0,52.0,B
369235000,2019-05-08T12:24:23,38.91835,-75.13864,0.0,29.1,125.0,OSG VISION,IMO9436537,WDF2493,31.0,0.0,46.0,15.0,6.5,57.0,B
338447000,2019-05-08T12:23:50,38.96542,-75.20025,0.4,-83.2,54.0,OSG HORIZON,IMO9436549,WDF6180,31.0,0.0,46.0,15.0,6.5,57.0,B
368058330,2019-05-08T12:23:59,39.08686,-75.10067,3.7,31.6,511.0,PURPLE  HAYS,,WDC9127,52.0,0.0,24.0,8.0,3.0,52.0,B
538004030,2019-05-08T12:23:15,38.92681,-75.1605,0.1,-153.9,2.0,FRIO,IMO9596985,V7UU3,80.0,1.0,274.0,48.0,17.1,89.0,A
316036348,2019-05-08T12:23:35,39.01098,-75.03802,22.5,134.1,511.0,OVERDRAFT,IMO0000000,,37.0,,10.0,2.0,,,B
369235000,2019-05-08T12:23:22,38.91835,-75.13865,0.0,29.1,127.0,OSG VISION,IMO9436537,WDF2493,31.0,0.0,46.0,15.0,6.5,57.0,B
316036348,2019-05-08T12:25:02,39.00492,-75.02912,22.5,128.8,511.0,OVERDRAFT,IMO0000000,,37.0,,10.0,2.0,,,B
269021000,2019-05-08T12:21:31,39.5097,-75.55387,11.8,14.0,14.0,THORCO BASILISK,IMO9539377,HBLG,70.0,0.0,161.0,25.0,8.6,,B
367317410,2019-05-08T12:23:27,39.00996,-74.97607,1.4,0.7,511.0,OPPORTUNE,,WDD9868,30.0,,16.0,5.0,,,B
366889080,2019-05-08T12:24:29,39.11812,-75.21497,10.6,-85.5,324.0,ADVENTURER,IMO7507411,WBN3015,31.0,0.0,41.0,11.0,5.2,32.0,B
367470320,2019-05-08T12:24:31,39.00483,-74.98769,1.0,12.5,511.0,CHARISMA,,WDF6070,30.0,,13.0,,,,B
367490480,2019-05-08T12:24:02,39.00453,-74.98778,1.0,15.8,511.0,EVA MARIE,IMO8969408,WDH3461,30.0,,26.0,7.0,,,B
367120230,2019-05-08T12:24:51,38.98722,-75.1656,10.9,201.3,511.0,SONIE,IMO9373723,WDD2812,31.0,0.0,24.0,9.0,4.0,52.0,B
338447000,2019-05-08T12:25:01,38.96555,-75.20035,0.4,-80.0,58.0,OSG HORIZON,IMO9436549,WDF6180,31.0,0.0,46.0,15.0,6.5,57.0,B
538006702,2019-05-08T12:24:29,38.96518,-75.20001,0.4,-93.8,57.0,NAMSEN,IMO9761528,V7QJ6,80.0,1.0,,,,,A
240463000,2019-05-08T12:25:04,38.94012,-75.17403,0.0,-100.6,49.0,BOUBOULINA,IMO9298753,SZIS,80.0,1.0,274.0,50.0,17.0,80.0,A
367349860,2019-05-08T12:23:21,39.17991,-75.27039,7.9,-79.1,333.0,LINDA MORAN,IMO9398565,WDE4187,31.0,12.0,36.0,11.0,4.6,57.0,B
367317410,2019-05-08T12:24:29,39.01044,-74.97608,2.1,4.2,511.0,OPPORTUNE,,WDD9868,30.0,,16.0,5.0,,,B
367349860,2019-05-08T12:24:31,39.1822,-75.27199,7.9,-78.5,334.0,LINDA MORAN,IMO9398565,WDE4187,31.0,12.0,36.0,11.0,4.6,57.0,B
367539750,2019-05-08T12:24:44,39.01049,-74.97595,2.0,23.9,511.0,ONNERED,,WDG4753,30.0,,18.0,6.0,,,B
368058330,2019-05-08T12:25:19,39.0881,-75.09971,3.9,33.1,511.0,PURPLE  HAYS,,WDC9127,52.0,0.0,24.0,8.0,3.0,52.0,B
369235000,2019-05-08T12:26:03,38.91841,-75.13865,0.1,29.1,119.0,OSG VISION,IMO9436537,WDF2493,31.0,0.0,46.0,15.0,6.5,57.0,B
338233543,2019-05-08T12:25:26,39.13464,-75.06371,9.7,200.0,511.0,R/V JAMES W. JOSEPH,IMO0000000,JOSEPH,37.0,,14.0,6.0,,,B
366914210,2019-05-08T12:26:11,38.78389,-75.1191,0.9,125.9,338.0,DELAWARE,IMO8990304,WYU8553,60.0,0.0,91.0,20.0,,,A
538004030,2019-05-08T12:26:16,38.9268,-75.16084,0.1,-146.5,9.0,FRIO,IMO9596985,V7UU3,80.0,1.0,274.0,48.0,17.1,89.0,A
367349860,2019-05-08T12:25:32,39.18413,-75.27323,7.9,-75.9,335.0,LINDA MORAN,IMO9398565,WDE4187,31.0,12.0,36.0,11.0,4.6,57.0,B
338447000,2019-05-08T12:26:21,38.96572,-75.20049,0.4,-74.5,63.0,OSG HORIZON,IMO9436549,WDF6180,31.0,0.0,46.0,15.0,6.5,57.0,B
366889080,2019-05-08T12:25:46,39.12117,-75.21783,10.6,-85.6,323.0,ADVENTURER,IMO7507411,WBN3015,31.0,0.0,41.0,11.0,5.2,32.0,B
367317410,2019-05-08T12:25:55,39.01114,-74.97593,1.4,16.7,511.0,OPPORTUNE,,WDD9868,30.0,,16.0,5.0,,,B
367120230,2019-05-08T12:26:51,38.9815,-75.16827,10.8,203.7,511.0,SONIE,IMO9373723,WDD2812,31.0,0.0,24.0,9.0,4.0,52.0,B
367539750,2019-05-08T12:26:14,39.01084,-74.97663,1.8,-121.6,511.0,ONNERED,,WDG4753,30.0,,18.0,6.0,,,B
316036348,2019-05-08T12:26:32,38.99884,-75.02025,22.1,133.3,511.0,OVERDRAFT,IMO0000000,,37.0,,10.0,2.0,,,B
311073800,2019-05-08T12:26:33,38.98408,-75.21476,0.1,-134.3,21.0,EURO,IMO9567702,C6AA5,84.0,1.0,274.0,48.0,-11.5,84.0,A
366889080,2019-05-08T12:26:49,39.12372,-75.22019,10.7,-85.7,323.0,ADVENTURER,IMO7507411,WBN3015,31.0,0.0,41.0,11.0,5.2,32.0,B
368058330,2019-05-08T12:26:29,39.08924,-75.09882,4.1,32.5,511.0,PURPLE  HAYS,,WDC9127,52.0,0.0,24.0,8.0,3.0,52.0,B
369235000,2019-05-08T12:27:12,38.91847,-75.13863,0.3,4.5,116.0,OSG VISION,IMO9436537,WDF2493,31.0,0.0,46.0,15.0,6.5,57.0,B
367349860,2019-05-08T12:27:21,39.1878,-75.27545,8.0,-73.8,335.0,LINDA MORAN,IMO9398565,WDE4187,31.0,12.0,36.0,11.0,4.6,57.0,B
338233543,2019-05-08T12:27:25,39.12814,-75.06253,13.5,165.5,511.0,R/V JAMES W. JOSEPH,IMO0000000,JOSEPH,37.0,,14.0,6.0,,,B
367317410,2019-05-08T12:27:25,39.01174,-74.97574,1.7,14.0,511.0,OPPORTUNE,,WDD9868,30.0,,16.0,5.0,,,B
538006702,2019-05-08T12:27:29,38.96548,-75.20033,0.4,-83.8,68.0,NAMSEN,IMO9761528,V7QJ6,80.0,1.0,,,,,A
338447000,2019-05-08T12:27:31,38.96588,-75.20056,0.4,-71.7,67.0,OSG HORIZON,IMO9436549,WDF6180,31.0,0.0,46.0,15.0,6.5,57.0,B
368058330,2019-05-08T12:27:39,39.09037,-75.0979,4.2,32.5,511.0,PURPLE  HAYS,,WDC9127,52.0,0.0,24.0,8.0,3.0,52.0,B
367470320,2019-05-08T12:27:31,39.00569,-74.98744,1.1,11.7,511.0,CHARISMA,,WDF6070,30.0,,13.0,,,,B
316036348,2019-05-08T12:28:35,38.98979,-75.00874,22.8,136.5,511.0,OVERDRAFT,IMO0000000,,37.0,,10.0,2.0,,,B
367539750,2019-05-08T12:27:44,39.01116,-74.97724,1.0,-92.8,511.0,ONNERED,,WDG4753,30.0,,18.0,6.0,,,B
367490480,2019-05-08T12:27:01,39.00542,-74.98743,1.2,15.3,511.0,EVA MARIE,IMO8969408,WDH3461,30.0,,26.0,7.0,,,B
367120230,2019-05-08T12:28:51,38.97573,-75.17045,10.9,204.3,511.0,SONIE,IMO9373723,WDD2812,31.0,0.0,24.0,9.0,4.0,52.0,B
240463000,2019-05-08T12:28:05,38.94033,-75.1744,0.1,-95.6,57.0,BOUBOULINA,IMO9298753,SZIS,80.0,1.0,274.0,50.0,17.0,80.0,A
369235000,2019-05-08T12:28:13,38.91857,-75.13862,0.3,17.7,113.0,OSG VISION,IMO9436537,WDF2493,31.0,0.0,46.0,15.0,6.5,57.0,B
366889080,2019-05-08T12:28:06,39.12682,-75.22314,10.9,-86.2,323.0,ADVENTURER,IMO7507411,WBN3015,31.0,0.0,41.0,11.0,5.2,32.0,B
538004030,2019-05-08T12:29:15,38.92681,-75.16122,0.1,-138.4,16.0,FRIO,IMO9596985,V7UU3,80.0,1.0,274.0,48.0,17.1,89.0,A
338447000,2019-05-08T12:29:21,38.96611,-75.20064,0.4,-63.9,73.0,OSG HORIZON,IMO9436549,WDF6180,31.0,0.0,46.0,15.0,6.5,57.0,B
368058330,2019-05-08T12:28:48,39.09152,-75.09701,4.2,31.2,511.0,PURPLE  HAYS,,WDC9127,52.0,0.0,24.0,8.0,3.0,52.0,B
367349860,2019-05-08T12:28:22,39.18985,-75.27663,8.0,-73.8,335.0,LINDA MORAN,IMO9398565,WDE4187,31.0,12.0,36.0,11.0,4.6,57.0,B
316036348,2019-05-08T12:27:34,38.99433,-75.01462,22.5,137.1,511.0,OVERDRAFT,IMO0000000,,37.0,,10.0,2.0,,,B
366889080,2019-05-08T12:29:08,39.12935,-75.22553,10.9,-86.4,324.0,ADVENTURER,IMO7507411,WBN3015,31.0,0.0,41.0,11.0,5.2,32.0,B
338312656,2019-05-08T12:29:03,39.40627,-75.47237,7.7,-96.0,511.0,SEA REGALIS,IMO0000000,,90.0,,8.0,2.0,,,B
369235000,2019-05-08T12:29:23,38.91866,-75.13847,0.6,68.2,112.0,OSG VISION,IMO9436537,WDF2493,31.0,0.0,46.0,15.0,6.5,57.0,B
367349860,2019-05-08T12:29:32,39.19221,-75.27799,8.0,-73.7,335.0,LINDA MORAN,IMO9398565,WDE4187,31.0,12.0,36.0,11.0,4.6,57.0,B
367120230,2019-05-08T12:30:02,38.97255,-75.17273,10.9,-196.7,511.0,SONIE,IMO9373723,WDD2812,31.0,0.0,24.0,9.0,4.0,52.0,B
367490480,2019-05-08T12:30:01,39.00632,-74.98713,1.2,13.7,511.0,EVA MARIE,IMO8969408,WDH3461,30.0,,26.0,7.0,,,B
338233543,2019-05-08T12:29:55,39.11892,-75.05972,13.4,166.3,511.0,R/V JAMES W. JOSEPH,IMO0000000,JOSEPH,37.0,,14.0,6.0,,,B
368058330,2019-05-08T12:29:57,39.09272,-75.09613,4.2,28.5,511.0,PURPLE  HAYS,,WDC9127,52.0,0.0,24.0,8.0,3.0,52.0,B
311073800,2019-05-08T12:29:35,38.98415,-75.21527,0.2,-132.3,32.0,EURO,IMO9567702,C6AA5,84.0,1.0,274.0,48.0,-11.5,84.0,A
366889080,2019-05-08T12:31:13,39.13442,-75.23044,11.0,-85.4,325.0,ADVENTURER,IMO7507411,WBN3015,31.0,0.0,41.0,11.0,5.2,32.0,A
338447000,2019-05-08T12:31:21,38.96635,-75.20072,0.4,-58.9,80.0,OSG HORIZON,IMO9436549,WDF6180,31.0,0.0,46.0,15.0,6.5,57.0,B
538006702,2019-05-08T12:30:30,38.96584,-75.20055,0.4,-73.1,78.0,NAMSEN,IMO9761528,V7QJ6,80.0,1.0,,,,,A
367470320,2019-05-08T12:30:31,39.00661,-74.9872,1.1,10.4,511.0,CHARISMA,,WDF6070,30.0,,13.0,,,,B
240463000,2019-05-08T12:31:03,38.94067,-75.1747,0.1,-89.6,65.0,BOUBOULINA,IMO9298753,SZIS,80.0,1.0,274.0,50.0,17.0,80.0,A
316036348,2019-05-08T12:30:32,38.98064,-74.99832,22.3,132.8,511.0,OVERDRAFT,IMO0000000,,37.0,,10.0,2.0,,,B
367349860,2019-05-08T12:30:43,39.19467,-75.27938,8.0,-73.5,335.0,LINDA MORAN,IMO9398565,WDE4187,31.0,12.0,36.0,11.0,4.6,57.0,B
367539750,2019-05-08T12:31:44,39.01216,-74.97753,1.1,1.9,511.0,ONNERED,,WDG4753,30.0,,18.0,6.0,,,B
367349860,2019-05-08T12:32:12,39.19764,-75.28108,8.0,-73.3,335.0,LINDA MORAN,IMO9398565,WDE4187,31.0,12.0,36.0,11.0,4.6,57.0,B
367120230,2019-05-08T12:31:11,38.96981,-75.17515,10.7,-200.4,511.0,SONIE,IMO9373723,WDD2812,31.0,0.0,24.0,9.0,4.0,52.0,B
338233543,2019-05-08T12:31:26,39.1133,-75.0582,13.4,168.4,511.0,R/V JAMES W. JOSEPH,IMO0000000,JOSEPH,37.0,,14.0,6.0,,,B
369235000,2019-05-08T12:31:42,38.91887,-75.13804,0.6,53.5,112.0,OSG VISION,IMO9436537,WDF2493,31.0,0.0,46.0,15.0,6.5,57.0,B
367317410,2019-05-08T12:32:09,39.01393,-74.97475,4.0,44.7,511.0,OPPORTUNE,,WDD9868,30.0,,16.0,5.0,,,B
538004030,2019-05-08T12:32:14,38.92688,-75.16164,0.1,-131.8,24.0,FRIO,IMO9596985,V7UU3,80.0,1.0,274.0,48.0,17.1,89.0,A
367120230,2019-05-08T12:32:21,38.96656,-75.17688,10.9,192.2,511.0,SONIE,IMO9373723,WDD2812,31.0,0.0,24.0,9.0,4.0,52.0,B
368058330,2019-05-08T12:33:19,39.09616,-75.0935,4.2,30.1,511.0,PURPLE  HAYS,,WDC9127,52.0,0.0,24.0,8.0,3.0,52.0,B
367349860,2019-05-08T12:33:31,39.20036,-75.28259,8.0,-72.9,336.0,LINDA MORAN,IMO9398565,WDE4187,31.0,12.0,36.0,11.0,4.6,57.0,B
311073800,2019-05-08T12:32:33,38.98427,-75.2157,0.1,-118.4,41.0,EURO,IMO9567702,C6AA5,84.0,1.0,274.0,48.0,-11.5,84.0,A
338447000,2019-05-08T12:32:30,38.96646,-75.20074,0.4,-55.5,83.0,OSG HORIZON,IMO9436549,WDF6180,31.0,0.0,46.0,15.0,6.5,57.0,B
338233543,2019-05-08T12:32:56,39.10781,-75.05673,13.3,167.2,511.0,R/V JAMES W. JOSEPH,IMO0000000,JOSEPH,37.0,,14.0,6.0,,,B
338447000,2019-05-08T12:33:41,38.96657,-75.20074,0.4,-53.5,87.0,OSG HORIZON,IMO9436549,WDF6180,31.0,0.0,46.0,15.0,6.5,57.0,B
369235000,2019-05-08T12:32:53,38.919,-75.13786,0.5,46.5,112.0,OSG VISION,IMO9436537,WDF2493,31.0,0.0,46.0,15.0,6.5,57.0,B
538006702,2019-05-08T12:33:29,38.96614,-75.20067,0.4,-62.9,87.0,NAMSEN,IMO9761528,V7QJ6,80.0,1.0,,,,,A
316036348,2019-05-08T12:33:09,38.97182,-74.98539,5.0,124.5,511.0,OVERDRAFT,IMO0000000,,37.0,,10.0,2.0,,,B
367317410,2019-05-08T12:33:39,39.01548,-74.97531,4.4,-137.7,511.0,OPPORTUNE,,WDD9868,30.0,,16.0,5.0,,,B
366889080,2019-05-08T12:33:48,39.14093,-75.23631,11.0,-84.2,326.0,ADVENTURER,IMO7507411,WBN3015,31.0,0.0,41.0,11.0,5.2,32.0,B
369235000,2019-05-08T12:34:03,38.91917,-75.13748,1.7,67.5,121.0,OSG VISION,IMO9436537,WDF2493,31.0,0.0,46.0,15.0,6.5,57.0,B
338312656,2019-05-08T12:34:03,39.42738,-75.50189,23.8,-97.9,511.0,SEA REGALIS,IMO0000000,,90.0,,8.0,2.0,,,B
367120230,2019-05-08T12:33:31,38.96305,-75.17735,10.8,181.3,511.0,SONIE,IMO9373723,WDD2812,31.0,0.0,24.0,9.0,4.0,52.0,B
316036348,2019-05-08T12:34:33,38.97084,-74.98319,5.1,117.7,511.0,OVERDRAFT,IMO0000000,,37.0,,10.0,2.0,,,B
369235000,2019-05-08T12:30:32,38.91876,-75.13824,0.5,58.3,112.0,OSG VISION,IMO9436537,WDF2493,31.0,0.0,46.0,15.0,6.5,57.0,B
368058330,2019-05-08T12:34:28,39.09738,-75.09263,4.3,28.4,511.0,PURPLE  HAYS,,WDC9127,52.0,0.0,24.0,8.0,3.0,52.0,B
367120230,2019-05-08T12:35:42,38.95642,-75.17765,10.8,180.2,511.0,SONIE,IMO9373723,WDD2812,31.0,0.0,24.0,9.0,4.0,52.0,B
338447000,2019-05-08T12:34:52,38.9667,-75.20074,0.4,3.4,90.0,OSG HORIZON,IMO9436549,WDF6180,31.0,0.0,46.0,15.0,6.5,57.0,B
367349860,2019-05-08T12:34:42,39.20275,-75.28389,8.1,-72.5,335.0,LINDA MORAN,IMO9398565,WDE4187,31.0,12.0,36.0,11.0,4.6,57.0,B
367317410,2019-05-08T12:35:09,39.01532,-74.9776,4.1,-148.1,511.0,OPPORTUNE,,WDD9868,30.0,,16.0,5.0,,,B
366889080,2019-05-08T12:35:27,39.145,-75.24,10.8,-85.4,325.0,ADVENTURER,IMO7507411,WBN3015,31.0,0.0,41.0,11.0,5.2,32.0,B
338233543,2019-05-08T12:34:26,39.10244,-75.05539,12.9,168.1,511.0,R/V JAMES W. JOSEPH,IMO0000000,JOSEPH,37.0,,14.0,6.0,,,B
538004030,2019-05-08T12:35:17,38.92701,-75.16212,0.1,-123.2,32.0,FRIO,IMO9596985,V7UU3,80.0,1.0,274.0,48.0,17.1,89.0,A
311073800,2019-05-08T12:35:36,38.98445,-75.21601,0.1,-96.3,47.0,EURO,IMO9567702,C6AA5,84.0,1.0,274.0,48.0,-11.5,84.0,A
338312656,2019-05-08T12:31:03,39.41399,-75.48302,23.6,-98.7,511.0,SEA REGALIS,IMO0000000,,90.0,,8.0,2.0,,,B
368058330,2019-05-08T12:31:08,39.09393,-75.0952,4.2,31.3,511.0,PURPLE  HAYS,,WDC9127,52.0,0.0,24.0,8.0,3.0,52.0,B
366889080,2019-05-08T12:32:46,39.13835,-75.23399,11.0,-84.4,326.0,ADVENTURER,IMO7507411,WBN3015,31.0,0.0,41.0,11.0,5.2,32.0,B
367490480,2019-05-08T12:33:02,39.00732,-74.98685,1.2,10.4,511.0,EVA MARIE,IMO8969408,WDH3461,30.0,,26.0,7.0,,,B
367470320,2019-05-08T12:33:31,39.00754,-74.98701,1.4,7.5,511.0,CHARISMA,,WDF6070,30.0,,13.0,,,,B
240463000,2019-05-08T12:34:04,38.94103,-75.17497,0.1,-78.6,74.0,BOUBOULINA,IMO9298753,SZIS,80.0,1.0,274.0,50.0,17.0,80.0,A
369235000,2019-05-08T12:35:13,38.91903,-75.1362,3.8,118.1,154.0,OSG VISION,IMO9436537,WDF2493,31.0,0.0,46.0,15.0,6.5,57.0,A
368058330,2019-05-08T12:35:39,39.0986,-75.09168,4.4,31.1,511.0,PURPLE  HAYS,,WDC9127,52.0,0.0,24.0,8.0,3.0,52.0,B
338447000,2019-05-08T12:36:41,38.96693,-75.20071,0.4,9.0,95.0,OSG HORIZON,IMO9436549,WDF6180,31.0,0.0,46.0,15.0,6.5,57.0,B
369235000,2019-05-08T12:36:29,38.91766,-75.13528,4.9,172.9,196.0,OSG VISION,IMO9436537,WDF2493,31.0,0.0,46.0,15.0,6.5,57.0,A
367349860,2019-05-08T12:35:52,39.20524,-75.28519,8.1,-71.3,333.0,LINDA MORAN,IMO9398565,WDE4187,31.0,12.0,36.0,11.0,4.6,57.0,B
368058330,2019-05-08T12:37:18,39.10029,-75.09027,4.4,35.1,511.0,PURPLE  HAYS,,WDC9127,52.0,0.0,24.0,8.0,3.0,52.0,B
316036348,2019-05-08T12:36:03,38.96977,-74.98056,6.3,99.8,511.0,OVERDRAFT,IMO0000000,,37.0,,10.0,2.0,,,B
338233543,2019-05-08T12:36:25,39.09538,-75.05353,15.4,168.7,511.0,R/V JAMES W. JOSEPH,IMO0000000,JOSEPH,37.0,,14.0,6.0,,,B
367120230,2019-05-08T12:37:42,38.95418,-75.1812,9.3,-92.4,511.0,SONIE,IMO9373723,WDD2812,31.0,0.0,24.0,9.0,4.0,52.0,B
367470320,2019-05-08T12:36:31,39.00843,-74.98681,1.2,10.9,511.0,CHARISMA,,WDF6070,30.0,,13.0,,,,B
338312656,2019-05-08T12:36:33,39.43907,-75.5167,23.7,-94.4,511.0,SEA REGALIS,IMO0000000,,90.0,,8.0,2.0,,,B
367317410,2019-05-08T12:36:39,39.01431,-74.9791,4.0,-204.0,511.0,OPPORTUNE,,WDD9868,30.0,,16.0,5.0,,,B
366889080,2019-05-08T12:36:29,39.14753,-75.24229,10.7,-84.6,326.0,ADVENTURER,IMO7507411,WBN3015,31.0,0.0,41.0,11.0,5.2,32.0,B
538006702,2019-05-08T12:36:29,38.96647,-75.20077,0.4,-51.4,96.0,NAMSEN,IMO9761528,V7QJ6,80.0,1.0,,,,,A
367349860,2019-05-08T12:37:02,39.2075,-75.28646,7.9,-73.0,333.0,LINDA MORAN,IMO9398565,WDE4187,31.0,12.0,36.0,11.0,4.6,57.0,B
240463000,2019-05-08T12:37:05,38.94143,-75.17515,0.0,-68.6,84.0,BOUBOULINA,IMO9298753,SZIS,80.0,1.0,274.0,50.0,17.0,80.0,A
316036348,2019-05-08T12:37:32,38.96942,-74.97724,6.4,102.0,511.0,OVERDRAFT,IMO0000000,,37.0,,10.0,2.0,,,B
369235000,2019-05-08T12:37:32,38.91616,-75.13613,6.3,-193.3,213.0,OSG VISION,IMO9436537,WDF2493,31.0,0.0,46.0,15.0,6.5,57.0,B
366889080,2019-05-08T12:37:45,39.15064,-75.2451,10.8,-85.1,325.0,ADVENTURER,IMO7507411,WBN3015,31.0,0.0,41.0,11.0,5.2,32.0,B
367539750,2019-05-08T12:37:44,39.01447,-74.9772,1.5,8.2,511.0,ONNERED,,WDG4753,30.0,,18.0,6.0,,,B
369235000,2019-05-08T12:39:03,38.91394,-75.13891,8.0,-175.7,239.0,OSG VISION,IMO9436537,WDF2493,31.0,0.0,46.0,15.0,6.5,57.0,B
367317410,2019-05-08T12:37:45,39.01326,-74.97951,3.9,190.5,511.0,OPPORTUNE,,WDD9868,30.0,,16.0,5.0,,,B
367349860,2019-05-08T12:39:11,39.21184,-75.28884,7.6,-72.8,333.0,LINDA MORAN,IMO9398565,WDE4187,31.0,12.0,36.0,11.0,4.6,57.0,B
538004030,2019-05-08T12:38:15,38.92721,-75.1626,0.1,-112.6,41.0,FRIO,IMO9596985,V7UU3,80.0,1.0,274.0,48.0,17.1,89.0,A
367120230,2019-05-08T12:39:41,38.95805,-75.18535,9.2,-92.2,511.0,SONIE,IMO9373723,WDD2812,31.0,0.0,24.0,9.0,4.0,52.0,B
368058330,2019-05-08T12:38:28,39.10145,-75.08923,4.5,36.6,511.0,PURPLE  HAYS,,WDC9127,52.0,0.0,24.0,8.0,3.0,52.0,B
338233543,2019-05-08T12:37:26,39.09112,-75.0524,15.6,168.2,511.0,R/V JAMES W. JOSEPH,IMO0000000,JOSEPH,37.0,,14.0,6.0,,,B
311073800,2019-05-08T12:38:34,38.98466,-75.21621,0.1,-74.0,50.0,EURO,IMO9567702,C6AA5,84.0,1.0,274.0,48.0,-11.5,84.0,A
366889080,2019-05-08T12:38:48,39.15324,-75.24748,10.7,-85.1,325.0,ADVENTURER,IMO7507411,WBN3015,31.0,0.0,41.0,11.0,5.2,32.0,B
338447000,2019-05-08T12:39:01,38.96716,-75.20063,0.3,18.4,101.0,OSG HORIZON,IMO9436549,WDF6180,31.0,0.0,46.0,15.0,6.5,57.0,B
338447000,2019-05-08T12:37:51,38.96705,-75.20068,0.3,15.0,98.0,OSG HORIZON,IMO9436549,WDF6180,31.0,0.0,46.0,15.0,6.5,57.0,B
367317410,2019-05-08T12:39:09,39.01202,-74.97947,0.7,113.7,511.0,OPPORTUNE,,WDD9868,30.0,,16.0,5.0,,,B
538006702,2019-05-08T12:39:29,38.96679,-75.20071,0.3,9.4,104.0,NAMSEN,IMO9761528,V7QJ6,80.0,1.0,,,,,A
369235000,2019-05-08T12:40:52,38.91241,-75.14406,8.8,-151.0,262.0,OSG VISION,IMO9436537,WDF2493,31.0,0.0,46.0,15.0,6.5,57.0,B
367470320,2019-05-08T12:39:31,39.0092,-74.98668,1.3,12.6,511.0,CHARISMA,,WDF6070,30.0,,13.0,,,,B
338312656,2019-05-08T12:39:33,39.45392,-75.53334,23.6,-88.3,511.0,SEA REGALIS,IMO0000000,,90.0,,8.0,2.0,,,B
368058330,2019-05-08T12:39:38,39.10265,-75.08813,4.5,34.1,511.0,PURPLE  HAYS,,WDC9127,52.0,0.0,24.0,8.0,3.0,52.0,B
338233543,2019-05-08T12:39:57,39.08028,-75.0496,16.0,168.5,511.0,R/V JAMES W. JOSEPH,IMO0000000,JOSEPH,37.0,,14.0,6.0,,,B
367490480,2019-05-08T12:39:02,39.00928,-74.98653,1.2,6.2,511.0,EVA MARIE,IMO8969408,WDH3461,30.0,,26.0,7.0,,,B
240463000,2019-05-08T12:40:06,38.94185,-75.17525,0.0,-57.6,95.0,BOUBOULINA,IMO9298753,SZIS,80.0,1.0,274.0,50.0,17.0,80.0,A
367349860,2019-05-08T12:40:23,39.21414,-75.29012,7.4,-74.4,330.0,LINDA MORAN,IMO9398565,WDE4187,31.0,12.0,36.0,11.0,4.6,57.0,B
316036348,2019-05-08T12:40:35,38.968,-74.97069,6.0,107.6,511.0,OVERDRAFT,IMO0000000,,37.0,,10.0,2.0,,,B
366889080,2019-05-08T12:40:06,39.15641,-75.25038,10.7,-85.0,325.0,ADVENTURER,IMO7507411,WBN3015,31.0,0.0,41.0,11.0,5.2,32.0,B
367317410,2019-05-08T12:40:39,39.0112,-74.97914,3.6,176.5,511.0,OPPORTUNE,,WDD9868,30.0,,16.0,5.0,,,B
367539750,2019-05-08T12:40:44,39.01577,-74.97687,1.4,10.6,511.0,ONNERED,,WDG4753,30.0,,18.0,6.0,,,B
368058330,2019-05-08T12:41:59,39.10534,-75.08607,5.3,26.5,511.0,PURPLE  HAYS,,WDC9127,52.0,0.0,24.0,8.0,3.0,52.0,B
367120230,2019-05-08T12:40:51,38.96034,-75.18782,9.2,-92.5,511.0,SONIE,IMO9373723,WDD2812,31.0,0.0,24.0,9.0,4.0,52.0,B
316036348,2019-05-08T12:39:02,38.96887,-74.9739,6.5,103.4,511.0,OVERDRAFT,IMO0000000,,37.0,,10.0,2.0,,,B
366889080,2019-05-08T12:41:08,39.15889,-75.25263,10.7,-85.3,326.0,ADVENTURER,IMO7507411,WBN3015,31.0,0.0,41.0,11.0,5.2,32.0,B
367470320,2019-05-08T12:42:31,39.01015,-74.98644,1.3,15.1,511.0,CHARISMA,,WDF6070,30.0,,13.0,,,,B
338447000,2019-05-08T12:41:22,38.96737,-75.20057,0.3,28.1,107.0,OSG HORIZON,IMO9436549,WDF6180,31.0,0.0,46.0,15.0,6.5,57.0,B
338233543,2019-05-08T12:41:57,39.07139,-75.04729,16.3,167.5,511.0,R/V JAMES W. JOSEPH,IMO0000000,JOSEPH,37.0,,14.0,6.0,,,B
311073800,2019-05-08T12:41:33,38.98495,-75.21633,0.2,-63.3,54.0,EURO,IMO9567702,C6AA5,84.0,1.0,274.0,48.0,-11.5,84.0,A
368058330,2019-05-08T12:43:28,39.10726,-75.08468,5.5,32.5,511.0,PURPLE  HAYS,,WDC9127,52.0,0.0,24.0,8.0,3.0,52.0,B
367120230,2019-05-08T12:42:01,38.96266,-75.19022,9.2,-90.2,511.0,SONIE,IMO9373723,WDD2812,31.0,0.0,24.0,9.0,4.0,52.0,B
367490480,2019-05-08T12:42:02,39.01026,-74.98586,1.3,68.2,511.0,EVA MARIE,IMO8969408,WDH3461,30.0,,26.0,7.0,,,B
367317410,2019-05-08T12:42:09,39.00941,-74.98018,5.2,-200.6,511.0,OPPORTUNE,,WDD9868,30.0,,16.0,5.0,,,B
369235000,2019-05-08T12:43:52,38.91285,-75.1539,9.5,-124.9,294.0,OSG VISION,IMO9436537,WDF2493,31.0,0.0,46.0,15.0,6.5,57.0,B
316036348,2019-05-08T12:42:02,38.96733,-74.96785,5.3,101.8,511.0,OVERDRAFT,IMO0000000,,37.0,,10.0,2.0,,,B
538006702,2019-05-08T12:42:30,38.9671,-75.20063,0.3,20.2,111.0,NAMSEN,IMO9761528,V7QJ6,80.0,1.0,,,,,A
338447000,2019-05-08T12:42:30,38.9675,-75.20047,0.3,27.7,110.0,OSG HORIZON,IMO9436549,WDF6180,31.0,0.0,46.0,15.0,6.5,57.0,B
367349860,2019-05-08T12:43:01,39.21899,-75.29309,7.3,-75.9,329.0,LINDA MORAN,IMO9398565,WDE4187,31.0,12.0,36.0,11.0,4.6,57.0,B
366889080,2019-05-08T12:42:26,39.16204,-75.25552,10.6,-84.7,326.0,ADVENTURER,IMO7507411,WBN3015,31.0,0.0,41.0,11.0,5.2,32.0,B
369235000,2019-05-08T12:42:03,38.91219,-75.14781,9.2,-139.4,271.0,OSG VISION,IMO9436537,WDF2493,31.0,0.0,46.0,15.0,6.5,57.0,B
338447000,2019-05-08T12:40:11,38.96729,-75.2006,0.3,23.8,104.0,OSG HORIZON,IMO9436549,WDF6180,31.0,0.0,46.0,15.0,6.5,57.0,B
367349860,2019-05-08T12:41:51,39.21684,-75.29172,7.3,-75.4,329.0,LINDA MORAN,IMO9398565,WDE4187,31.0,12.0,36.0,11.0,4.6,57.0,B
240463000,2019-05-08T12:43:06,38.94212,-75.17525,0.0,2.0,104.0,BOUBOULINA,IMO9298753,SZIS,80.0,1.0,274.0,50.0,17.0,80.0,A
338233543,2019-05-08T12:43:28,39.06476,-75.04552,16.3,168.9,511.0,R/V JAMES W. JOSEPH,IMO0000000,JOSEPH,37.0,,14.0,6.0,,,B
366889080,2019-05-08T12:43:27,39.16448,-75.25769,10.6,-84.5,326.0,ADVENTURER,IMO7507411,WBN3015,31.0,0.0,41.0,11.0,5.2,32.0,B
366889080,2019-05-08T12:45:09,39.16867,-75.26141,10.6,-84.9,326.0,ADVENTURER,IMO7507411,WBN3015,31.0,0.0,41.0,11.0,5.2,32.0,B
367120230,2019-05-08T12:43:21,38.96544,-75.19265,9.2,-78.5,511.0,SONIE,IMO9373723,WDD2812,31.0,0.0,24.0,9.0,4.0,52.0,B
538004030,2019-05-08T12:41:16,38.92748,-75.16307,0.2,-101.5,51.0,FRIO,IMO9596985,V7UU3,80.0,1.0,274.0,48.0,17.1,89.0,A
367317410,2019-05-08T12:43:39,39.0075,-74.98149,5.7,-204.3,511.0,OPPORTUNE,,WDD9868,30.0,,16.0,5.0,,,B
367120230,2019-05-08T12:44:31,38.96777,-75.19494,9.1,-91.6,511.0,SONIE,IMO9373723,WDD2812,31.0,0.0,24.0,9.0,4.0,52.0,B
367090620,2019-05-08T12:45:24,38.94457,-75.31035,10.8,129.4,511.0,BREAKWATER,,WYH7020,60.0,15.0,14.0,4.0,,,B
538004030,2019-05-08T12:44:14,38.92783,-75.16347,0.2,-92.2,61.0,FRIO,IMO9596985,V7UU3,80.0,1.0,274.0,48.0,17.1,89.0,A
367349860,2019-05-08T12:45:42,39.22384,-75.29626,7.4,-77.7,328.0,LINDA MORAN,IMO9398565,WDE4187,31.0,12.0,36.0,11.0,4.6,57.0,B
367349860,2019-05-08T12:44:12,39.22109,-75.29441,7.3,-75.8,329.0,LINDA MORAN,IMO9398565,WDE4187,31.0,12.0,36.0,11.0,4.6,57.0,B
369235000,2019-05-08T12:45:52,38.91544,-75.15985,9.9,-102.0,312.0,OSG VISION,IMO9436537,WDF2493,31.0,0.0,46.0,15.0,6.5,57.0,B
311073800,2019-05-08T12:44:33,38.98535,-75.21641,0.3,-60.3,59.0,EURO,IMO9567702,C6AA5,84.0,1.0,274.0,48.0,-11.5,84.0,A
367490480,2019-05-08T12:45:02,39.0108,-74.98516,0.9,19.9,511.0,EVA MARIE,IMO8969408,WDH3461,30.0,,26.0,7.0,,,B
338233543,2019-05-08T12:44:56,39.05837,-75.04377,15.5,168.6,511.0,R/V JAMES W. JOSEPH,IMO0000000,JOSEPH,37.0,,14.0,6.0,,,B
368058330,2019-05-08T12:46:28,39.11104,-75.08146,5.3,35.0,511.0,PURPLE  HAYS,,WDC9127,52.0,0.0,24.0,8.0,3.0,52.0,B
367470320,2019-05-08T12:45:31,39.01116,-74.98601,1.5,19.2,511.0,CHARISMA,,WDF6070,30.0,,13.0,,,,B
338447000,2019-05-08T12:46:01,38.9678,-75.20024,0.2,36.9,117.0,OSG HORIZON,IMO9436549,WDF6180,31.0,0.0,46.0,15.0,6.5,57.0,B
338233543,2019-05-08T12:45:57,39.05429,-75.04273,11.7,169.1,511.0,R/V JAMES W. JOSEPH,IMO0000000,JOSEPH,37.0,,14.0,6.0,,,B
367120230,2019-05-08T12:45:51,38.96968,-75.19862,9.3,-105.5,511.0,SONIE,IMO9373723,WDD2812,31.0,0.0,24.0,9.0,4.0,52.0,B
538006702,2019-05-08T12:45:29,38.96736,-75.20049,0.2,26.1,117.0,NAMSEN,IMO9761528,V7QJ6,80.0,1.0,,,,,A
367317410,2019-05-08T12:45:39,39.00762,-74.97909,5.8,-197.0,511.0,OPPORTUNE,,WDD9868,30.0,,16.0,5.0,,,B
367539750,2019-05-08T12:46:44,39.01841,-74.97607,1.7,11.1,511.0,ONNERED,,WDG4753,30.0,,18.0,6.0,,,B
316036348,2019-05-08T12:43:34,38.96703,-74.96493,5.4,85.3,511.0,OVERDRAFT,IMO0000000,,37.0,,10.0,2.0,,,B
338447000,2019-05-08T12:43:42,38.96762,-75.20038,0.3,34.2,112.0,OSG HORIZON,IMO9436549,WDF6180,31.0,0.0,46.0,15.0,6.5,57.0,B
368058330,2019-05-08T12:44:38,39.10876,-75.08343,5.4,32.8,511.0,PURPLE  HAYS,,WDC9127,52.0,0.0,24.0,8.0,3.0,52.0,B
338447000,2019-05-08T12:44:52,38.96769,-75.20032,0.3,33.7,115.0,OSG HORIZON,IMO9436549,WDF6180,31.0,0.0,46.0,15.0,6.5,57.0,B
240463000,2019-05-08T12:46:05,38.94235,-75.17517,0.0,13.0,109.0,BOUBOULINA,IMO9298753,SZIS,80.0,1.0,274.0,50.0,17.0,80.0,A
367090620,2019-05-08T12:46:51,38.93853,-75.3007,24.9,129.3,511.0,BREAKWATER,,WYH7020,60.0,15.0,14.0,4.0,,,B
366889080,2019-05-08T12:46:27,39.1718,-75.26429,10.6,-85.1,327.0,ADVENTURER,IMO7507411,WBN3015,31.0,0.0,41.0,11.0,5.2,32.0,B
367349860,2019-05-08T12:47:42,39.22752,-75.29881,7.6,-79.1,327.0,LINDA MORAN,IMO9398565,WDE4187,31.0,12.0,36.0,11.0,4.6,57.0,B
369235000,2019-05-08T12:47:02,38.91766,-75.16291,10.2,-94.3,316.0,OSG VISION,IMO9436537,WDF2493,31.0,0.0,46.0,15.0,6.5,57.0,B
367120230,2019-05-08T12:47:02,38.97178,-75.20134,9.3,-82.7,511.0,SONIE,IMO9373723,WDD2812,31.0,0.0,24.0,9.0,4.0,52.0,B
338447000,2019-05-08T12:47:02,38.96782,-75.20017,0.2,35.7,119.0,OSG HORIZON,IMO9436549,WDF6180,31.0,0.0,46.0,15.0,6.5,57.0,B
367317410,2019-05-08T12:47:09,39.00571,-74.98109,6.2,-177.7,511.0,OPPORTUNE,,WDD9868,30.0,,16.0,5.0,,,B
367090620,2019-05-08T12:48:21,38.9404,-75.28898,25.0,60.9,511.0,BREAKWATER,,WYH7020,60.0,15.0,14.0,4.0,,,B
538004030,2019-05-08T12:47:14,38.92824,-75.16379,0.1,-78.2,73.0,FRIO,IMO9596985,V7UU3,80.0,1.0,274.0,48.0,17.1,89.0,A
368058330,2019-05-08T12:48:38,39.11363,-75.079,5.3,38.2,511.0,PURPLE  HAYS,,WDC9127,52.0,0.0,24.0,8.0,3.0,52.0,B
338233543,2019-05-08T12:47:26,39.05112,-75.04188,4.7,167.8,511.0,R/V JAMES W. JOSEPH,IMO0000000,JOSEPH,37.0,,14.0,6.0,,,B
367349860,2019-05-08T12:49:03,39.23002,-75.30066,7.7,-79.8,327.0,LINDA MORAN,IMO9398565,WDE4187,31.0,12.0,36.0,11.0,4.6,57.0,B
338312656,2019-05-08T12:47:33,39.45629,-75.54841,23.4,-151.5,511.0,SEA REGALIS,IMO0000000,,90.0,,8.0,2.0,,,B
311073800,2019-05-08T12:47:33,38.98582,-75.21648,0.2,-57.8,67.0,EURO,IMO9567702,C6AA5,84.0,1.0,274.0,48.0,-11.5,84.0,A
369235000,2019-05-08T12:48:12,38.92013,-75.16589,10.5,-93.6,318.0,OSG VISION,IMO9436537,WDF2493,31.0,0.0,46.0,15.0,6.5,57.0,B
338447000,2019-05-08T12:48:12,38.96791,-75.20012,0.2,40.5,121.0,OSG HORIZON,IMO9436549,WDF6180,31.0,0.0,46.0,15.0,6.5,57.0,B
366889080,2019-05-08T12:47:28,39.17424,-75.26656,10.6,-84.7,327.0,ADVENTURER,IMO7507411,WBN3015,31.0,0.0,41.0,11.0,5.2,32.0,B
367490480,2019-05-08T12:48:01,39.01164,-74.98469,1.2,21.6,511.0,EVA MARIE,IMO8969408,WDH3461,30.0,,26.0,7.0,,,B
538006702,2019-05-08T12:48:30,38.96755,-75.20035,0.2,32.4,123.0,NAMSEN,IMO9761528,V7QJ6,80.0,1.0,,,,,A
367120230,2019-05-08T12:50:12,38.97706,-75.20883,8.7,-104.6,511.0,SONIE,IMO9373723,WDD2812,31.0,0.0,24.0,9.0,4.0,52.0,B
367090620,2019-05-08T12:49:49,38.93913,-75.27761,23.7,121.3,511.0,BREAKWATER,,WYH7020,60.0,15.0,14.0,4.0,,,B
368058330,2019-05-08T12:50:27,39.11571,-75.0769,5.2,38.6,511.0,PURPLE  HAYS,,WDC9127,52.0,0.0,24.0,8.0,3.0,52.0,B
367470320,2019-05-08T12:48:31,39.01232,-74.98554,1.5,18.6,511.0,CHARISMA,,WDF6070,30.0,,13.0,,,,B
338233543,2019-05-08T12:48:56,39.04933,-75.04144,4.6,167.7,511.0,R/V JAMES W. JOSEPH,IMO0000000,JOSEPH,37.0,,14.0,6.0,,,B
369235000,2019-05-08T12:50:42,38.92574,-75.17209,10.7,-89.4,321.0,OSG VISION,IMO9436537,WDF2493,31.0,0.0,46.0,15.0,6.5,57.0,B
240463000,2019-05-08T12:49:03,38.94265,-75.17507,0.1,30.0,113.0,BOUBOULINA,IMO9298753,SZIS,80.0,1.0,274.0,50.0,17.0,80.0,A
367090620,2019-05-08T12:50:55,38.93536,-75.26954,23.9,121.0,511.0,BREAKWATER,,WYH7020,60.0,15.0,14.0,4.0,,,B
338447000,2019-05-08T12:49:21,38.96796,-75.20003,0.2,42.3,123.0,OSG HORIZON,IMO9436549,WDF6180,31.0,0.0,46.0,15.0,6.5,57.0,B
367349860,2019-05-08T12:51:22,39.23424,-75.30381,7.5,-88.6,317.0,LINDA MORAN,IMO9398565,WDE4187,31.0,12.0,36.0,11.0,4.6,57.0,B
367120230,2019-05-08T12:51:51,38.97956,-75.2128,8.8,-102.8,511.0,SONIE,IMO9373723,WDD2812,31.0,0.0,24.0,9.0,4.0,52.0,B
367120230,2019-05-08T12:48:11,38.97414,-75.20361,9.1,-93.7,511.0,SONIE,IMO9373723,WDD2812,31.0,0.0,24.0,9.0,4.0,52.0,B
338233543,2019-05-08T12:49:57,39.04807,-75.04086,6.0,131.7,511.0,R/V JAMES W. JOSEPH,IMO0000000,JOSEPH,37.0,,14.0,6.0,,,B
366889080,2019-05-08T12:51:26,39.1842,-75.2744,10.5,-72.3,339.0,ADVENTURER,IMO7507411,WBN3015,31.0,0.0,41.0,11.0,5.2,32.0,B
367539750,2019-05-08T12:49:44,39.01971,-74.97564,1.2,15.9,511.0,ONNERED,,WDG4753,30.0,,18.0,6.0,,,B
367317410,2019-05-08T12:50:08,39.00248,-74.98605,5.8,202.8,511.0,OPPORTUNE,,WDD9868,30.0,,16.0,5.0,,,B
366889080,2019-05-08T12:49:48,39.17998,-75.27147,10.6,-82.6,329.0,ADVENTURER,IMO7507411,WBN3015,31.0,0.0,41.0,11.0,5.2,32.0,B
538004030,2019-05-08T12:50:14,38.9287,-75.16396,0.0,-62.8,85.0,FRIO,IMO9596985,V7UU3,80.0,1.0,274.0,48.0,17.1,89.0,A
367317410,2019-05-08T12:48:39,39.0042,-74.98373,6.1,-175.9,511.0,OPPORTUNE,,WDD9868,30.0,,16.0,5.0,,,B
367090620,2019-05-08T12:52:17,38.92995,-75.26018,24.0,129.2,511.0,BREAKWATER,,WYH7020,60.0,15.0,14.0,4.0,,,B
366889080,2019-05-08T12:48:46,39.17743,-75.26932,10.6,-83.2,329.0,ADVENTURER,IMO7507411,WBN3015,31.0,0.0,41.0,11.0,5.2,32.0,B
311073800,2019-05-08T12:50:36,38.98632,-75.21654,0.1,-56.1,78.0,EURO,IMO9567702,C6AA5,84.0,1.0,274.0,48.0,-11.5,84.0,A
367349860,2019-05-08T12:52:43,39.23638,-75.30621,7.7,-90.9,317.0,LINDA MORAN,IMO9398565,WDE4187,31.0,12.0,36.0,11.0,4.6,57.0,B
368058330,2019-05-08T12:52:37,39.11819,-75.0743,5.3,40.2,511.0,PURPLE  HAYS,,WDC9127,52.0,0.0,24.0,8.0,3.0,52.0,B
538006702,2019-05-08T12:51:29,38.96771,-75.20025,0.2,34.0,127.0,NAMSEN,IMO9761528,V7QJ6,80.0,1.0,,,,,A
366914210,2019-05-08T12:51:31,38.78382,-75.11865,6.2,23.0,25.0,DELAWARE,IMO8990304,WYU8553,60.0,0.0,91.0,20.0,,,B
338447000,2019-05-08T12:53:01,38.96811,-75.19983,0.1,48.5,128.0,OSG HORIZON,IMO9436549,WDF6180,31.0,0.0,46.0,15.0,6.5,57.0,B
338233543,2019-05-08T12:51:27,39.04569,-75.03731,9.8,122.3,511.0,R/V JAMES W. JOSEPH,IMO0000000,JOSEPH,37.0,,14.0,6.0,,,B
367470320,2019-05-08T12:51:31,39.01339,-74.98508,1.2,20.0,511.0,CHARISMA,,WDF6070,30.0,,13.0,,,,B
369235000,2019-05-08T12:51:52,38.92838,-75.17486,10.7,-88.9,321.0,OSG VISION,IMO9436537,WDF2493,31.0,0.0,46.0,15.0,6.5,57.0,B
240463000,2019-05-08T12:52:06,38.94288,-75.17488,0.0,34.0,119.0,BOUBOULINA,IMO9298753,SZIS,80.0,1.0,274.0,50.0,17.0,80.0,A
367090620,2019-05-08T12:53:21,38.92553,-75.25303,24.2,126.7,511.0,BREAKWATER,,WYH7020,60.0,15.0,14.0,4.0,,,B
367317410,2019-05-08T12:52:39,39.00054,-74.98862,4.4,-88.6,511.0,OPPORTUNE,,WDD9868,30.0,,16.0,5.0,,,B
366889080,2019-05-08T12:52:29,39.18705,-75.27586,10.5,-72.0,339.0,ADVENTURER,IMO7507411,WBN3015,31.0,0.0,41.0,11.0,5.2,32.0,B
367539750,2019-05-08T12:52:45,39.02102,-74.97518,1.6,17.0,511.0,ONNERED,,WDG4753,30.0,,18.0,6.0,,,B
367090620,2019-05-08T12:54:31,38.92053,-75.2453,23.6,131.8,511.0,BREAKWATER,,WYH7020,60.0,15.0,14.0,4.0,,,B
367470320,2019-05-08T12:52:46,39.01363,-74.98563,4.9,-171.5,511.0,CHARISMA,,WDF6070,30.0,,13.0,,,,B
338312656,2019-05-08T12:53:04,39.4521,-75.56803,1.2,176.8,511.0,SEA REGALIS,IMO0000000,,90.0,,8.0,2.0,,,B
367349860,2019-05-08T12:54:53,39.23991,-75.31022,7.8,-90.8,318.0,LINDA MORAN,IMO9398565,WDE4187,31.0,12.0,36.0,11.0,4.6,57.0,B
538004030,2019-05-08T12:53:13,38.92909,-75.16396,0.0,4.5,95.0,FRIO,IMO9596985,V7UU3,80.0,1.0,274.0,48.0,17.1,89.0,A
366914210,2019-05-08T12:54:24,38.78961,-75.11609,8.1,-62.7,345.0,DELAWARE,IMO8990304,WYU8553,60.0,0.0,91.0,20.0,,,A
338233543,2019-05-08T12:53:27,39.04147,-75.0294,14.2,124.0,511.0,R/V JAMES W. JOSEPH,IMO0000000,JOSEPH,37.0,,14.0,6.0,,,B
338447000,2019-05-08T12:50:30,38.96804,-75.19997,0.2,37.5,124.0,OSG HORIZON,IMO9436549,WDF6180,31.0,0.0,46.0,15.0,6.5,57.0,B
366889080,2019-05-08T12:55:26,39.19509,-75.28026,10.5,-73.5,336.0,ADVENTURER,IMO7507411,WBN3015,31.0,0.0,41.0,11.0,5.2,32.0,B
311073800,2019-05-08T12:53:35,38.98682,-75.21657,0.0,-50.8,91.0,EURO,IMO9567702,C6AA5,84.0,1.0,274.0,48.0,-11.5,84.0,A
367490480,2019-05-08T12:54:02,39.0126,-74.98389,0.4,7.5,511.0,EVA MARIE,IMO8969408,WDH3461,30.0,,26.0,7.0,,,B
369235000,2019-05-08T12:55:32,38.93711,-75.18355,10.7,-83.9,326.0,OSG VISION,IMO9436537,WDF2493,31.0,0.0,46.0,15.0,6.5,57.0,B
367090620,2019-05-08T12:55:33,38.91619,-75.23843,23.2,130.8,511.0,BREAKWATER,,WYH7020,60.0,15.0,14.0,4.0,,,B
367317410,2019-05-08T12:54:09,39.00133,-74.98847,3.2,147.8,511.0,OPPORTUNE,,WDD9868,30.0,,16.0,5.0,,,B
338447000,2019-05-08T12:54:11,38.96817,-75.19979,0.1,48.5,129.0,OSG HORIZON,IMO9436549,WDF6180,31.0,0.0,46.0,15.0,6.5,57.0,B
368058330,2019-05-08T12:53:58,39.11972,-75.07263,5.2,40.6,511.0,PURPLE  HAYS,,WDC9127,52.0,0.0,24.0,8.0,3.0,52.0,B
367490480,2019-05-08T12:56:15,39.0119,-74.98422,2.3,195.3,511.0,EVA MARIE,IMO8969408,WDH3461,30.0,,26.0,7.0,,,B
538006702,2019-05-08T12:54:30,38.96784,-75.20011,0.1,34.6,131.0,NAMSEN,IMO9761528,V7QJ6,80.0,1.0,,,,,A
367317410,2019-05-08T12:51:09,39.00097,-74.98674,5.9,-198.7,511.0,OPPORTUNE,,WDD9868,30.0,,16.0,5.0,,,B
338312656,2019-05-08T12:54:33,39.45506,-75.56782,19.0,4.8,511.0,SEA REGALIS,IMO0000000,,90.0,,8.0,2.0,,,B
367470320,2019-05-08T12:54:16,39.01183,-74.98713,5.0,194.5,511.0,CHARISMA,,WDF6070,30.0,,13.0,,,,B
367120230,2019-05-08T12:56:31,38.98468,-75.22037,4.5,-82.3,511.0,SONIE,IMO9373723,WDD2812,31.0,0.0,24.0,9.0,4.0,52.0,B
311073800,2019-05-08T12:56:34,38.98727,-75.21652,0.1,5.3,104.0,EURO,IMO9567702,C6AA5,84.0,1.0,274.0,48.0,-11.5,84.0,A
240463000,2019-05-08T12:55:05,38.94308,-75.17475,0.0,36.0,126.0,BOUBOULINA,IMO9298753,SZIS,80.0,1.0,274.0,50.0,17.0,80.0,A
367349860,2019-05-08T12:56:41,39.24281,-75.31355,7.8,-90.7,318.0,LINDA MORAN,IMO9398565,WDE4187,31.0,12.0,36.0,11.0,4.6,57.0,B
338233543,2019-05-08T12:54:57,39.03802,-75.0229,14.7,123.9,511.0,R/V JAMES W. JOSEPH,IMO0000000,JOSEPH,37.0,,14.0,6.0,,,B
338447000,2019-05-08T12:56:21,38.96822,-75.19969,0.1,48.5,132.0,OSG HORIZON,IMO9436549,WDF6180,31.0,0.0,46.0,15.0,6.5,57.0,B
368058330,2019-05-08T12:55:07,39.12099,-75.07126,5.3,40.0,511.0,PURPLE  HAYS,,WDC9127,52.0,0.0,24.0,8.0,3.0,52.0,B
366914210,2019-05-08T12:55:33,38.7923,-75.11706,8.9,-62.9,349.0,DELAWARE,IMO8990304,WYU8553,60.0,0.0,91.0,20.0,,,B
367470320,2019-05-08T12:55:45,39.00935,-74.98714,6.3,168.4,511.0,CHARISMA,,WDF6070,30.0,,13.0,,,,B
338312656,2019-05-08T12:57:33,39.47185,-75.56552,20.1,-53.5,511.0,SEA REGALIS,IMO0000000,,90.0,,8.0,2.0,,,B
367317410,2019-05-08T12:55:39,39.00186,-74.99083,6.3,-61.4,511.0,OPPORTUNE,,WDD9868,30.0,,16.0,5.0,,,B
366889080,2019-05-08T12:56:29,39.19787,-75.28186,10.5,-73.9,335.0,ADVENTURER,IMO7507411,WBN3015,31.0,0.0,41.0,11.0,5.2,32.0,B
366914210,2019-05-08T12:57:22,38.79668,-75.11848,9.0,-63.9,347.0,DELAWARE,IMO8990304,WYU8553,60.0,0.0,91.0,20.0,,,B
369235000,2019-05-08T12:54:12,38.93385,-75.18063,10.8,-86.9,325.0,OSG VISION,IMO9436537,WDF2493,31.0,0.0,46.0,15.0,6.5,57.0,B
367090620,2019-05-08T12:58:13,38.90521,-75.22092,24.2,124.0,511.0,BREAKWATER,,WYH7020,60.0,15.0,14.0,4.0,,,B
367490480,2019-05-08T12:57:16,39.01125,-74.98438,2.6,190.0,511.0,EVA MARIE,IMO8969408,WDH3461,30.0,,26.0,7.0,,,B
368058330,2019-05-08T12:56:17,39.12233,-75.06984,5.2,39.7,511.0,PURPLE  HAYS,,WDC9127,52.0,0.0,24.0,8.0,3.0,52.0,B
367120230,2019-05-08T12:54:42,38.98296,-75.2187,3.4,-97.1,511.0,SONIE,IMO9373723,WDD2812,31.0,0.0,24.0,9.0,4.0,52.0,B
367470320,2019-05-08T12:56:46,39.0075,-74.98634,7.1,157.4,511.0,CHARISMA,,WDF6070,30.0,,13.0,,,,B
369235000,2019-05-08T12:58:12,38.94373,-75.18926,10.8,-83.1,327.0,OSG VISION,IMO9436537,WDF2493,31.0,0.0,46.0,15.0,6.5,57.0,B
538006702,2019-05-08T12:57:29,38.96791,-75.19998,0.1,34.6,134.0,NAMSEN,IMO9761528,V7QJ6,80.0,1.0,,,,,A
367470320,2019-05-08T12:58:15,39.00453,-74.98537,7.3,169.7,511.0,CHARISMA,,WDF6070,30.0,,13.0,,,,B
368058330,2019-05-08T12:57:28,39.12367,-75.06852,5.1,33.3,511.0,PURPLE  HAYS,,WDC9127,52.0,0.0,24.0,8.0,3.0,52.0,B
367317410,2019-05-08T12:57:08,39.00236,-74.9877,5.7,142.2,511.0,OPPORTUNE,,WDD9868,30.0,,16.0,5.0,,,B
240463000,2019-05-08T12:58:05,38.94323,-75.1747,0.0,23.0,131.0,BOUBOULINA,IMO9298753,SZIS,80.0,1.0,274.0,50.0,17.0,80.0,A
538004030,2019-05-08T12:56:15,38.92936,-75.16389,0.1,14.5,102.0,FRIO,IMO9596985,V7UU3,80.0,1.0,274.0,48.0,17.1,89.0,A
367100370,2019-05-08T12:56:42,38.79002,-75.12094,23.0,-124.1,511.0,LEWES,,WDC9301,50.0,0.0,16.0,5.0,,50.0,A
369235000,2019-05-08T12:56:53,38.94045,-75.18648,10.8,-83.1,327.0,OSG VISION,IMO9436537,WDF2493,31.0,0.0,46.0,15.0,6.5,57.0,B
367100370,2019-05-08T12:58:16,38.79244,-75.13339,23.1,-124.7,511.0,LEWES,,WDC9301,50.0,0.0,16.0,5.0,,50.0,B
338233543,2019-05-08T12:56:27,39.03466,-75.01658,13.3,123.4,511.0,R/V JAMES W. JOSEPH,IMO0000000,JOSEPH,37.0,,14.0,6.0,,,B
366914210,2019-05-08T12:58:23,38.79923,-75.11938,9.4,-64.8,353.0,DELAWARE,IMO8990304,WYU8553,60.0,0.0,91.0,20.0,,,A
367349860,2019-05-08T12:58:22,39.24562,-75.31661,7.8,-90.4,318.0,LINDA MORAN,IMO9398565,WDE4187,31.0,12.0,36.0,11.0,4.6,57.0,B
338447000,2019-05-08T12:57:30,38.96825,-75.19963,0.1,48.5,133.0,OSG HORIZON,IMO9436549,WDF6180,31.0,0.0,46.0,15.0,6.5,57.0,B
367120230,2019-05-08T12:57:42,38.98589,-75.22142,4.4,-71.1,511.0,SONIE,IMO9373723,WDD2812,31.0,0.0,24.0,9.0,4.0,52.0,B
367090620,2019-05-08T12:59:17,38.90103,-75.21373,24.2,129.3,511.0,BREAKWATER,,WYH7020,60.0,15.0,14.0,4.0,,,B
367100370,2019-05-08T12:59:24,38.79429,-75.14246,23.2,-126.5,511.0,LEWES,,WDC9301,50.0,0.0,16.0,5.0,,50.0,B
367539750,2019-05-08T12:58:44,39.02369,-74.97409,1.6,21.5,511.0,ONNERED,,WDG4753,30.0,,18.0,6.0,,,B
366889080,2019-05-08T12:59:29,39.20598,-75.28658,10.6,-73.2,336.0,ADVENTURER,IMO7507411,WBN3015,31.0,0.0,41.0,11.0,5.2,32.0,B
367349860,2019-05-08T12:59:41,39.2478,-75.31903,7.8,-90.2,318.0,LINDA MORAN,IMO9398565,WDE4187,31.0,12.0,36.0,11.0,4.6,57.0,B
366914210,2019-05-08T12:59:25,38.80195,-75.11901,10.3,14.9,22.0,DELAWARE,IMO8990304,WYU8553,60.0,0.0,91.0,20.0,,,A
338233543,2019-05-08T12:58:28,39.03013,-75.00832,14.1,123.3,511.0,R/V JAMES W. JOSEPH,IMO0000000,JOSEPH,37.0,,14.0,6.0,,,B
338447000,2019-05-08T12:58:32,38.96827,-75.19959,0.1,48.5,134.0,OSG HORIZON,IMO9436549,WDF6180,31.0,0.0,46.0,15.0,6.5,57.0,B
368058330,2019-05-08T12:58:38,39.12515,-75.06744,5.2,26.0,511.0,PURPLE  HAYS,,WDC9127,52.0,0.0,24.0,8.0,3.0,52.0,B
367490480,2019-05-08T12:58:45,39.01025,-74.98458,2.3,190.4,511.0,EVA MARIE,IMO8969408,WDH3461,30.0,,26.0,7.0,,,B
367120230,2019-05-08T12:58:52,38.98718,-75.22186,3.5,-63.0,511.0,SONIE,IMO9373723,WDD2812,31.0,0.0,24.0,9.0,4.0,52.0,B
338312656,2019-05-08T12:59:04,39.48024,-75.56603,20.2,1.2,511.0,SEA REGALIS,IMO0000000,,90.0,,8.0,2.0,,,B
367470320,2019-05-08T12:59:16,39.0025,-74.98501,7.3,182.2,511.0,CHARISMA,,WDF6070,30.0,,13.0,,,,B
369235000,2019-05-08T12:59:23,38.94668,-75.19177,10.8,-83.3,327.0,OSG VISION,IMO9436537,WDF2493,31.0,0.0,46.0,15.0,6.5,57.0,B
338233543,2019-05-08T12:59:29,39.02788,-75.00406,14.2,124.0,511.0,R/V JAMES W. JOSEPH,IMO0000000,JOSEPH,37.0,,14.0,6.0,,,B
311073800,2019-05-08T12:59:34,38.98763,-75.21641,0.0,20.8,116.0,EURO,IMO9567702,C6AA5,84.0,1.0,274.0,48.0,-11.5,84.0,A
367317410,2019-05-08T12:58:39,39.00019,-74.98827,5.5,-204.3,511.0,OPPORTUNE,,WDD9868,30.0,,16.0,5.0,,,B
338447000,2019-05-08T12:59:42,38.96833,-75.19954,0.1,48.5,135.0,OSG HORIZON,IMO9436549,WDF6180,31.0,0.0,46.0,15.0,6.5,57.0,B
367100370,2019-05-08T13:00:00,38.79521,-75.14727,23.2,-125.2,511.0,LEWES,,WDC9301,50.0,0.0,16.0,5.0,,50.0,B
367120230,2019-05-08T13:00:00,38.9884,-75.22199,3.8,-52.0,511.0,SONIE,IMO9373723,WDD2812,31.0,0.0,24.0,9.0,4.0,52.0,B
367090620,2019-05-08T13:00:01,38.89778,-75.20915,23.1,131.3,511.0,BREAKWATER,,WYH7020,60.0,15.0,14.0,4.0,,,B
338447000,2019-05-08T13:00:01,38.96833,-75.19953,0.1,48.5,135.0,OSG HORIZON,IMO9436549,WDF6180,31.0,0.0,46.0,15.0,6.5,57.0,B
367349860,2019-05-08T13:00:02,39.24838,-75.31968,7.8,-90.1,318.0,LINDA MORAN,IMO9398565,WDE4187,31.0,12.0,36.0,11.0,4.6,57.0,B
338312656,2019-05-08T13:00:04,39.48573,-75.56469,20.0,13.9,511.0,SEA REGALIS,IMO0000000,,90.0,,8.0,2.0,,,B
366914210,2019-05-08T13:00:02,38.80367,-75.11847,10.8,14.0,23.0,DELAWARE,IMO8990304,WYU8553,60.0,0.0,91.0,20.0,,,B
369235000,2019-05-08T13:00:03,38.94837,-75.19327,10.7,-83.6,327.0,OSG VISION,IMO9436537,WDF2493,31.0,0.0,46.0,15.0,6.5,57.0,B
538004030,2019-05-08T12:59:14,38.92958,-75.16378,0.2,28.7,105.0,FRIO,IMO9596985,V7UU3,80.0,1.0,274.0,48.0,17.1,89.0,A
366889080,2019-05-08T13:00:06,39.20759,-75.28748,10.5,-73.2,336.0,ADVENTURER,IMO7507411,WBN3015,31.0,0.0,41.0,11.0,5.2,32.0,B
367317410,2019-05-08T13:00:09,38.99872,-74.99055,5.5,-187.0,511.0,OPPORTUNE,,WDD9868,30.0,,16.0,5.0,,,B
368058330,2019-05-08T13:00:07,39.12716,-75.06625,5.3,24.0,511.0,PURPLE  HAYS,,WDC9127,52.0,0.0,24.0,8.0,3.0,52.0,B
338233543,2019-05-08T13:00:29,39.02558,-74.99983,14.4,123.6,511.0,R/V JAMES W. JOSEPH,IMO0000000,JOSEPH,37.0,,14.0,6.0,,,B
368058330,2019-05-08T12:59:48,39.12673,-75.06652,5.4,24.3,511.0,PURPLE  HAYS,,WDC9127,52.0,0.0,24.0,8.0,3.0,52.0,B
538006702,2019-05-08T13:00:28,38.96801,-75.19988,0.1,34.6,137.0,NAMSEN,IMO9761528,V7QJ6,80.0,1.0,,,,,A
367470320,2019-05-08T13:00:45,38.99947,-74.98508,7.3,179.8,511.0,CHARISMA,,WDF6070,30.0,,13.0,,,,B
367490480,2019-05-08T13:00:15,39.00918,-74.98485,3.8,190.9,511.0,EVA MARIE,IMO8969408,WDH3461,30.0,,26.0,7.0,,,B
367120230,2019-05-08T13:01:12,38.98888,-75.22196,0.5,3.8,511.0,SONIE,IMO9373723,WDD2812,31.0,0.0,24.0,9.0,4.0,52.0,B
367100370,2019-05-08T13:01:02,38.79574,-75.15535,22.5,-183.1,511.0,LEWES,,WDC9301,50.0,0.0,16.0,5.0,,50.0,B
367090620,2019-05-08T13:01:03,38.89342,-75.20243,23.9,131.8,511.0,BREAKWATER,,WYH7020,60.0,15.0,14.0,4.0,,,B
240463000,2019-05-08T13:01:03,38.94325,-75.17475,0.0,23.0,132.0,BOUBOULINA,IMO9298753,SZIS,80.0,1.0,274.0,50.0,17.0,80.0,A
368058330,2019-05-08T13:01:08,39.12852,-75.06536,5.3,26.8,511.0,PURPLE  HAYS,,WDC9127,52.0,0.0,24.0,8.0,3.0,52.0,B
367349860,2019-05-08T13:01:13,39.25031,-75.32182,7.8,-90.3,317.0,LINDA MORAN,IMO9398565,WDE4187,31.0,12.0,36.0,11.0,4.6,57.0,B
338447000,2019-05-08T13:01:11,38.96833,-75.1995,0.1,48.5,136.0,OSG HORIZON,IMO9436549,WDF6180,31.0,0.0,46.0,15.0,6.5,57.0,B
366914210,2019-05-08T13:01:13,38.80717,-75.11735,11.2,12.6,19.0,DELAWARE,IMO8990304,WYU8553,60.0,0.0,91.0,20.0,,,B
366889080,2019-05-08T13:01:25,39.21108,-75.28946,10.3,-74.5,333.0,ADVENTURER,IMO7507411,WBN3015,31.0,0.0,41.0,11.0,5.2,32.0,B
369235000,2019-05-08T13:01:13,38.95127,-75.19572,10.7,-83.4,327.0,OSG VISION,IMO9436537,WDF2493,31.0,0.0,46.0,15.0,6.5,57.0,B
367090620,2019-05-08T13:02:05,38.88887,-75.19595,24.0,131.0,511.0,BREAKWATER,,WYH7020,60.0,15.0,14.0,4.0,,,B
367490480,2019-05-08T13:01:46,39.00724,-74.9853,5.1,189.9,511.0,EVA MARIE,IMO8969408,WDH3461,30.0,,26.0,7.0,,,B
367470320,2019-05-08T13:02:15,38.99639,-74.98534,7.4,183.5,511.0,CHARISMA,,WDF6070,30.0,,13.0,,,,B
338312656,2019-05-08T13:01:34,39.4939,-75.56188,20.0,14.5,511.0,SEA REGALIS,IMO0000000,,90.0,,8.0,2.0,,,B
338233543,2019-05-08T13:01:30,39.02416,-74.99675,7.1,114.7,511.0,R/V JAMES W. JOSEPH,IMO0000000,JOSEPH,37.0,,14.0,6.0,,,B
338447000,2019-05-08T13:02:21,38.96835,-75.19948,0.0,48.5,137.0,OSG HORIZON,IMO9436549,WDF6180,31.0,0.0,46.0,15.0,6.5,57.0,B
367317410,2019-05-08T13:01:39,38.99784,-74.99369,7.1,-151.2,511.0,OPPORTUNE,,WDD9868,30.0,,16.0,5.0,,,B
367120230,2019-05-08T13:02:21,38.98961,-75.22158,4.9,25.8,511.0,SONIE,IMO9373723,WDD2812,31.0,0.0,24.0,9.0,4.0,52.0,B
538004030,2019-05-08T13:02:13,38.92976,-75.16363,0.2,35.7,106.0,FRIO,IMO9596985,V7UU3,80.0,1.0,274.0,48.0,17.1,89.0,A
366914210,2019-05-08T13:02:22,38.81063,-75.11623,11.2,13.3,20.0,DELAWARE,IMO8990304,WYU8553,60.0,0.0,91.0,20.0,,,B
367539750,2019-05-08T13:01:44,39.02496,-74.97336,1.6,25.8,511.0,ONNERED,,WDG4753,30.0,,18.0,6.0,,,B
366889080,2019-05-08T13:02:29,39.21382,-75.29111,10.0,-74.0,334.0,ADVENTURER,IMO7507411,WBN3015,31.0,0.0,41.0,11.0,5.2,32.0,B
311073800,2019-05-08T13:02:33,38.98785,-75.21625,0.0,32.6,124.0,EURO,IMO9567702,C6AA5,84.0,1.0,274.0,48.0,-11.5,84.0,A
367349860,2019-05-08T13:02:22,39.25222,-75.32395,7.8,-90.1,318.0,LINDA MORAN,IMO9398565,WDE4187,31.0,12.0,36.0,11.0,4.6,57.0,B
368058330,2019-05-08T13:02:48,39.13079,-75.06403,5.2,20.9,511.0,PURPLE  HAYS,,WDC9127,52.0,0.0,24.0,8.0,3.0,52.0,B
369235000,2019-05-08T13:02:22,38.95411,-75.19809,10.7,-81.6,330.0,OSG VISION,IMO9436537,WDF2493,31.0,0.0,46.0,15.0,6.5,57.0,B
338233543,2019-05-08T13:02:59,39.02257,-74.99277,15.3,117.5,511.0,R/V JAMES W. JOSEPH,IMO0000000,JOSEPH,37.0,,14.0,6.0,,,B
366914210,2019-05-08T13:03:33,38.81434,-75.11508,11.8,12.8,20.0,DELAWARE,IMO8990304,WYU8553,60.0,0.0,91.0,20.0,,,B
367090620,2019-05-08T13:03:07,38.88432,-75.18942,23.6,131.1,511.0,BREAKWATER,,WYH7020,60.0,15.0,14.0,4.0,,,B
338312656,2019-05-08T13:03:03,39.50215,-75.55915,20.7,14.4,511.0,SEA REGALIS,IMO0000000,,90.0,,8.0,2.0,,,B
367470320,2019-05-08T13:03:16,38.99636,-74.98376,9.3,35.0,511.0,CHARISMA,,WDF6070,30.0,,13.0,,,,B
367317410,2019-05-08T13:03:09,38.9971,-74.99726,6.9,-154.5,511.0,OPPORTUNE,,WDD9868,30.0,,16.0,5.0,,,B
538006702,2019-05-08T13:03:27,38.96809,-75.19984,0.0,34.6,139.0,NAMSEN,IMO9761528,V7QJ6,80.0,1.0,,,,,A
367120230,2019-05-08T13:03:31,38.99123,-75.22077,5.2,21.2,511.0,SONIE,IMO9373723,WDD2812,31.0,0.0,24.0,9.0,4.0,52.0,B
369235000,2019-05-08T13:03:32,38.95713,-75.20046,10.7,-81.1,331.0,OSG VISION,IMO9436537,WDF2493,31.0,0.0,46.0,15.0,6.5,57.0,B
367349860,2019-05-08T13:03:33,39.25414,-75.32609,7.8,-90.3,317.0,LINDA MORAN,IMO9398565,WDE4187,31.0,12.0,36.0,11.0,4.6,57.0,B
338447000,2019-05-08T13:03:41,38.96838,-75.19942,0.0,48.5,138.0,OSG HORIZON,IMO9436549,WDF6180,31.0,0.0,46.0,15.0,6.5,57.0,B
366889080,2019-05-08T13:03:46,39.21705,-75.29297,9.8,-73.2,335.0,ADVENTURER,IMO7507411,WBN3015,31.0,0.0,41.0,11.0,5.2,32.0,B
368058330,2019-05-08T13:03:58,39.13237,-75.06318,5.4,25.4,511.0,PURPLE  HAYS,,WDC9127,52.0,0.0,24.0,8.0,3.0,52.0,B
240463000,2019-05-08T13:04:05,38.94327,-75.17475,0.0,23.0,133.0,BOUBOULINA,IMO9298753,SZIS,80.0,1.0,274.0,50.0,17.0,80.0,A
367490480,2019-05-08T13:03:16,39.00523,-74.98537,3.6,178.5,511.0,EVA MARIE,IMO8969408,WDH3461,30.0,,26.0,7.0,,,B
367090620,2019-05-08T13:04:09,38.87969,-75.18294,24.2,137.1,511.0,BREAKWATER,,WYH7020,60.0,15.0,14.0,4.0,,,B
369235000,2019-05-08T13:04:33,38.95974,-75.20238,10.8,-79.4,332.0,OSG VISION,IMO9436537,WDF2493,31.0,0.0,46.0,15.0,6.5,57.0,B
367470320,2019-05-08T13:04:45,38.99951,-74.98117,8.0,25.3,511.0,CHARISMA,,WDF6070,30.0,,13.0,,,,B
338233543,2019-05-08T13:04:29,39.01987,-74.98495,16.0,113.0,511.0,R/V JAMES W. JOSEPH,IMO0000000,JOSEPH,37.0,,14.0,6.0,,,B
367317410,2019-05-08T13:04:38,38.99642,-75.0009,7.0,-158.3,511.0,OPPORTUNE,,WDD9868,30.0,,16.0,5.0,,,B
366889080,2019-05-08T13:04:48,39.21963,-75.29443,9.8,-73.9,334.0,ADVENTURER,IMO7507411,WBN3015,31.0,0.0,41.0,11.0,5.2,32.0,B
338447000,2019-05-08T13:04:50,38.9684,-75.19937,0.0,48.5,139.0,OSG HORIZON,IMO9436549,WDF6180,31.0,0.0,46.0,15.0,6.5,57.0,B
367349860,2019-05-08T13:04:42,39.25604,-75.32823,7.8,-90.5,318.0,LINDA MORAN,IMO9398565,WDE4187,31.0,12.0,36.0,11.0,4.6,57.0,B
367120230,2019-05-08T13:05:00,38.9921,-75.22099,1.2,-81.6,511.0,SONIE,IMO9373723,WDD2812,31.0,0.0,24.0,9.0,4.0,52.0,B
367490480,2019-05-08T13:04:45,39.00415,-74.9853,1.5,174.3,511.0,EVA MARIE,IMO8969408,WDH3461,30.0,,26.0,7.0,,,B
368058330,2019-05-08T13:05:08,39.13395,-75.06218,5.3,25.3,511.0,PURPLE  HAYS,,WDC9127,52.0,0.0,24.0,8.0,3.0,52.0,B
367090620,2019-05-08T13:05:19,38.87405,-75.176,23.6,135.7,511.0,BREAKWATER,,WYH7020,60.0,15.0,14.0,4.0,,,B
367317410,2019-05-08T13:05:39,38.99586,-75.00326,7.0,-156.2,511.0,OPPORTUNE,,WDD9868,30.0,,16.0,5.0,,,B
367539750,2019-05-08T13:05:50,39.02664,-74.97227,2.1,26.6,511.0,ONNERED,,WDG4753,30.0,,18.0,6.0,,,B
367120230,2019-05-08T13:06:02,38.99235,-75.22115,0.9,-75.0,511.0,SONIE,IMO9373723,WDD2812,31.0,0.0,24.0,9.0,4.0,52.0,B
338447000,2019-05-08T13:06:11,38.96843,-75.19937,0.0,48.5,140.0,OSG HORIZON,IMO9436549,WDF6180,31.0,0.0,46.0,15.0,6.5,57.0,B
367349860,2019-05-08T13:05:52,39.25792,-75.3303,7.8,-90.8,318.0,LINDA MORAN,IMO9398565,WDE4187,31.0,12.0,36.0,11.0,4.6,57.0,B
366889080,2019-05-08T13:06:06,39.22283,-75.29629,9.7,-74.4,333.0,ADVENTURER,IMO7507411,WBN3015,31.0,0.0,41.0,11.0,5.2,32.0,B
367470320,2019-05-08T13:06:15,39.00259,-74.97973,8.3,27.7,511.0,CHARISMA,,WDF6070,30.0,,13.0,,,,B
338312656,2019-05-08T13:06:33,39.51999,-75.55415,19.5,1.3,511.0,SEA REGALIS,IMO0000000,,90.0,,8.0,2.0,,,B
367490480,2019-05-08T13:06:15,39.00385,-74.98511,0.5,114.7,511.0,EVA MARIE,IMO8969408,WDH3461,30.0,,26.0,7.0,,,B
338233543,2019-05-08T13:06:29,39.01621,-74.97428,14.6,113.5,511.0,R/V JAMES W. JOSEPH,IMO0000000,JOSEPH,37.0,,14.0,6.0,,,B
368058330,2019-05-08T13:06:18,39.13549,-75.06122,5.3,26.7,511.0,PURPLE  HAYS,,WDC9127,52.0,0.0,24.0,8.0,3.0,52.0,B
367349860,2019-05-08T13:06:53,39.2596,-75.33214,7.8,-90.9,318.0,LINDA MORAN,IMO9398565,WDE4187,31.0,12.0,36.0,11.0,4.6,57.0,B
369235000,2019-05-08T13:06:53,38.96588,-75.20678,10.9,-76.7,334.0,OSG VISION,IMO9436537,WDF2493,31.0,0.0,46.0,15.0,6.5,57.0,B
538006702,2019-05-08T13:06:29,38.96812,-75.19982,0.0,34.6,142.0,NAMSEN,IMO9761528,V7QJ6,80.0,1.0,,,,,A
367090620,2019-05-08T13:06:31,38.8685,-75.16866,24.0,132.7,511.0,BREAKWATER,,WYH7020,60.0,15.0,14.0,4.0,,,B
367317410,2019-05-08T13:07:09,38.99519,-75.00698,7.0,-154.4,511.0,OPPORTUNE,,WDD9868,30.0,,16.0,5.0,,,B
367120230,2019-05-08T13:07:10,38.9926,-75.22139,1.0,-85.7,511.0,SONIE,IMO9373723,WDD2812,31.0,0.0,24.0,9.0,4.0,52.0,B
366914210,2019-05-08T13:07:12,38.82618,-75.11129,11.8,16.1,23.0,DELAWARE,IMO8990304,WYU8553,60.0,0.0,91.0,20.0,,,B
338312656,2019-05-08T13:04:33,39.50948,-75.5566,18.9,12.0,511.0,SEA REGALIS,IMO0000000,,90.0,,8.0,2.0,,,B
366889080,2019-05-08T13:07:08,39.22536,-75.29777,9.6,-74.0,334.0,ADVENTURER,IMO7507411,WBN3015,31.0,0.0,41.0,11.0,5.2,32.0,B
338447000,2019-05-08T13:07:21,38.96843,-75.19939,0.0,48.5,141.0,OSG HORIZON,IMO9436549,WDF6180,31.0,0.0,46.0,15.0,6.5,57.0,B
368058330,2019-05-08T13:07:28,39.13703,-75.06026,5.3,26.2,511.0,PURPLE  HAYS,,WDC9127,52.0,0.0,24.0,8.0,3.0,52.0,B
366914210,2019-05-08T13:04:41,38.81804,-75.11392,12.0,12.1,17.0,DELAWARE,IMO8990304,WYU8553,60.0,0.0,91.0,20.0,,,B
367539750,2019-05-08T13:04:44,39.02619,-74.97256,1.7,27.8,511.0,ONNERED,,WDG4753,30.0,,18.0,6.0,,,B
538004030,2019-05-08T13:05:16,38.92996,-75.16344,0.1,31.1,109.0,FRIO,IMO9596985,V7UU3,80.0,1.0,274.0,48.0,17.1,89.0,A
311073800,2019-05-08T13:05:34,38.988,-75.2161,0.0,34.4,130.0,EURO,IMO9567702,C6AA5,84.0,1.0,274.0,48.0,-11.5,84.0,A
369235000,2019-05-08T13:05:42,38.96278,-75.2046,10.8,-78.9,332.0,OSG VISION,IMO9436537,WDF2493,31.0,0.0,46.0,15.0,6.5,57.0,B
366914210,2019-05-08T13:05:51,38.82183,-75.11275,11.9,15.9,24.0,DELAWARE,IMO8990304,WYU8553,60.0,0.0,91.0,20.0,,,B
240463000,2019-05-08T13:07:05,38.94327,-75.17475,0.0,23.0,133.0,BOUBOULINA,IMO9298753,SZIS,80.0,1.0,274.0,50.0,17.0,80.0,A
367090620,2019-05-08T13:07:33,38.86372,-75.1624,24.5,133.8,511.0,BREAKWATER,,WYH7020,60.0,15.0,14.0,4.0,,,B
367470320,2019-05-08T13:07:16,39.00381,-74.97799,6.4,97.7,511.0,CHARISMA,,WDF6070,30.0,,13.0,,,,B
367539750,2019-05-08T13:07:45,39.02742,-74.97176,1.4,28.3,511.0,ONNERED,,WDG4753,30.0,,18.0,6.0,,,B
369235000,2019-05-08T13:08:13,38.96959,-75.20907,10.9,-75.6,334.0,OSG VISION,IMO9436537,WDF2493,31.0,0.0,46.0,15.0,6.5,57.0,B
367349860,2019-05-08T13:08:01,39.26143,-75.33428,7.9,-91.1,318.0,LINDA MORAN,IMO9398565,WDE4187,31.0,12.0,36.0,11.0,4.6,57.0,B
367090580,2019-05-08T13:07:57,38.94393,-75.30925,20.9,127.7,511.0,BIG STONE 5,,WSE3119,60.0,0.0,15.0,4.0,,50.0,A
311073800,2019-05-08T13:08:33,38.98811,-75.21598,0.0,27.1,134.0,EURO,IMO9567702,C6AA5,84.0,1.0,274.0,48.0,-11.5,84.0,A
366914210,2019-05-08T13:08:22,38.83,-75.10997,12.3,14.9,21.0,DELAWARE,IMO8990304,WYU8553,60.0,0.0,91.0,20.0,,,B
366889080,2019-05-08T13:08:27,39.2286,-75.29967,9.7,-74.7,334.0,ADVENTURER,IMO7507411,WBN3015,31.0,0.0,41.0,11.0,5.2,32.0,B
338447000,2019-05-08T13:08:32,38.96846,-75.19938,0.0,48.5,142.0,OSG HORIZON,IMO9436549,WDF6180,31.0,0.0,46.0,15.0,6.5,57.0,B
368058330,2019-05-08T13:08:38,39.13861,-75.05924,5.2,25.5,511.0,PURPLE  HAYS,,WDC9127,52.0,0.0,24.0,8.0,3.0,52.0,B
538004030,2019-05-08T13:08:16,38.93021,-75.16325,0.1,30.5,115.0,FRIO,IMO9596985,V7UU3,80.0,1.0,274.0,48.0,17.1,89.0,A
367317410,2019-05-08T13:08:39,38.99461,-75.01069,7.2,-150.3,511.0,OPPORTUNE,,WDD9868,30.0,,16.0,5.0,,,B
367090620,2019-05-08T13:08:35,38.85912,-75.15602,24.0,132.6,511.0,BREAKWATER,,WYH7020,60.0,15.0,14.0,4.0,,,B
367090580,2019-05-08T13:09:14,38.93878,-75.30106,24.0,129.5,511.0,BIG STONE 5,,WSE3119,60.0,0.0,15.0,4.0,,50.0,A
367349860,2019-05-08T13:09:12,39.26347,-75.33651,7.9,-91.0,318.0,LINDA MORAN,IMO9398565,WDE4187,31.0,12.0,36.0,11.0,4.6,57.0,B
338233543,2019-05-08T13:08:30,39.01316,-74.96568,13.1,113.7,511.0,R/V JAMES W. JOSEPH,IMO0000000,JOSEPH,37.0,,14.0,6.0,,,B
367470320,2019-05-08T13:08:46,39.00255,-74.97619,6.0,179.7,511.0,CHARISMA,,WDF6070,30.0,,13.0,,,,B
367120230,2019-05-08T13:08:30,38.99289,-75.2217,1.1,-96.6,511.0,SONIE,IMO9373723,WDD2812,31.0,0.0,24.0,9.0,4.0,52.0,B
240463000,2019-05-08T13:10:06,38.94327,-75.17473,0.0,23.0,132.0,BOUBOULINA,IMO9298753,SZIS,80.0,1.0,274.0,50.0,17.0,80.0,A
369235000,2019-05-08T13:09:33,38.97323,-75.21129,11.0,-73.4,337.0,OSG VISION,IMO9436537,WDF2493,31.0,0.0,46.0,15.0,6.5,57.0,B
368058330,2019-05-08T13:09:48,39.14017,-75.05821,5.3,27.3,511.0,PURPLE  HAYS,,WDC9127,52.0,0.0,24.0,8.0,3.0,52.0,B
366914210,2019-05-08T13:09:32,38.8338,-75.10856,12.1,16.6,20.0,DELAWARE,IMO8990304,WYU8553,60.0,0.0,91.0,20.0,,,B
538006702,2019-05-08T13:09:27,38.96819,-75.1998,0.0,34.6,143.0,NAMSEN,IMO9761528,V7QJ6,80.0,1.0,,,,,A
367090580,2019-05-08T13:10:18,38.93833,-75.29305,24.5,63.2,511.0,BIG STONE 5,,WSE3119,60.0,0.0,15.0,4.0,,50.0,B
338447000,2019-05-08T13:10:02,38.96848,-75.19939,0.0,48.5,142.0,OSG HORIZON,IMO9436549,WDF6180,31.0,0.0,46.0,15.0,6.5,57.0,B
338233543,2019-05-08T13:09:59,39.01172,-74.96126,5.7,115.9,511.0,R/V JAMES W. JOSEPH,IMO0000000,JOSEPH,37.0,,14.0,6.0,,,B
366889080,2019-05-08T13:09:47,39.23195,-75.30166,9.9,-75.2,332.0,ADVENTURER,IMO7507411,WBN3015,31.0,0.0,41.0,11.0,5.2,32.0,A
367317410,2019-05-08T13:10:08,38.99411,-75.01449,7.5,-137.1,511.0,OPPORTUNE,,WDD9868,30.0,,16.0,5.0,,,B
367090620,2019-05-08T13:10:59,38.84976,-75.1399,23.3,112.5,511.0,BREAKWATER,,WYH7020,60.0,15.0,14.0,4.0,,,B
367090620,2019-05-08T13:09:53,38.85328,-75.14795,23.9,129.8,511.0,BREAKWATER,,WYH7020,60.0,15.0,14.0,4.0,,,B
367490480,2019-05-08T13:10:15,39.00429,-74.98476,0.9,13.6,511.0,EVA MARIE,IMO8969408,WDH3461,30.0,,26.0,7.0,,,B
367349860,2019-05-08T13:10:23,39.26537,-75.33869,7.9,-91.2,318.0,LINDA MORAN,IMO9398565,WDE4187,31.0,12.0,36.0,11.0,4.6,57.0,B
367120230,2019-05-08T13:09:42,38.99318,-75.222,1.4,-58.8,511.0,SONIE,IMO9373723,WDD2812,31.0,0.0,24.0,9.0,4.0,52.0,B
366914210,2019-05-08T13:10:35,38.8371,-75.10709,11.8,26.5,35.0,DELAWARE,IMO8990304,WYU8553,60.0,0.0,91.0,20.0,,,A
366889080,2019-05-08T13:10:48,39.23425,-75.30372,9.9,-90.7,318.0,ADVENTURER,IMO7507411,WBN3015,31.0,0.0,41.0,11.0,5.2,32.0,B
369235000,2019-05-08T13:10:42,38.9764,-75.2131,10.5,-73.3,337.0,OSG VISION,IMO9436537,WDF2493,31.0,0.0,46.0,15.0,6.5,57.0,B
338447000,2019-05-08T13:11:11,38.96849,-75.19943,0.0,48.5,143.0,OSG HORIZON,IMO9436549,WDF6180,31.0,0.0,46.0,15.0,6.5,57.0,B
367120230,2019-05-08T13:10:52,38.99406,-75.2214,4.0,31.8,511.0,SONIE,IMO9373723,WDD2812,31.0,0.0,24.0,9.0,4.0,52.0,B
538004030,2019-05-08T13:11:14,38.93044,-75.16303,0.0,28.5,123.0,FRIO,IMO9596985,V7UU3,80.0,1.0,274.0,48.0,17.1,89.0,A
338233543,2019-05-08T13:11:00,39.01118,-74.95979,2.4,104.1,511.0,R/V JAMES W. JOSEPH,IMO0000000,JOSEPH,37.0,,14.0,6.0,,,B
367317410,2019-05-08T13:11:09,38.99347,-75.01671,6.4,-193.5,511.0,OPPORTUNE,,WDD9868,30.0,,16.0,5.0,,,B
367349860,2019-05-08T13:11:32,39.26722,-75.34084,7.9,-91.3,318.0,LINDA MORAN,IMO9398565,WDE4187,31.0,12.0,36.0,11.0,4.6,57.0,B
367470320,2019-05-08T13:10:16,39.0042,-74.97698,7.5,21.6,511.0,CHARISMA,,WDF6070,30.0,,13.0,,,,B
366914210,2019-05-08T13:11:41,38.84013,-75.10456,11.9,36.5,43.0,DELAWARE,IMO8990304,WYU8553,60.0,0.0,91.0,20.0,,,B
311073800,2019-05-08T13:11:34,38.98822,-75.2159,0.1,37.0,139.0,EURO,IMO9567702,C6AA5,84.0,1.0,274.0,48.0,-11.5,84.0,A
367470320,2019-05-08T13:11:46,39.0054,-74.97594,3.6,203.2,511.0,CHARISMA,,WDF6070,30.0,,13.0,,,,B
369235000,2019-05-08T13:11:53,38.97948,-75.21482,9.9,-72.5,337.0,OSG VISION,IMO9436537,WDF2493,31.0,0.0,46.0,15.0,6.5,57.0,B
368058330,2019-05-08T13:12:07,39.14323,-75.05618,5.2,26.0,511.0,PURPLE  HAYS,,WDC9127,52.0,0.0,24.0,8.0,3.0,52.0,B
367539750,2019-05-08T13:11:45,39.02901,-74.97085,1.7,21.6,511.0,ONNERED,,WDG4753,30.0,,18.0,6.0,,,B
367120230,2019-05-08T13:12:02,38.99502,-75.22045,2.6,32.5,511.0,SONIE,IMO9373723,WDD2812,31.0,0.0,24.0,9.0,4.0,52.0,B
367090620,2019-05-08T13:12:17,38.8464,-75.12987,23.4,111.4,511.0,BREAKWATER,,WYH7020,60.0,15.0,14.0,4.0,,,B
366889080,2019-05-08T13:12:06,39.23681,-75.30687,10.0,-93.6,316.0,ADVENTURER,IMO7507411,WBN3015,31.0,0.0,41.0,11.0,5.2,32.0,B
367349860,2019-05-08T13:12:51,39.26938,-75.34338,7.9,-91.2,318.0,LINDA MORAN,IMO9398565,WDE4187,31.0,12.0,36.0,11.0,4.6,57.0,B
367090580,2019-05-08T13:12:22,38.94297,-75.27606,24.1,77.4,511.0,BIG STONE 5,,WSE3119,60.0,0.0,15.0,4.0,,50.0,B
338447000,2019-05-08T13:12:21,38.96852,-75.19944,0.1,48.5,143.0,OSG HORIZON,IMO9436549,WDF6180,31.0,0.0,46.0,15.0,6.5,57.0,B
368058330,2019-05-08T13:10:59,39.14171,-75.05719,5.3,28.1,511.0,PURPLE  HAYS,,WDC9127,52.0,0.0,24.0,8.0,3.0,52.0,B
366914210,2019-05-08T13:12:52,38.84332,-75.10153,12.3,33.6,39.0,DELAWARE,IMO8990304,WYU8553,60.0,0.0,91.0,20.0,,,B
367539750,2019-05-08T13:12:56,39.02968,-74.97047,3.6,9.9,511.0,ONNERED,,WDG4753,30.0,,18.0,6.0,,,B
240463000,2019-05-08T13:13:03,38.94328,-75.17472,0.0,23.0,134.0,BOUBOULINA,IMO9298753,SZIS,80.0,1.0,274.0,50.0,17.0,80.0,A
369235000,2019-05-08T13:13:03,38.98214,-75.21629,8.4,-73.9,336.0,OSG VISION,IMO9436537,WDF2493,31.0,0.0,46.0,15.0,6.5,57.0,B
338233543,2019-05-08T13:13:01,39.00995,-74.95708,5.9,127.5,511.0,R/V JAMES W. JOSEPH,IMO0000000,JOSEPH,37.0,,14.0,6.0,,,B
367090580,2019-05-08T13:13:24,38.94428,-75.26741,23.9,76.1,511.0,BIG STONE 5,,WSE3119,60.0,0.0,15.0,4.0,,50.0,B
367090580,2019-05-08T13:11:20,38.94109,-75.2848,24.4,69.4,511.0,BIG STONE 5,,WSE3119,60.0,0.0,15.0,4.0,,50.0,B
367090620,2019-05-08T13:13:35,38.84322,-75.11979,24.2,115.6,511.0,BREAKWATER,,WYH7020,60.0,15.0,14.0,4.0,,,B
366889080,2019-05-08T13:13:08,39.23891,-75.3094,9.9,-92.0,317.0,ADVENTURER,IMO7507411,WBN3015,31.0,0.0,41.0,11.0,5.2,32.0,B
367470320,2019-05-08T13:13:16,39.00731,-74.97662,10.1,73.8,511.0,CHARISMA,,WDF6070,30.0,,13.0,,,,B
368058330,2019-05-08T13:13:17,39.14472,-75.05519,5.2,27.1,511.0,PURPLE  HAYS,,WDC9127,52.0,0.0,24.0,8.0,3.0,52.0,B
367490480,2019-05-08T13:13:16,39.00506,-74.98458,1.0,11.9,511.0,EVA MARIE,IMO8969408,WDH3461,30.0,,26.0,7.0,,,B
338447000,2019-05-08T13:13:52,38.96856,-75.19947,0.1,48.5,144.0,OSG HORIZON,IMO9436549,WDF6180,31.0,0.0,46.0,15.0,6.5,57.0,B
367349860,2019-05-08T13:14:02,39.27131,-75.34552,8.0,-91.2,318.0,LINDA MORAN,IMO9398565,WDE4187,31.0,12.0,36.0,11.0,4.6,57.0,B
368058330,2019-05-08T13:14:18,39.14604,-75.05433,5.2,25.3,511.0,PURPLE  HAYS,,WDC9127,52.0,0.0,24.0,8.0,3.0,52.0,B
366914210,2019-05-08T13:14:03,38.84667,-75.09864,12.2,35.0,41.0,DELAWARE,IMO8990304,WYU8553,60.0,0.0,91.0,20.0,,,B
367539750,2019-05-08T13:14:27,39.02971,-74.97164,4.0,-173.4,511.0,ONNERED,,WDG4753,30.0,,18.0,6.0,,,B
367090620,2019-05-08T13:14:45,38.8399,-75.11106,23.0,117.3,511.0,BREAKWATER,,WYH7020,60.0,15.0,14.0,4.0,,,B
369235000,2019-05-08T13:14:13,38.9844,-75.21764,6.8,-76.2,334.0,OSG VISION,IMO9436537,WDF2493,31.0,0.0,46.0,15.0,6.5,57.0,B
367090580,2019-05-08T13:14:50,38.94648,-75.25566,23.4,81.9,511.0,BIG STONE 5,,WSE3119,60.0,0.0,15.0,4.0,,50.0,B
367120230,2019-05-08T13:14:21,38.99237,-75.22105,10.5,191.6,511.0,SONIE,IMO9373723,WDD2812,31.0,0.0,24.0,9.0,4.0,52.0,B
538006702,2019-05-08T13:12:29,38.96821,-75.19983,0.1,34.6,145.0,NAMSEN,IMO9761528,V7QJ6,80.0,1.0,,,,,A
367470320,2019-05-08T13:14:46,39.00712,-74.97677,1.6,33.6,511.0,CHARISMA,,WDF6070,30.0,,13.0,,,,B
311073800,2019-05-08T13:14:32,38.98827,-75.21582,0.1,65.1,143.0,EURO,IMO9567702,C6AA5,84.0,1.0,274.0,48.0,-11.5,84.0,A
338233543,2019-05-08T13:14:32,39.00918,-74.95471,3.1,68.6,511.0,R/V JAMES W. JOSEPH,IMO0000000,JOSEPH,37.0,,14.0,6.0,,,B
367317410,2019-05-08T13:14:39,38.98767,-75.01743,5.9,174.6,511.0,OPPORTUNE,,WDD9868,30.0,,16.0,5.0,,,B
338447000,2019-05-08T13:15:02,38.96856,-75.19948,0.1,48.5,144.0,OSG HORIZON,IMO9436549,WDF6180,31.0,0.0,46.0,15.0,6.5,57.0,B
368058330,2019-05-08T13:15:38,39.14783,-75.05326,5.2,24.8,511.0,PURPLE  HAYS,,WDC9127,52.0,0.0,24.0,8.0,3.0,52.0,B
366914210,2019-05-08T13:15:12,38.84995,-75.09578,12.3,36.1,42.0,DELAWARE,IMO8990304,WYU8553,60.0,0.0,91.0,20.0,,,B
367317410,2019-05-08T13:12:39,38.99094,-75.01729,6.0,183.2,511.0,OPPORTUNE,,WDD9868,30.0,,16.0,5.0,,,B
367349860,2019-05-08T13:15:13,39.27332,-75.34777,8.0,-91.4,317.0,LINDA MORAN,IMO9398565,WDE4187,31.0,12.0,36.0,11.0,4.6,57.0,B
369235000,2019-05-08T13:15:21,38.98603,-75.21873,5.1,-78.6,330.0,OSG VISION,IMO9436537,WDF2493,31.0,0.0,46.0,15.0,6.5,57.0,B
538006702,2019-05-08T13:15:30,38.96833,-75.19992,0.1,34.6,145.0,NAMSEN,IMO9761528,V7QJ6,80.0,1.0,,,,,A
366889080,2019-05-08T13:15:46,39.24434,-75.31573,10.0,-92.3,316.0,ADVENTURER,IMO7507411,WBN3015,31.0,0.0,41.0,11.0,5.2,32.0,B
367539750,2019-05-08T13:15:56,39.0286,-74.97345,4.4,-173.7,511.0,ONNERED,,WDG4753,30.0,,18.0,6.0,,,B
367090620,2019-05-08T13:15:47,38.83642,-75.1036,24.3,120.5,511.0,BREAKWATER,,WYH7020,60.0,15.0,14.0,4.0,,,B
367120230,2019-05-08T13:15:31,38.98934,-75.2215,6.1,186.4,511.0,SONIE,IMO9373723,WDD2812,31.0,0.0,24.0,9.0,4.0,52.0,B
367090580,2019-05-08T13:15:52,38.94745,-75.24708,23.9,79.0,511.0,BIG STONE 5,,WSE3119,60.0,0.0,15.0,4.0,,50.0,B
240463000,2019-05-08T13:16:06,38.94338,-75.17465,0.0,23.0,136.0,BOUBOULINA,IMO9298753,SZIS,80.0,1.0,274.0,50.0,17.0,80.0,A
368058330,2019-05-08T13:16:59,39.14961,-75.05217,5.3,25.3,511.0,PURPLE  HAYS,,WDC9127,52.0,0.0,24.0,8.0,3.0,52.0,B
367317410,2019-05-08T13:16:09,38.98517,-75.0171,6.1,174.2,511.0,OPPORTUNE,,WDD9868,30.0,,16.0,5.0,,,B
338447000,2019-05-08T13:16:41,38.96862,-75.1995,0.1,48.5,144.0,OSG HORIZON,IMO9436549,WDF6180,31.0,0.0,46.0,15.0,6.5,57.0,B
367490480,2019-05-08T13:16:15,39.00603,-74.9843,1.1,11.9,511.0,EVA MARIE,IMO8969408,WDH3461,30.0,,26.0,7.0,,,B
367120230,2019-05-08T13:13:10,38.99534,-75.22049,2.0,-144.2,511.0,SONIE,IMO9373723,WDD2812,31.0,0.0,24.0,9.0,4.0,52.0,B
367349860,2019-05-08T13:16:22,39.27526,-75.35005,8.0,-91.6,317.0,LINDA MORAN,IMO9398565,WDE4187,31.0,12.0,36.0,11.0,4.6,57.0,B
366914210,2019-05-08T13:16:13,38.85288,-75.09323,12.5,32.9,41.0,DELAWARE,IMO8990304,WYU8553,60.0,0.0,91.0,20.0,,,B
367470320,2019-05-08T13:16:16,39.00787,-74.9762,1.3,6.4,511.0,CHARISMA,,WDF6070,30.0,,13.0,,,,B
367090580,2019-05-08T13:17:12,38.94786,-75.23572,24.0,81.6,511.0,BIG STONE 5,,WSE3119,60.0,0.0,15.0,4.0,,50.0,B
338233543,2019-05-08T13:16:31,39.01047,-74.95346,2.5,25.8,511.0,R/V JAMES W. JOSEPH,IMO0000000,JOSEPH,37.0,,14.0,6.0,,,B
367090620,2019-05-08T13:16:49,38.83309,-75.096,24.0,126.0,511.0,BREAKWATER,,WYH7020,60.0,15.0,14.0,4.0,,,B
367120230,2019-05-08T13:16:42,38.98782,-75.22099,3.1,59.5,511.0,SONIE,IMO9373723,WDD2812,31.0,0.0,24.0,9.0,4.0,52.0,B
366889080,2019-05-08T13:16:49,39.24652,-75.31827,10.0,-91.3,317.0,ADVENTURER,IMO7507411,WBN3015,31.0,0.0,41.0,11.0,5.2,32.0,B
366889080,2019-05-08T13:14:27,39.24164,-75.31253,10.0,-92.1,317.0,ADVENTURER,IMO7507411,WBN3015,31.0,0.0,41.0,11.0,5.2,32.0,B
369235000,2019-05-08T13:16:22,38.98704,-75.21957,3.8,-83.4,327.0,OSG VISION,IMO9436537,WDF2493,31.0,0.0,46.0,15.0,6.5,57.0,B
538004030,2019-05-08T13:17:17,38.93081,-75.16283,0.1,6.6,136.0,FRIO,IMO9596985,V7UU3,80.0,1.0,274.0,48.0,17.1,89.0,A
367539750,2019-05-08T13:17:26,39.02758,-74.97544,4.5,-170.9,511.0,ONNERED,,WDG4753,30.0,,18.0,6.0,,,B
366914210,2019-05-08T13:17:23,38.85628,-75.09034,12.5,32.1,39.0,DELAWARE,IMO8990304,WYU8553,60.0,0.0,91.0,20.0,,,B
368058330,2019-05-08T13:18:08,39.1511,-75.05119,5.2,26.6,511.0,PURPLE  HAYS,,WDC9127,52.0,0.0,24.0,8.0,3.0,52.0,B
367349860,2019-05-08T13:17:32,39.2771,-75.35216,8.0,-91.8,317.0,LINDA MORAN,IMO9398565,WDE4187,31.0,12.0,36.0,11.0,4.6,57.0,B
369235000,2019-05-08T13:17:33,38.98794,-75.22046,3.0,-89.3,327.0,OSG VISION,IMO9436537,WDF2493,31.0,0.0,46.0,15.0,6.5,57.0,B
311073800,2019-05-08T13:17:33,38.98829,-75.21578,0.1,96.9,145.0,EURO,IMO9567702,C6AA5,84.0,1.0,274.0,48.0,-11.5,84.0,A
338447000,2019-05-08T13:17:42,38.96863,-75.19955,0.1,48.5,144.0,OSG HORIZON,IMO9436549,WDF6180,31.0,0.0,46.0,15.0,6.5,57.0,B
367317410,2019-05-08T13:17:38,38.98266,-75.0168,5.9,175.0,511.0,OPPORTUNE,,WDD9868,30.0,,16.0,5.0,,,B
367470320,2019-05-08T13:17:46,39.00847,-74.976,1.4,18.2,511.0,CHARISMA,,WDF6070,30.0,,13.0,,,,B
367120230,2019-05-08T13:17:51,38.98885,-75.22142,3.0,-86.5,511.0,SONIE,IMO9373723,WDD2812,31.0,0.0,24.0,9.0,4.0,52.0,B
367090620,2019-05-08T13:17:51,38.82943,-75.08883,22.8,126.6,511.0,BREAKWATER,,WYH7020,60.0,15.0,14.0,4.0,,,B
338233543,2019-05-08T13:18:00,39.01135,-74.95294,2.5,24.1,511.0,R/V JAMES W. JOSEPH,IMO0000000,JOSEPH,37.0,,14.0,6.0,,,B
366889080,2019-05-08T13:18:06,39.2492,-75.32134,10.0,-91.5,317.0,ADVENTURER,IMO7507411,WBN3015,31.0,0.0,41.0,11.0,5.2,32.0,B
369235000,2019-05-08T13:18:53,38.9887,-75.22143,2.8,-95.0,339.0,OSG VISION,IMO9436537,WDF2493,31.0,0.0,46.0,15.0,6.5,57.0,B
367349860,2019-05-08T13:18:42,39.27901,-75.35441,8.0,-91.7,317.0,LINDA MORAN,IMO9398565,WDE4187,31.0,12.0,36.0,11.0,4.6,57.0,B
538006702,2019-05-08T13:18:31,38.96837,-75.20004,0.1,34.6,145.0,NAMSEN,IMO9761528,V7QJ6,80.0,1.0,,,,,A
367317410,2019-05-08T13:18:39,38.98102,-75.0166,6.0,176.2,511.0,OPPORTUNE,,WDD9868,30.0,,16.0,5.0,,,B
367699890,2019-05-08T13:18:27,38.78817,-75.117,23.3,10.6,511.0,J P VIRDEN,,WDI4560,,15.0,16.0,,,,A
366914210,2019-05-08T13:18:41,38.86011,-75.0871,12.6,33.3,40.0,DELAWARE,IMO8990304,WYU8553,60.0,0.0,91.0,20.0,,,B
368058330,2019-05-08T13:19:09,39.15241,-75.05035,5.1,27.8,511.0,PURPLE  HAYS,,WDC9127,52.0,0.0,24.0,8.0,3.0,52.0,B
367090580,2019-05-08T13:18:18,38.94711,-75.22679,23.4,102.1,511.0,BIG STONE 5,,WSE3119,60.0,0.0,15.0,4.0,,50.0,B
338447000,2019-05-08T13:18:52,38.96868,-75.19958,0.0,48.5,144.0,OSG HORIZON,IMO9436549,WDF6180,31.0,0.0,46.0,15.0,6.5,57.0,B
367539750,2019-05-08T13:18:56,39.02656,-74.97747,4.5,-172.8,511.0,ONNERED,,WDG4753,30.0,,18.0,6.0,,,B
367120230,2019-05-08T13:19:01,38.98965,-75.22207,2.9,-78.2,511.0,SONIE,IMO9373723,WDD2812,31.0,0.0,24.0,9.0,4.0,52.0,B
367090620,2019-05-08T13:19:09,38.82448,-75.08079,18.1,131.4,511.0,BREAKWATER,,WYH7020,60.0,15.0,14.0,4.0,,,B
366914210,2019-05-08T13:19:53,38.86364,-75.0842,12.4,32.5,41.0,DELAWARE,IMO8990304,WYU8553,60.0,0.0,91.0,20.0,,,B
366889080,2019-05-08T13:19:09,39.25135,-75.32386,10.2,-92.2,317.0,ADVENTURER,IMO7507411,WBN3015,31.0,0.0,41.0,11.0,5.2,32.0,B
367699890,2019-05-08T13:19:57,38.798,-75.118,23.3,-57.1,511.0,J P VIRDEN,,WDI4560,,15.0,16.0,,,,B
311073800,2019-05-08T13:20:34,38.98831,-75.21575,0.0,96.9,147.0,EURO,IMO9567702,C6AA5,84.0,1.0,274.0,48.0,-11.5,84.0,A
338233543,2019-05-08T13:19:31,39.01225,-74.95236,2.3,29.4,511.0,R/V JAMES W. JOSEPH,IMO0000000,JOSEPH,37.0,,14.0,6.0,,,B
369235000,2019-05-08T13:20:12,38.98957,-75.22238,3.5,-80.7,10.0,OSG VISION,IMO9436537,WDF2493,31.0,0.0,46.0,15.0,6.5,57.0,A
538004030,2019-05-08T13:20:15,38.93089,-75.16282,0.1,13.5,140.0,FRIO,IMO9596985,V7UU3,80.0,1.0,274.0,48.0,17.1,89.0,A
240463000,2019-05-08T13:19:04,38.94343,-75.17463,0.0,23.0,138.0,BOUBOULINA,IMO9298753,SZIS,80.0,1.0,274.0,50.0,17.0,80.0,A
367349860,2019-05-08T13:19:52,39.28095,-75.35677,8.1,-91.9,317.0,LINDA MORAN,IMO9398565,WDE4187,31.0,12.0,36.0,11.0,4.6,57.0,B
338447000,2019-05-08T13:20:42,38.96871,-75.19963,0.0,48.5,144.0,OSG HORIZON,IMO9436549,WDF6180,31.0,0.0,46.0,15.0,6.5,57.0,B
368058330,2019-05-08T13:20:19,39.15387,-75.04942,5.2,26.0,511.0,PURPLE  HAYS,,WDC9127,52.0,0.0,24.0,8.0,3.0,52.0,B
367317410,2019-05-08T13:20:09,38.97899,-75.01487,6.8,114.7,511.0,OPPORTUNE,,WDD9868,30.0,,16.0,5.0,,,B
367120230,2019-05-08T13:20:10,38.99062,-75.22244,3.1,2.2,511.0,SONIE,IMO9373723,WDD2812,31.0,0.0,24.0,9.0,4.0,52.0,B
367490480,2019-05-08T13:19:15,39.00712,-74.9839,1.2,13.4,511.0,EVA MARIE,IMO8969408,WDH3461,30.0,,26.0,7.0,,,B
367090580,2019-05-08T13:20:00,38.94389,-75.21312,23.4,111.8,511.0,BIG STONE 5,,WSE3119,60.0,0.0,15.0,4.0,,50.0,B
367539750,2019-05-08T13:20:26,39.02553,-74.9795,4.5,-172.1,511.0,ONNERED,,WDG4753,30.0,,18.0,6.0,,,B
369235000,2019-05-08T13:21:23,38.99088,-75.22273,4.6,2.7,52.0,OSG VISION,IMO9436537,WDF2493,31.0,0.0,46.0,15.0,6.5,57.0,A
366889080,2019-05-08T13:20:26,39.25402,-75.32701,10.1,-91.5,317.0,ADVENTURER,IMO7507411,WBN3015,31.0,0.0,41.0,11.0,5.2,32.0,B
366889080,2019-05-08T13:21:33,39.25644,-75.32977,10.2,-91.5,318.0,ADVENTURER,IMO7507411,WBN3015,31.0,0.0,41.0,11.0,5.2,32.0,A
366914210,2019-05-08T13:21:03,38.86704,-75.08146,12.5,32.9,42.0,DELAWARE,IMO8990304,WYU8553,60.0,0.0,91.0,20.0,,,B
367120230,2019-05-08T13:21:12,38.99158,-75.222,3.8,32.6,511.0,SONIE,IMO9373723,WDD2812,31.0,0.0,24.0,9.0,4.0,52.0,B
367699890,2019-05-08T13:20:59,38.80333,-75.11517,21.8,57.5,511.0,J P VIRDEN,,WDI4560,,15.0,16.0,,,,B
367090580,2019-05-08T13:21:02,38.94156,-75.20506,23.5,109.4,511.0,BIG STONE 5,,WSE3119,60.0,0.0,15.0,4.0,,50.0,B
538006702,2019-05-08T13:21:32,38.96843,-75.20005,0.1,34.6,145.0,NAMSEN,IMO9761528,V7QJ6,80.0,1.0,,,,,A
369235000,2019-05-08T13:22:26,38.99216,-75.22187,5.2,45.4,93.0,OSG VISION,IMO9436537,WDF2493,31.0,0.0,46.0,15.0,6.5,57.0,A
367317410,2019-05-08T13:21:39,38.97877,-75.01093,7.4,97.0,511.0,OPPORTUNE,,WDD9868,30.0,,16.0,5.0,,,B
368058330,2019-05-08T13:21:29,39.1554,-75.04847,5.2,25.0,511.0,PURPLE  HAYS,,WDC9127,52.0,0.0,24.0,8.0,3.0,52.0,B
367699890,2019-05-08T13:22:01,38.80583,-75.108,21.4,69.7,511.0,J P VIRDEN,,WDI4560,,15.0,16.0,,,,B
338233543,2019-05-08T13:22:03,39.01383,-74.95194,2.0,-52.1,511.0,R/V JAMES W. JOSEPH,IMO0000000,JOSEPH,37.0,,14.0,6.0,,,B
367090580,2019-05-08T13:22:38,38.93775,-75.19258,23.6,111.2,511.0,BIG STONE 5,,WSE3119,60.0,0.0,15.0,4.0,,50.0,B
338447000,2019-05-08T13:21:52,38.96874,-75.19964,0.0,48.5,144.0,OSG HORIZON,IMO9436549,WDF6180,31.0,0.0,46.0,15.0,6.5,57.0,B
240463000,2019-05-08T13:22:06,38.9434,-75.17463,0.0,23.0,139.0,BOUBOULINA,IMO9298753,SZIS,80.0,1.0,274.0,50.0,17.0,80.0,A
367120230,2019-05-08T13:22:22,38.99224,-75.22087,4.0,65.4,511.0,SONIE,IMO9373723,WDD2812,31.0,0.0,24.0,9.0,4.0,52.0,B
366914210,2019-05-08T13:22:13,38.87045,-75.0786,12.6,32.7,41.0,DELAWARE,IMO8990304,WYU8553,60.0,0.0,91.0,20.0,,,B
367490480,2019-05-08T13:22:23,39.00844,-74.98118,5.7,58.5,511.0,EVA MARIE,IMO8969408,WDH3461,30.0,,26.0,7.0,,,B
368058330,2019-05-08T13:22:38,39.15689,-75.04756,5.1,25.8,511.0,PURPLE  HAYS,,WDC9127,52.0,0.0,24.0,8.0,3.0,52.0,B
367317410,2019-05-08T13:23:08,38.97833,-75.00696,7.5,99.7,511.0,OPPORTUNE,,WDD9868,30.0,,16.0,5.0,,,B
367490480,2019-05-08T13:20:57,39.00773,-74.98362,2.1,88.5,511.0,EVA MARIE,IMO8969408,WDH3461,30.0,,26.0,7.0,,,B
367699890,2019-05-08T13:23:03,38.808,-75.1005,21.4,67.6,511.0,J P VIRDEN,,WDI4560,,15.0,16.0,,,,B
338447000,2019-05-08T13:23:01,38.96873,-75.1997,0.0,48.5,144.0,OSG HORIZON,IMO9436549,WDF6180,31.0,0.0,46.0,15.0,6.5,57.0,B
367349860,2019-05-08T13:21:01,39.28293,-75.35894,8.1,-91.8,317.0,LINDA MORAN,IMO9398565,WDE4187,31.0,12.0,36.0,11.0,4.6,57.0,B
366914210,2019-05-08T13:23:22,38.87397,-75.07584,12.8,29.7,38.0,DELAWARE,IMO8990304,WYU8553,60.0,0.0,91.0,20.0,,,B
538004030,2019-05-08T13:23:14,38.9309,-75.16279,0.0,53.3,141.0,FRIO,IMO9596985,V7UU3,80.0,1.0,274.0,48.0,17.1,89.0,A
367349860,2019-05-08T13:23:32,39.28704,-75.3637,7.9,-91.8,317.0,LINDA MORAN,IMO9398565,WDE4187,31.0,12.0,36.0,11.0,4.6,57.0,B
367120230,2019-05-08T13:24:12,38.99203,-75.2179,4.9,116.1,511.0,SONIE,IMO9373723,WDD2812,31.0,0.0,24.0,9.0,4.0,52.0,B
311073800,2019-05-08T13:23:33,38.98833,-75.21575,0.0,96.9,147.0,EURO,IMO9567702,C6AA5,84.0,1.0,274.0,48.0,-11.5,84.0,A
367539750,2019-05-08T13:23:56,39.02229,-74.98301,4.0,-188.0,511.0,ONNERED,,WDG4753,30.0,,18.0,6.0,,,B
367090580,2019-05-08T13:23:42,38.93527,-75.18423,23.5,108.6,511.0,BIG STONE 5,,WSE3119,60.0,0.0,15.0,4.0,,50.0,B
367699890,2019-05-08T13:24:05,38.80833,-75.093,21.3,111.7,511.0,J P VIRDEN,,WDI4560,,15.0,16.0,,,,B
367349860,2019-05-08T13:24:42,39.28897,-75.36604,7.9,-91.8,317.0,LINDA MORAN,IMO9398565,WDE4187,31.0,12.0,36.0,11.0,4.6,57.0,B
338233543,2019-05-08T13:24:01,39.01502,-74.95143,2.2,37.2,511.0,R/V JAMES W. JOSEPH,IMO0000000,JOSEPH,37.0,,14.0,6.0,,,B
368058330,2019-05-08T13:23:59,39.15862,-75.04651,5.0,25.2,511.0,PURPLE  HAYS,,WDC9127,52.0,0.0,24.0,8.0,3.0,52.0,B
367490480,2019-05-08T13:24:23,39.00992,-74.97907,2.9,38.1,511.0,EVA MARIE,IMO8969408,WDH3461,30.0,,26.0,7.0,,,B
338447000,2019-05-08T13:24:11,38.96878,-75.19969,0.0,48.5,145.0,OSG HORIZON,IMO9436549,WDF6180,31.0,0.0,46.0,15.0,6.5,57.0,B
367317410,2019-05-08T13:24:39,38.97812,-75.00315,7.3,86.8,511.0,OPPORTUNE,,WDD9868,30.0,,16.0,5.0,,,B
338233543,2019-05-08T13:25:31,39.01586,-74.95089,2.9,5.3,511.0,R/V JAMES W. JOSEPH,IMO0000000,JOSEPH,37.0,,14.0,6.0,,,B
366889080,2019-05-08T13:23:48,39.26116,-75.3353,10.3,-91.6,317.0,ADVENTURER,IMO7507411,WBN3015,31.0,0.0,41.0,11.0,5.2,32.0,A
367470320,2019-05-08T13:24:45,39.01121,-74.97494,1.9,7.5,511.0,CHARISMA,,WDF6070,30.0,,13.0,,,,B
367090580,2019-05-08T13:24:44,38.9328,-75.17632,23.1,114.4,511.0,BIG STONE 5,,WSE3119,60.0,0.0,15.0,4.0,,50.0,B
240463000,2019-05-08T13:25:03,38.94342,-75.17465,0.0,23.0,139.0,BOUBOULINA,IMO9298753,SZIS,80.0,1.0,274.0,50.0,17.0,80.0,A
366889080,2019-05-08T13:22:47,39.25898,-75.33276,10.2,-92.4,317.0,ADVENTURER,IMO7507411,WBN3015,31.0,0.0,41.0,11.0,5.2,32.0,B
369235000,2019-05-08T13:25:23,38.99164,-75.2172,3.8,134.9,144.0,OSG VISION,IMO9436537,WDF2493,31.0,0.0,46.0,15.0,6.5,57.0,B
368058330,2019-05-08T13:25:09,39.16011,-75.04563,5.1,24.6,511.0,PURPLE  HAYS,,WDC9127,52.0,0.0,24.0,8.0,3.0,52.0,B
338447000,2019-05-08T13:25:22,38.96878,-75.19971,0.0,48.5,145.0,OSG HORIZON,IMO9436549,WDF6180,31.0,0.0,46.0,15.0,6.5,57.0,B
366914210,2019-05-08T13:25:53,38.88168,-75.06994,12.9,31.6,40.0,DELAWARE,IMO8990304,WYU8553,60.0,0.0,91.0,20.0,,,A
367539750,2019-05-08T13:25:27,39.02081,-74.98356,4.0,189.6,511.0,ONNERED,,WDG4753,30.0,,18.0,6.0,,,B
367090580,2019-05-08T13:25:46,38.93056,-75.16841,23.3,105.9,511.0,BIG STONE 5,,WSE3119,60.0,0.0,15.0,4.0,,50.0,B
367349860,2019-05-08T13:22:23,39.28515,-75.36151,8.0,-91.9,317.0,LINDA MORAN,IMO9398565,WDE4187,31.0,12.0,36.0,11.0,4.6,57.0,B
367349860,2019-05-08T13:25:52,39.29083,-75.36814,7.9,-92.0,317.0,LINDA MORAN,IMO9398565,WDE4187,31.0,12.0,36.0,11.0,4.6,57.0,B
367490480,2019-05-08T13:25:52,39.01074,-74.97803,2.2,42.2,511.0,EVA MARIE,IMO8969408,WDH3461,30.0,,26.0,7.0,,,B
367539750,2019-05-08T13:22:27,39.02366,-74.98148,4.3,-190.7,511.0,ONNERED,,WDG4753,30.0,,18.0,6.0,,,B
366889080,2019-05-08T13:26:08,39.26608,-75.34105,10.3,-91.6,318.0,ADVENTURER,IMO7507411,WBN3015,31.0,0.0,41.0,11.0,5.2,32.0,B
367470320,2019-05-08T13:26:08,39.01184,-74.97488,2.1,7.8,511.0,CHARISMA,,WDF6070,30.0,,13.0,,,,B
538004030,2019-05-08T13:26:14,38.9309,-75.16274,0.1,59.2,141.0,FRIO,IMO9596985,V7UU3,80.0,1.0,274.0,48.0,17.1,89.0,A
369235000,2019-05-08T13:27:23,38.98998,-75.21563,3.1,146.6,145.0,OSG VISION,IMO9436537,WDF2493,31.0,0.0,46.0,15.0,6.5,57.0,B
338447000,2019-05-08T13:26:30,38.96884,-75.1997,0.0,48.5,145.0,OSG HORIZON,IMO9436549,WDF6180,31.0,0.0,46.0,15.0,6.5,57.0,B
368058330,2019-05-08T13:26:18,39.1616,-75.04479,5.0,22.0,511.0,PURPLE  HAYS,,WDC9127,52.0,0.0,24.0,8.0,3.0,52.0,B
369235000,2019-05-08T13:23:36,38.99259,-75.21977,5.4,94.0,121.0,OSG VISION,IMO9436537,WDF2493,31.0,0.0,46.0,15.0,6.5,57.0,A
367120230,2019-05-08T13:26:41,38.99002,-75.2155,3.8,146.9,511.0,SONIE,IMO9373723,WDD2812,31.0,0.0,24.0,9.0,4.0,52.0,B
367349860,2019-05-08T13:27:02,39.29272,-75.3704,7.9,-92.5,318.0,LINDA MORAN,IMO9398565,WDE4187,31.0,12.0,36.0,11.0,4.6,57.0,B
367090580,2019-05-08T13:26:48,38.93079,-75.16377,10.5,-68.6,511.0,BIG STONE 5,,WSE3119,60.0,0.0,15.0,4.0,,50.0,B
338233543,2019-05-08T13:26:32,39.01645,-74.95082,0.4,140.8,511.0,R/V JAMES W. JOSEPH,IMO0000000,JOSEPH,37.0,,14.0,6.0,,,B
366889080,2019-05-08T13:27:26,39.26889,-75.34425,10.4,-91.1,318.0,ADVENTURER,IMO7507411,WBN3015,31.0,0.0,41.0,11.0,5.2,32.0,B
538006702,2019-05-08T13:24:32,38.96854,-75.20014,0.0,34.6,146.0,NAMSEN,IMO9761528,V7QJ6,80.0,1.0,,,,,A
367120230,2019-05-08T13:25:32,38.99104,-75.2164,3.9,139.4,511.0,SONIE,IMO9373723,WDD2812,31.0,0.0,24.0,9.0,4.0,52.0,B
366914210,2019-05-08T13:24:43,38.87805,-75.07269,12.8,28.9,37.0,DELAWARE,IMO8990304,WYU8553,60.0,0.0,91.0,20.0,,,B
366889080,2019-05-08T13:25:06,39.26389,-75.33848,10.3,-91.5,318.0,ADVENTURER,IMO7507411,WBN3015,31.0,0.0,41.0,11.0,5.2,32.0,B
367317410,2019-05-08T13:26:09,38.97821,-74.99899,7.7,87.0,511.0,OPPORTUNE,,WDD9868,30.0,,16.0,5.0,,,B
366914210,2019-05-08T13:27:02,38.88513,-75.06724,13.0,33.8,44.0,DELAWARE,IMO8990304,WYU8553,60.0,0.0,91.0,20.0,,,B
311073800,2019-05-08T13:26:35,38.98837,-75.21572,0.0,-63.3,148.0,EURO,IMO9567702,C6AA5,84.0,1.0,274.0,48.0,-11.5,84.0,A
367490480,2019-05-08T13:26:53,39.01116,-74.97749,2.0,40.1,511.0,EVA MARIE,IMO8969408,WDH3461,30.0,,26.0,7.0,,,B
367539750,2019-05-08T13:26:57,39.01915,-74.98397,4.1,191.9,511.0,ONNERED,,WDG4753,30.0,,18.0,6.0,,,B
367090580,2019-05-08T13:28:18,38.92985,-75.16033,10.2,146.5,511.0,BIG STONE 5,,WSE3119,60.0,0.0,15.0,4.0,,50.0,B
367470320,2019-05-08T13:27:34,39.01239,-74.97489,1.1,0.6,511.0,CHARISMA,,WDF6070,30.0,,13.0,,,,B
538006702,2019-05-08T13:27:33,38.96856,-75.20016,0.0,34.6,147.0,NAMSEN,IMO9761528,V7QJ6,80.0,1.0,,,,,A
367317410,2019-05-08T13:27:39,38.9784,-74.99487,8.0,90.0,511.0,OPPORTUNE,,WDD9868,30.0,,16.0,5.0,,,B
367120230,2019-05-08T13:27:50,38.98898,-75.21459,3.5,140.5,511.0,SONIE,IMO9373723,WDD2812,31.0,0.0,24.0,9.0,4.0,52.0,B
367349860,2019-05-08T13:28:11,39.29462,-75.37268,7.9,-92.0,318.0,LINDA MORAN,IMO9398565,WDE4187,31.0,12.0,36.0,11.0,4.6,57.0,B
368058330,2019-05-08T13:27:38,39.16333,-75.04384,5.0,23.2,511.0,PURPLE  HAYS,,WDC9127,52.0,0.0,24.0,8.0,3.0,52.0,B
338447000,2019-05-08T13:27:41,38.96887,-75.19969,0.0,48.5,146.0,OSG HORIZON,IMO9436549,WDF6180,31.0,0.0,46.0,15.0,6.5,57.0,B
367490480,2019-05-08T13:28:22,39.01177,-74.97681,1.4,44.5,511.0,EVA MARIE,IMO8969408,WDH3461,30.0,,26.0,7.0,,,B
240463000,2019-05-08T13:28:06,38.94357,-75.17462,0.0,23.0,139.0,BOUBOULINA,IMO9298753,SZIS,80.0,1.0,274.0,50.0,17.0,80.0,A
338233543,2019-05-08T13:28:01,39.01687,-74.95126,2.3,-79.2,511.0,R/V JAMES W. JOSEPH,IMO0000000,JOSEPH,37.0,,14.0,6.0,,,B
366914210,2019-05-08T13:28:12,38.88871,-75.06434,13.2,31.8,42.0,DELAWARE,IMO8990304,WYU8553,60.0,0.0,91.0,20.0,,,B
367349860,2019-05-08T13:29:22,39.29646,-75.37488,7.9,-92.0,318.0,LINDA MORAN,IMO9398565,WDE4187,31.0,12.0,36.0,11.0,4.6,57.0,B
367539750,2019-05-08T13:28:26,39.01747,-74.98443,4.3,192.9,511.0,ONNERED,,WDG4753,30.0,,18.0,6.0,,,B
369235000,2019-05-08T13:28:43,38.98929,-75.21513,1.4,151.5,148.0,OSG VISION,IMO9436537,WDF2493,31.0,0.0,46.0,15.0,6.5,57.0,B
368058330,2019-05-08T13:28:48,39.16481,-75.04305,4.9,20.9,511.0,PURPLE  HAYS,,WDC9127,52.0,0.0,24.0,8.0,3.0,52.0,B
338447000,2019-05-08T13:29:22,38.96888,-75.19972,0.0,48.5,147.0,OSG HORIZON,IMO9436549,WDF6180,31.0,0.0,46.0,15.0,6.5,57.0,B
367090580,2019-05-08T13:29:22,38.92982,-75.16252,5.2,-88.4,511.0,BIG STONE 5,,WSE3119,60.0,0.0,15.0,4.0,,50.0,B
367120230,2019-05-08T13:29:01,38.9884,-75.21415,1.4,174.2,511.0,SONIE,IMO9373723,WDD2812,31.0,0.0,24.0,9.0,4.0,52.0,B
366889080,2019-05-08T13:28:28,39.27117,-75.34686,10.4,-91.6,318.0,ADVENTURER,IMO7507411,WBN3015,31.0,0.0,41.0,11.0,5.2,32.0,B
338233543,2019-05-08T13:29:03,39.01728,-74.95143,1.0,-59.9,511.0,R/V JAMES W. JOSEPH,IMO0000000,JOSEPH,37.0,,14.0,6.0,,,B
367470320,2019-05-08T13:29:03,39.01285,-74.97482,0.9,5.8,511.0,CHARISMA,,WDF6070,30.0,,13.0,,,,B
367317410,2019-05-08T13:29:09,38.97937,-74.99074,8.2,63.6,511.0,OPPORTUNE,,WDD9868,30.0,,16.0,5.0,,,B
538004030,2019-05-08T13:29:13,38.93097,-75.16262,0.0,52.8,142.0,FRIO,IMO9596985,V7UU3,80.0,1.0,274.0,48.0,17.1,89.0,A
366889080,2019-05-08T13:29:29,39.27329,-75.34935,10.5,-92.4,317.0,ADVENTURER,IMO7507411,WBN3015,31.0,0.0,41.0,11.0,5.2,32.0,B
367539750,2019-05-08T13:29:27,39.01636,-74.98469,4.1,190.0,511.0,ONNERED,,WDG4753,30.0,,18.0,6.0,,,B
366914210,2019-05-08T13:29:21,38.89227,-75.06162,12.7,32.2,42.0,DELAWARE,IMO8990304,WYU8553,60.0,0.0,91.0,20.0,,,B
369235000,2019-05-08T13:29:51,38.98894,-75.21501,1.1,186.5,151.0,OSG VISION,IMO9436537,WDF2493,31.0,0.0,46.0,15.0,6.5,57.0,B
367490480,2019-05-08T13:29:52,39.01236,-74.97623,1.7,37.4,511.0,EVA MARIE,IMO8969408,WDH3461,30.0,,26.0,7.0,,,B
368058330,2019-05-08T13:30:08,39.16658,-75.04224,5.0,20.3,511.0,PURPLE  HAYS,,WDC9127,52.0,0.0,24.0,8.0,3.0,52.0,B
338447000,2019-05-08T13:31:22,38.9689,-75.19974,0.0,48.5,148.0,OSG HORIZON,IMO9436549,WDF6180,31.0,0.0,46.0,15.0,6.5,57.0,B
367090580,2019-05-08T13:30:26,38.93051,-75.1625,1.5,128.5,511.0,BIG STONE 5,,WSE3119,60.0,0.0,15.0,4.0,,50.0,B
367349860,2019-05-08T13:30:32,39.29841,-75.37715,7.9,-92.0,318.0,LINDA MORAN,IMO9398565,WDE4187,31.0,12.0,36.0,11.0,4.6,57.0,B
367120230,2019-05-08T13:30:10,38.98811,-75.21416,0.7,187.5,511.0,SONIE,IMO9373723,WDD2812,31.0,0.0,24.0,9.0,4.0,52.0,B
367317410,2019-05-08T13:30:39,38.98139,-74.98702,8.8,39.3,511.0,OPPORTUNE,,WDD9868,30.0,,16.0,5.0,,,B
367645750,2019-05-08T13:30:18,38.96715,-74.96326,7.5,-146.3,511.0,EVENING STAR,IMO8853013,WDH7195,30.0,,24.0,7.0,,,B
338233543,2019-05-08T13:31:01,39.01774,-74.95152,2.6,-78.2,511.0,R/V JAMES W. JOSEPH,IMO0000000,JOSEPH,37.0,,14.0,6.0,,,B
366889080,2019-05-08T13:30:46,39.27611,-75.35263,10.5,-91.1,318.0,ADVENTURER,IMO7507411,WBN3015,31.0,0.0,41.0,11.0,5.2,32.0,B
311073800,2019-05-08T13:29:33,38.98844,-75.21577,0.1,-90.9,148.0,EURO,IMO9567702,C6AA5,84.0,1.0,274.0,48.0,-11.5,84.0,A
367539750,2019-05-08T13:30:56,39.01465,-74.98511,4.2,190.0,511.0,ONNERED,,WDG4753,30.0,,18.0,6.0,,,B
538006702,2019-05-08T13:30:30,38.96866,-75.2002,0.0,34.6,148.0,NAMSEN,IMO9761528,V7QJ6,80.0,1.0,,,,,A
368058330,2019-05-08T13:31:09,39.16789,-75.04168,4.9,14.5,511.0,PURPLE  HAYS,,WDC9127,52.0,0.0,24.0,8.0,3.0,52.0,B
240463000,2019-05-08T13:31:04,38.94353,-75.17465,0.0,-67.6,139.0,BOUBOULINA,IMO9298753,SZIS,80.0,1.0,274.0,50.0,17.0,80.0,A
367090580,2019-05-08T13:32:16,38.93058,-75.16245,0.1,50.3,511.0,BIG STONE 5,,WSE3119,60.0,0.0,15.0,4.0,,50.0,B
367120230,2019-05-08T13:32:21,38.98817,-75.21451,0.8,148.2,511.0,SONIE,IMO9373723,WDD2812,31.0,0.0,24.0,9.0,4.0,52.0,B
367490480,2019-05-08T13:31:22,39.01291,-74.97577,1.7,8.4,511.0,EVA MARIE,IMO8969408,WDH3461,30.0,,26.0,7.0,,,B
369235000,2019-05-08T13:31:03,38.98888,-75.21521,0.7,-90.3,152.0,OSG VISION,IMO9436537,WDF2493,31.0,0.0,46.0,15.0,6.5,57.0,B
338447000,2019-05-08T13:32:42,38.96892,-75.19974,0.0,48.5,148.0,OSG HORIZON,IMO9436549,WDF6180,31.0,0.0,46.0,15.0,6.5,57.0,B
366889080,2019-05-08T13:32:47,39.28056,-75.35771,10.5,-92.2,318.0,ADVENTURER,IMO7507411,WBN3015,31.0,0.0,41.0,11.0,5.2,32.0,B
367349860,2019-05-08T13:31:42,39.30024,-75.37927,7.9,-90.5,318.0,LINDA MORAN,IMO9398565,WDE4187,31.0,12.0,36.0,11.0,4.6,57.0,B
367645750,2019-05-08T13:31:47,38.96714,-74.96722,7.4,-124.0,511.0,EVENING STAR,IMO8853013,WDH7195,30.0,,24.0,7.0,,,B
366914210,2019-05-08T13:31:43,38.89905,-75.05549,12.5,40.6,52.0,DELAWARE,IMO8990304,WYU8553,60.0,0.0,91.0,20.0,,,B
367470320,2019-05-08T13:32:03,39.01388,-74.97428,1.6,22.8,511.0,CHARISMA,,WDF6070,30.0,,13.0,,,,B
369235000,2019-05-08T13:32:13,38.98892,-75.21536,0.2,-203.3,151.0,OSG VISION,IMO9436537,WDF2493,31.0,0.0,46.0,15.0,6.5,57.0,B
367317410,2019-05-08T13:32:09,38.98438,-74.98437,8.5,53.5,511.0,OPPORTUNE,,WDD9868,30.0,,16.0,5.0,,,B
366914210,2019-05-08T13:30:32,38.89578,-75.05875,12.9,32.8,44.0,DELAWARE,IMO8990304,WYU8553,60.0,0.0,91.0,20.0,,,B
367539750,2019-05-08T13:32:26,39.01367,-74.98533,1.0,196.6,511.0,ONNERED,,WDG4753,30.0,,18.0,6.0,,,B
338233543,2019-05-08T13:32:32,39.01985,-74.95165,3.3,-65.3,511.0,R/V JAMES W. JOSEPH,IMO0000000,JOSEPH,37.0,,14.0,6.0,,,B
311073800,2019-05-08T13:32:34,38.98842,-75.2159,0.1,-133.6,145.0,EURO,IMO9567702,C6AA5,84.0,1.0,274.0,48.0,-11.5,84.0,A
538004030,2019-05-08T13:32:15,38.93103,-75.16251,0.0,42.1,144.0,FRIO,IMO9596985,V7UU3,80.0,1.0,274.0,48.0,17.1,89.0,A
366914210,2019-05-08T13:33:01,38.90261,-75.05165,12.6,40.7,52.0,DELAWARE,IMO8990304,WYU8553,60.0,0.0,91.0,20.0,,,B
368058330,2019-05-08T13:32:18,39.16943,-75.04113,5.0,14.5,511.0,PURPLE  HAYS,,WDC9127,52.0,0.0,24.0,8.0,3.0,52.0,B
367490480,2019-05-08T13:32:54,39.01347,-74.97556,2.1,83.0,511.0,EVA MARIE,IMO8969408,WDH3461,30.0,,26.0,7.0,,,B
367349860,2019-05-08T13:32:52,39.30218,-75.38144,7.9,-90.0,318.0,LINDA MORAN,IMO9398565,WDE4187,31.0,12.0,36.0,11.0,4.6,57.0,B
367645750,2019-05-08T13:33:17,38.96962,-74.96963,8.2,-65.2,511.0,EVENING STAR,IMO8853013,WDH7195,30.0,,24.0,7.0,,,B
538006702,2019-05-08T13:33:35,38.96869,-75.20017,0.0,34.6,150.0,NAMSEN,IMO9761528,V7QJ6,80.0,1.0,,,,,A
367090580,2019-05-08T13:33:27,38.93098,-75.16314,11.3,-95.6,511.0,BIG STONE 5,,WSE3119,60.0,0.0,15.0,4.0,,50.0,B
368058330,2019-05-08T13:33:48,39.17148,-75.04058,5.0,8.6,511.0,PURPLE  HAYS,,WDC9127,52.0,0.0,24.0,8.0,3.0,52.0,B
338447000,2019-05-08T13:34:01,38.96894,-75.19973,0.0,48.5,149.0,OSG HORIZON,IMO9436549,WDF6180,31.0,0.0,46.0,15.0,6.5,57.0,B
367349860,2019-05-08T13:34:01,39.30411,-75.38357,7.9,-89.6,318.0,LINDA MORAN,IMO9398565,WDE4187,31.0,12.0,36.0,11.0,4.6,57.0,B
367317410,2019-05-08T13:33:39,38.98748,-74.98163,8.9,29.6,511.0,OPPORTUNE,,WDD9868,30.0,,16.0,5.0,,,B
240463000,2019-05-08T13:34:03,38.94357,-75.1747,0.0,-66.6,139.0,BOUBOULINA,IMO9298753,SZIS,80.0,1.0,274.0,50.0,17.0,80.0,A
367090580,2019-05-08T13:34:31,38.93458,-75.16791,24.0,-98.1,511.0,BIG STONE 5,,WSE3119,60.0,0.0,15.0,4.0,,50.0,A
367645750,2019-05-08T13:34:18,38.97186,-74.97031,8.3,-61.4,511.0,EVENING STAR,IMO8853013,WDH7195,30.0,,24.0,7.0,,,B
367490480,2019-05-08T13:34:20,39.01352,-74.97608,5.0,-75.0,511.0,EVA MARIE,IMO8969408,WDH3461,30.0,,26.0,7.0,,,B
368058330,2019-05-08T13:34:57,39.17308,-75.04024,5.1,9.1,511.0,PURPLE  HAYS,,WDC9127,52.0,0.0,24.0,8.0,3.0,52.0,B
366914210,2019-05-08T13:36:21,38.91115,-75.04158,12.2,42.9,50.0,DELAWARE,IMO8990304,WYU8553,60.0,0.0,91.0,20.0,,,B
538004030,2019-05-08T13:35:13,38.93106,-75.16241,0.1,21.3,149.0,FRIO,IMO9596985,V7UU3,80.0,1.0,274.0,48.0,17.1,89.0,A
369235000,2019-05-08T13:34:32,38.98887,-75.21555,0.2,-204.0,146.0,OSG VISION,IMO9436537,WDF2493,31.0,0.0,46.0,15.0,6.5,57.0,B
367349860,2019-05-08T13:35:13,39.30612,-75.38571,7.9,-89.7,318.0,LINDA MORAN,IMO9398565,WDE4187,31.0,12.0,36.0,11.0,4.6,57.0,B
367539750,2019-05-08T13:33:56,39.01346,-74.98543,0.2,-199.1,511.0,ONNERED,,WDG4753,30.0,,18.0,6.0,,,B
366889080,2019-05-08T13:36:26,39.28831,-75.36683,10.3,-91.0,319.0,ADVENTURER,IMO7507411,WBN3015,31.0,0.0,41.0,11.0,5.2,32.0,B
366889080,2019-05-08T13:35:06,39.28545,-75.36351,10.4,-92.6,318.0,ADVENTURER,IMO7507411,WBN3015,31.0,0.0,41.0,11.0,5.2,32.0,B
367470320,2019-05-08T13:35:04,39.01499,-74.97384,0.8,8.8,511.0,CHARISMA,,WDF6070,30.0,,13.0,,,,B
338447000,2019-05-08T13:36:11,38.96895,-75.19974,0.0,48.5,150.0,OSG HORIZON,IMO9436549,WDF6180,31.0,0.0,46.0,15.0,6.5,57.0,B
311073800,2019-05-08T13:35:34,38.98848,-75.21597,0.0,47.0,147.0,EURO,IMO9567702,C6AA5,84.0,1.0,274.0,48.0,-11.5,84.0,A
367120230,2019-05-08T13:36:21,38.98802,-75.21454,0.6,153.4,511.0,SONIE,IMO9373723,WDD2812,31.0,0.0,24.0,9.0,4.0,52.0,B
369235000,2019-05-08T13:35:42,38.98885,-75.21546,0.2,116.1,148.0,OSG VISION,IMO9436537,WDF2493,31.0,0.0,46.0,15.0,6.5,57.0,B
367090580,2019-05-08T13:35:37,38.94008,-75.17493,25.1,-93.6,511.0,BIG STONE 5,,WSE3119,60.0,0.0,15.0,4.0,,50.0,B
367120230,2019-05-08T13:34:31,38.98814,-75.21459,0.1,-175.2,511.0,SONIE,IMO9373723,WDD2812,31.0,0.0,24.0,9.0,4.0,52.0,B
369235000,2019-05-08T13:33:23,38.9889,-75.21544,0.2,-165.9,149.0,OSG VISION,IMO9436537,WDF2493,31.0,0.0,46.0,15.0,6.5,57.0,B
367349860,2019-05-08T13:37:01,39.30914,-75.38897,7.9,-89.6,318.0,LINDA MORAN,IMO9398565,WDE4187,31.0,12.0,36.0,11.0,4.6,57.0,B
338233543,2019-05-08T13:33:33,39.02103,-74.95188,4.2,-59.5,511.0,R/V JAMES W. JOSEPH,IMO0000000,JOSEPH,37.0,,14.0,6.0,,,B
366914190,2019-05-08T13:37:21,38.96711,-74.96126,1.3,-185.9,273.0,NEW JERSEY,IMO8643078,WYU8850,60.0,0.0,86.0,20.0,,,A
367645750,2019-05-08T13:35:47,38.97528,-74.97097,8.3,-54.0,511.0,EVENING STAR,IMO8853013,WDH7195,30.0,,24.0,7.0,,,B
367317410,2019-05-08T13:36:09,38.99294,-74.98078,7.2,5.1,511.0,OPPORTUNE,,WDD9868,30.0,,16.0,5.0,,,B
369235000,2019-05-08T13:36:52,38.98882,-75.21541,0.2,97.6,150.0,OSG VISION,IMO9436537,WDF2493,31.0,0.0,46.0,15.0,6.5,57.0,B
367490480,2019-05-08T13:36:19,39.01493,-74.97575,1.2,13.2,511.0,EVA MARIE,IMO8969408,WDH3461,30.0,,26.0,7.0,,,B
366889080,2019-05-08T13:33:48,39.2827,-75.36023,10.4,-92.0,317.0,ADVENTURER,IMO7507411,WBN3015,31.0,0.0,41.0,11.0,5.2,32.0,B
338447000,2019-05-08T13:37:32,38.96895,-75.19979,0.0,48.5,151.0,OSG HORIZON,IMO9436549,WDF6180,31.0,0.0,46.0,15.0,6.5,57.0,B
338240913,2019-05-08T13:37:38,38.87976,-75.03049,27.9,1.3,511.0,LIONHEART,,,37.0,,,,,,B
368058330,2019-05-08T13:36:29,39.17522,-75.03978,5.2,11.0,511.0,PURPLE  HAYS,,WDC9127,52.0,0.0,24.0,8.0,3.0,52.0,B
538006702,2019-05-08T13:36:29,38.96869,-75.20023,0.0,34.6,151.0,NAMSEN,IMO9761528,V7QJ6,80.0,1.0,,,,,A
338233543,2019-05-08T13:36:33,39.02596,-74.9525,6.5,-55.1,511.0,R/V JAMES W. JOSEPH,IMO0000000,JOSEPH,37.0,,14.0,6.0,,,B
366889080,2019-05-08T13:37:28,39.2906,-75.36935,10.3,-90.1,320.0,ADVENTURER,IMO7507411,WBN3015,31.0,0.0,41.0,11.0,5.2,32.0,B
367090580,2019-05-08T13:36:39,38.94528,-75.18131,25.2,-90.2,511.0,BIG STONE 5,,WSE3119,60.0,0.0,15.0,4.0,,50.0,B
367645750,2019-05-08T13:36:48,38.97758,-74.97119,8.2,-53.7,511.0,EVENING STAR,IMO8853013,WDH7195,30.0,,24.0,7.0,,,B
366914210,2019-05-08T13:34:12,38.90565,-75.04812,12.5,41.7,50.0,DELAWARE,IMO8990304,WYU8553,60.0,0.0,91.0,20.0,,,B
367490480,2019-05-08T13:37:20,39.01529,-74.97562,1.3,15.3,511.0,EVA MARIE,IMO8969408,WDH3461,30.0,,26.0,7.0,,,B
240463000,2019-05-08T13:37:06,38.94368,-75.17465,0.0,-79.6,139.0,BOUBOULINA,IMO9298753,SZIS,80.0,1.0,274.0,50.0,17.0,80.0,A
367120230,2019-05-08T13:37:31,38.98795,-75.21453,0.3,178.0,511.0,SONIE,IMO9373723,WDD2812,31.0,0.0,24.0,9.0,4.0,52.0,B
367090580,2019-05-08T13:37:41,38.95076,-75.18713,25.2,-84.7,511.0,BIG STONE 5,,WSE3119,60.0,0.0,15.0,4.0,,50.0,B
367470320,2019-05-08T13:38:03,39.01608,-74.97349,1.5,17.9,511.0,CHARISMA,,WDF6070,30.0,,13.0,,,,B
368058330,2019-05-08T13:37:39,39.17685,-75.0394,5.1,10.0,511.0,PURPLE  HAYS,,WDC9127,52.0,0.0,24.0,8.0,3.0,52.0,B
369235000,2019-05-08T13:38:02,38.98878,-75.21533,0.2,147.0,153.0,OSG VISION,IMO9436537,WDF2493,31.0,0.0,46.0,15.0,6.5,57.0,B
367317410,2019-05-08T13:35:08,38.99126,-74.9809,9.1,2.0,511.0,OPPORTUNE,,WDD9868,30.0,,16.0,5.0,,,B
366914210,2019-05-08T13:38:21,38.91621,-75.03552,12.4,42.6,54.0,DELAWARE,IMO8990304,WYU8553,60.0,0.0,91.0,20.0,,,B
338233543,2019-05-08T13:38:34,39.02979,-74.95301,6.6,-55.4,511.0,R/V JAMES W. JOSEPH,IMO0000000,JOSEPH,37.0,,14.0,6.0,,,B
367539750,2019-05-08T13:37:26,39.01385,-74.98521,0.8,23.3,511.0,ONNERED,,WDG4753,30.0,,18.0,6.0,,,B
366889080,2019-05-08T13:38:47,39.29342,-75.37251,10.3,-91.4,318.0,ADVENTURER,IMO7507411,WBN3015,31.0,0.0,41.0,11.0,5.2,32.0,B
367317410,2019-05-08T13:37:39,38.99637,-74.98056,8.3,0.9,511.0,OPPORTUNE,,WDD9868,30.0,,16.0,5.0,,,B
367349860,2019-05-08T13:39:23,39.3131,-75.39325,7.9,-90.0,317.0,LINDA MORAN,IMO9398565,WDE4187,31.0,12.0,36.0,11.0,4.6,57.0,B
538004030,2019-05-08T13:38:14,38.9311,-75.16245,0.0,-149.1,149.0,FRIO,IMO9596985,V7UU3,80.0,1.0,274.0,48.0,17.1,89.0,A
367645750,2019-05-08T13:38:17,38.98112,-74.97153,8.4,-54.9,511.0,EVENING STAR,IMO8853013,WDH7195,30.0,,24.0,7.0,,,B
366914190,2019-05-08T13:39:44,38.96702,-74.96539,6.6,-139.6,266.0,NEW JERSEY,IMO8643078,WYU8850,60.0,0.0,86.0,20.0,,,B
367120230,2019-05-08T13:38:32,38.98788,-75.21451,0.3,181.2,511.0,SONIE,IMO9373723,WDD2812,31.0,0.0,24.0,9.0,4.0,52.0,B
311073800,2019-05-08T13:38:34,38.98842,-75.21585,0.3,141.8,154.0,EURO,IMO9567702,C6AA5,84.0,1.0,274.0,48.0,-11.5,84.0,A
338447000,2019-05-08T13:38:41,38.96896,-75.19979,0.0,48.5,151.0,OSG HORIZON,IMO9436549,WDF6180,31.0,0.0,46.0,15.0,6.5,57.0,B
367090580,2019-05-08T13:38:43,38.95658,-75.19258,25.5,-82.6,511.0,BIG STONE 5,,WSE3119,60.0,0.0,15.0,4.0,,50.0,B
366889080,2019-05-08T13:40:06,39.2962,-75.37579,10.2,-92.7,318.0,ADVENTURER,IMO7507411,WBN3015,31.0,0.0,41.0,11.0,5.2,32.0,B
366914190,2019-05-08T13:38:25,38.96697,-74.96257,5.0,-140.0,273.0,NEW JERSEY,IMO8643078,WYU8850,60.0,0.0,86.0,20.0,,,A
367490480,2019-05-08T13:38:49,39.01631,-74.97509,4.2,34.6,511.0,EVA MARIE,IMO8969408,WDH3461,30.0,,26.0,7.0,,,B
368058330,2019-05-08T13:38:49,39.17848,-75.03897,5.2,13.0,511.0,PURPLE  HAYS,,WDC9127,52.0,0.0,24.0,8.0,3.0,52.0,B
367317410,2019-05-08T13:39:09,38.99989,-74.98031,8.1,2.9,511.0,OPPORTUNE,,WDD9868,30.0,,16.0,5.0,,,B
369235000,2019-05-08T13:39:12,38.98867,-75.21527,0.3,151.1,156.0,OSG VISION,IMO9436537,WDF2493,31.0,0.0,46.0,15.0,6.5,57.0,B
369235000,2019-05-08T13:40:33,38.98855,-75.21524,0.4,168.0,160.0,OSG VISION,IMO9436537,WDF2493,31.0,0.0,46.0,15.0,6.5,57.0,B
338240913,2019-05-08T13:39:06,38.89082,-75.02983,27.1,1.8,511.0,LIONHEART,,,37.0,,,,,,B
366914210,2019-05-08T13:39:31,38.91866,-75.03168,12.3,52.9,61.0,DELAWARE,IMO8990304,WYU8553,60.0,0.0,91.0,20.0,,,B
367120230,2019-05-08T13:39:40,38.98773,-75.2145,0.5,179.3,511.0,SONIE,IMO9373723,WDD2812,31.0,0.0,24.0,9.0,4.0,52.0,B
367645750,2019-05-08T13:39:47,38.98463,-74.97202,8.2,-54.9,511.0,EVENING STAR,IMO8853013,WDH7195,30.0,,24.0,7.0,,,B
538006702,2019-05-08T13:39:35,38.96877,-75.20025,0.0,34.6,152.0,NAMSEN,IMO9761528,V7QJ6,80.0,1.0,,,,,A
338447000,2019-05-08T13:41:22,38.96898,-75.19986,0.1,48.5,151.0,OSG HORIZON,IMO9436549,WDF6180,31.0,0.0,46.0,15.0,6.5,57.0,B
368058330,2019-05-08T13:39:57,39.18014,-75.0385,5.4,9.8,511.0,PURPLE  HAYS,,WDC9127,52.0,0.0,24.0,8.0,3.0,52.0,B
338240913,2019-05-08T13:40:07,38.89853,-75.02959,27.7,5.8,511.0,LIONHEART,,,37.0,,,,,,B
240463000,2019-05-08T13:40:04,38.94373,-75.17467,0.0,-79.6,139.0,BOUBOULINA,IMO9298753,SZIS,80.0,1.0,274.0,50.0,17.0,80.0,A
338447000,2019-05-08T13:39:51,38.96898,-75.19982,0.0,48.5,151.0,OSG HORIZON,IMO9436549,WDF6180,31.0,0.0,46.0,15.0,6.5,57.0,B
367490480,2019-05-08T13:40:19,39.01707,-74.97356,2.9,71.8,511.0,EVA MARIE,IMO8969408,WDH3461,30.0,,26.0,7.0,,,B
366914190,2019-05-08T13:41:01,38.967,-74.96856,7.2,-133.3,272.0,NEW JERSEY,IMO8643078,WYU8850,60.0,0.0,86.0,20.0,,,A
338233543,2019-05-08T13:40:05,39.03262,-74.95336,6.7,-55.3,511.0,R/V JAMES W. JOSEPH,IMO0000000,JOSEPH,37.0,,14.0,6.0,,,B
367349860,2019-05-08T13:40:31,39.31498,-75.39537,7.9,-89.7,316.0,LINDA MORAN,IMO9398565,WDE4187,31.0,12.0,36.0,11.0,4.6,57.0,B
367317410,2019-05-08T13:40:39,39.00338,-74.97981,8.5,8.7,511.0,OPPORTUNE,,WDD9868,30.0,,16.0,5.0,,,B
366889080,2019-05-08T13:41:47,39.29978,-75.38003,10.3,-91.4,319.0,ADVENTURER,IMO7507411,WBN3015,31.0,0.0,41.0,11.0,5.2,32.0,A
367490480,2019-05-08T13:41:49,39.01755,-74.97289,1.3,19.2,511.0,EVA MARIE,IMO8969408,WDH3461,30.0,,26.0,7.0,,,B
369235000,2019-05-08T13:42:33,38.98826,-75.21522,0.4,188.6,162.0,OSG VISION,IMO9436537,WDF2493,31.0,0.0,46.0,15.0,6.5,57.0,B
538004030,2019-05-08T13:41:16,38.93113,-75.16244,0.0,-161.7,150.0,FRIO,IMO9596985,V7UU3,80.0,1.0,274.0,48.0,17.1,89.0,A
366914210,2019-05-08T13:42:21,38.92453,-75.02223,11.8,53.2,63.0,DELAWARE,IMO8990304,WYU8553,60.0,0.0,91.0,20.0,,,B
338240913,2019-05-08T13:42:06,38.91346,-75.0287,32.0,3.7,511.0,LIONHEART,,,37.0,,,,,,B
367090580,2019-05-08T13:39:45,38.96277,-75.19739,25.6,-80.1,511.0,BIG STONE 5,,WSE3119,60.0,0.0,15.0,4.0,,50.0,B
367090580,2019-05-08T13:40:47,38.96695,-75.20004,8.8,-76.2,511.0,BIG STONE 5,,WSE3119,60.0,0.0,15.0,4.0,,50.0,B
366914190,2019-05-08T13:42:11,38.96664,-74.97196,9.0,-164.2,233.0,NEW JERSEY,IMO8643078,WYU8850,60.0,0.0,86.0,20.0,,,A
367349860,2019-05-08T13:42:13,39.31779,-75.39858,8.0,-90.9,316.0,LINDA MORAN,IMO9398565,WDE4187,31.0,12.0,36.0,11.0,4.6,57.0,B
338447000,2019-05-08T13:42:31,38.96899,-75.19985,0.0,48.5,151.0,OSG HORIZON,IMO9436549,WDF6180,31.0,0.0,46.0,15.0,6.5,57.0,B
368058330,2019-05-08T13:41:08,39.18191,-75.03808,5.4,9.8,511.0,PURPLE  HAYS,,WDC9127,52.0,0.0,24.0,8.0,3.0,52.0,B
338233543,2019-05-08T13:41:33,39.0354,-74.95367,6.8,-54.6,511.0,R/V JAMES W. JOSEPH,IMO0000000,JOSEPH,37.0,,14.0,6.0,,,B
367090580,2019-05-08T13:41:49,38.9688,-75.20103,4.0,-74.4,511.0,BIG STONE 5,,WSE3119,60.0,0.0,15.0,4.0,,50.0,B
311073800,2019-05-08T13:41:35,38.98815,-75.21577,0.4,188.8,161.0,EURO,IMO9567702,C6AA5,84.0,1.0,274.0,48.0,-11.5,84.0,A
367470320,2019-05-08T13:41:03,39.01716,-74.97307,1.2,17.1,511.0,CHARISMA,,WDF6070,30.0,,13.0,,,,B
367539750,2019-05-08T13:40:26,39.01463,-74.98474,1.1,23.8,511.0,ONNERED,,WDG4753,30.0,,18.0,6.0,,,B
369235000,2019-05-08T13:43:43,38.98811,-75.21523,0.4,194.1,162.0,OSG VISION,IMO9436537,WDF2493,31.0,0.0,46.0,15.0,6.5,57.0,B
367120230,2019-05-08T13:42:01,38.98746,-75.21452,0.5,192.6,511.0,SONIE,IMO9373723,WDD2812,31.0,0.0,24.0,9.0,4.0,52.0,B
367120230,2019-05-08T13:43:51,38.9872,-75.21459,0.5,194.9,511.0,SONIE,IMO9373723,WDD2812,31.0,0.0,24.0,9.0,4.0,52.0,B
366914210,2019-05-08T13:40:41,38.92115,-75.02777,11.9,50.6,60.0,DELAWARE,IMO8990304,WYU8553,60.0,0.0,91.0,20.0,,,B
366914210,2019-05-08T13:43:52,38.92722,-75.01757,9.4,52.8,61.0,DELAWARE,IMO8990304,WYU8553,60.0,0.0,91.0,20.0,,,B
367120230,2019-05-08T13:40:51,38.98761,-75.2145,0.5,185.7,511.0,SONIE,IMO9373723,WDD2812,31.0,0.0,24.0,9.0,4.0,52.0,B
368058330,2019-05-08T13:42:27,39.18388,-75.03759,5.3,9.3,511.0,PURPLE  HAYS,,WDC9127,52.0,0.0,24.0,8.0,3.0,52.0,B
366889080,2019-05-08T13:42:48,39.30194,-75.38245,10.4,-90.7,319.0,ADVENTURER,IMO7507411,WBN3015,31.0,0.0,41.0,11.0,5.2,32.0,B
367090580,2019-05-08T13:42:51,38.96977,-75.20039,1.2,-95.3,511.0,BIG STONE 5,,WSE3119,60.0,0.0,15.0,4.0,,50.0,B
367645750,2019-05-08T13:42:47,38.99152,-74.97278,8.5,-54.4,511.0,EVENING STAR,IMO8853013,WDH7195,30.0,,24.0,7.0,,,B
366914190,2019-05-08T13:44:24,38.96346,-74.97834,9.5,-173.2,230.0,NEW JERSEY,IMO8643078,WYU8850,60.0,0.0,86.0,20.0,,,B
367490480,2019-05-08T13:42:50,39.01789,-74.97272,1.1,31.3,511.0,EVA MARIE,IMO8969408,WDH3461,30.0,,26.0,7.0,,,B
338233543,2019-05-08T13:43:03,39.03981,-74.95264,16.4,19.9,511.0,R/V JAMES W. JOSEPH,IMO0000000,JOSEPH,37.0,,14.0,6.0,,,B
367317410,2019-05-08T13:43:09,39.0093,-74.97951,9.1,-51.2,511.0,OPPORTUNE,,WDD9868,30.0,,16.0,5.0,,,B
367349860,2019-05-08T13:43:22,39.31969,-75.4008,8.0,-91.2,316.0,LINDA MORAN,IMO9398565,WDE4187,31.0,12.0,36.0,11.0,4.6,57.0,B
367645750,2019-05-08T13:41:18,38.98808,-74.97241,8.4,-56.3,511.0,EVENING STAR,IMO8853013,WDH7195,30.0,,24.0,7.0,,,B
367120230,2019-05-08T13:45:01,38.98705,-75.21463,0.4,197.4,511.0,SONIE,IMO9373723,WDD2812,31.0,0.0,24.0,9.0,4.0,52.0,B
368058330,2019-05-08T13:43:39,39.18563,-75.03735,5.3,3.5,511.0,PURPLE  HAYS,,WDC9127,52.0,0.0,24.0,8.0,3.0,52.0,B
338240913,2019-05-08T13:43:40,38.92321,-75.02262,26.4,56.2,511.0,LIONHEART,,,37.0,,,,,,B
366889080,2019-05-08T13:43:49,39.3042,-75.38497,10.4,-91.0,318.0,ADVENTURER,IMO7507411,WBN3015,31.0,0.0,41.0,11.0,5.2,32.0,A
367090580,2019-05-08T13:43:53,38.96855,-75.20067,1.6,4.1,511.0,BIG STONE 5,,WSE3119,60.0,0.0,15.0,4.0,,50.0,B
367645750,2019-05-08T13:43:49,38.99392,-74.97294,8.3,-51.7,511.0,EVENING STAR,IMO8853013,WDH7195,30.0,,24.0,7.0,,,B
367349860,2019-05-08T13:45:31,39.32336,-75.40485,8.1,-90.5,316.0,LINDA MORAN,IMO9398565,WDE4187,31.0,12.0,36.0,11.0,4.6,57.0,B
366914190,2019-05-08T13:45:44,38.96154,-74.98227,10.1,-172.2,231.0,NEW JERSEY,IMO8643078,WYU8850,60.0,0.0,86.0,20.0,,,B
367699890,2019-05-08T13:44:11,38.80567,-75.106,25.1,-159.6,511.0,J P VIRDEN,,WDI4560,,15.0,16.0,,,,B
367317410,2019-05-08T13:44:39,39.01306,-74.97924,8.6,-54.6,511.0,OPPORTUNE,,WDD9868,30.0,,16.0,5.0,,,B
311073800,2019-05-08T13:44:36,38.98778,-75.21586,0.5,198.2,163.0,EURO,IMO9567702,C6AA5,84.0,1.0,274.0,48.0,-11.5,84.0,A
366914210,2019-05-08T13:46:32,38.93228,-75.00936,11.7,52.0,61.0,DELAWARE,IMO8990304,WYU8553,60.0,0.0,91.0,20.0,,,B
368058330,2019-05-08T13:44:48,39.18735,-75.03721,5.3,3.8,511.0,PURPLE  HAYS,,WDC9127,52.0,0.0,24.0,8.0,3.0,52.0,B
369235000,2019-05-08T13:45:43,38.98784,-75.21538,0.4,201.4,162.0,OSG VISION,IMO9436537,WDF2493,31.0,0.0,46.0,15.0,6.5,57.0,B
338447000,2019-05-08T13:44:51,38.96905,-75.19991,0.0,48.5,151.0,OSG HORIZON,IMO9436549,WDF6180,31.0,0.0,46.0,15.0,6.5,57.0,B
367349860,2019-05-08T13:46:42,39.32539,-75.40712,8.1,-90.6,316.0,LINDA MORAN,IMO9398565,WDE4187,31.0,12.0,36.0,11.0,4.6,57.0,B
366889080,2019-05-08T13:45:06,39.3069,-75.3881,10.3,-91.5,317.0,ADVENTURER,IMO7507411,WBN3015,31.0,0.0,41.0,11.0,5.2,32.0,B
538004030,2019-05-08T13:44:17,38.93111,-75.1624,0.0,-161.7,150.0,FRIO,IMO9596985,V7UU3,80.0,1.0,274.0,48.0,17.1,89.0,A
367699890,2019-05-08T13:45:13,38.80317,-75.1145,24.8,-162.2,511.0,J P VIRDEN,,WDI4560,,15.0,16.0,,,,B
367090580,2019-05-08T13:45:24,38.96841,-75.20046,0.7,-76.4,511.0,BIG STONE 5,,WSE3119,60.0,0.0,15.0,4.0,,50.0,B
367645750,2019-05-08T13:45:18,38.99744,-74.97323,8.6,-54.2,511.0,EVENING STAR,IMO8853013,WDH7195,30.0,,24.0,7.0,,,B
538006702,2019-05-08T13:42:25,38.96876,-75.20037,0.0,34.6,152.0,NAMSEN,IMO9761528,V7QJ6,80.0,1.0,,,,,A
369235000,2019-05-08T13:47:02,38.98774,-75.2154,0.3,-201.3,161.0,OSG VISION,IMO9436537,WDF2493,31.0,0.0,46.0,15.0,6.5,57.0,B
338233543,2019-05-08T13:45:34,39.0493,-74.9451,16.1,42.2,511.0,R/V JAMES W. JOSEPH,IMO0000000,JOSEPH,37.0,,14.0,6.0,,,B
538006702,2019-05-08T13:45:34,38.96884,-75.2004,0.0,34.6,152.0,NAMSEN,IMO9761528,V7QJ6,80.0,1.0,,,,,A
338447000,2019-05-08T13:46:02,38.96906,-75.19994,0.0,48.5,151.0,OSG HORIZON,IMO9436549,WDF6180,31.0,0.0,46.0,15.0,6.5,57.0,B
240463000,2019-05-08T13:46:05,38.94397,-75.17467,0.0,-79.6,139.0,BOUBOULINA,IMO9298753,SZIS,80.0,1.0,274.0,50.0,17.0,80.0,A
367317410,2019-05-08T13:46:09,39.01677,-74.9794,8.6,4.6,511.0,OPPORTUNE,,WDD9868,30.0,,16.0,5.0,,,B
338240913,2019-05-08T13:46:07,38.93413,-75.00531,25.9,37.8,511.0,LIONHEART,,,37.0,,,,,,B
367699890,2019-05-08T13:46:15,38.7975,-75.11767,23.4,174.3,511.0,J P VIRDEN,,WDI4560,,15.0,16.0,,,,B
367120230,2019-05-08T13:46:21,38.98692,-75.2147,0.4,200.5,511.0,SONIE,IMO9373723,WDD2812,31.0,0.0,24.0,9.0,4.0,52.0,B
366889080,2019-05-08T13:46:09,39.30915,-75.39069,10.4,-91.1,317.0,ADVENTURER,IMO7507411,WBN3015,31.0,0.0,41.0,11.0,5.2,32.0,B
240463000,2019-05-08T13:43:06,38.94392,-75.1747,0.0,-79.6,139.0,BOUBOULINA,IMO9298753,SZIS,80.0,1.0,274.0,50.0,17.0,80.0,A
367090580,2019-05-08T13:46:25,38.96849,-75.20051,0.1,-87.1,511.0,BIG STONE 5,,WSE3119,60.0,0.0,15.0,4.0,,50.0,B
367699890,2019-05-08T13:43:09,38.80817,-75.09733,25.4,-150.1,511.0,J P VIRDEN,,WDI4560,,15.0,16.0,,,,B
367539750,2019-05-08T13:46:26,39.01644,-74.9836,1.2,23.8,511.0,ONNERED,,WDG4753,30.0,,18.0,6.0,,,B
368058330,2019-05-08T13:48:28,39.19275,-75.03857,5.4,-62.2,511.0,PURPLE  HAYS,,WDC9127,52.0,0.0,24.0,8.0,3.0,52.0,B
367645750,2019-05-08T13:46:47,39.00059,-74.9736,5.5,-54.1,511.0,EVENING STAR,IMO8853013,WDH7195,30.0,,24.0,7.0,,,B
368058330,2019-05-08T13:46:08,39.18927,-75.03753,5.4,-64.7,511.0,PURPLE  HAYS,,WDC9127,52.0,0.0,24.0,8.0,3.0,52.0,B
338233543,2019-05-08T13:46:35,39.05271,-74.94123,16.4,36.5,511.0,R/V JAMES W. JOSEPH,IMO0000000,JOSEPH,37.0,,14.0,6.0,,,B
366914190,2019-05-08T13:48:44,38.95664,-74.99166,10.6,-180.9,220.0,NEW JERSEY,IMO8643078,WYU8850,60.0,0.0,86.0,20.0,,,B
338240913,2019-05-08T13:47:08,38.94004,-74.99948,26.9,37.0,511.0,LIONHEART,,,37.0,,,,,,B
538004030,2019-05-08T13:47:16,38.9311,-75.16235,0.0,82.2,150.0,FRIO,IMO9596985,V7UU3,80.0,1.0,274.0,48.0,17.1,89.0,A
367699890,2019-05-08T13:47:17,38.79083,-75.11733,23.5,179.8,511.0,J P VIRDEN,,WDI4560,,15.0,16.0,,,,B
338447000,2019-05-08T13:43:41,38.969,-75.19988,0.0,48.5,151.0,OSG HORIZON,IMO9436549,WDF6180,31.0,0.0,46.0,15.0,6.5,57.0,B
369222000,2019-05-08T13:48:55,38.84451,-75.06244,16.3,-68.5,344.0,LIBERTY PASSION,IMO9777888,WLPI,70.0,0.0,,,,,B
366914210,2019-05-08T13:48:11,38.93541,-75.00387,11.8,60.8,73.0,DELAWARE,IMO8990304,WYU8553,60.0,0.0,91.0,20.0,,,A
367317410,2019-05-08T13:47:39,39.02028,-74.97834,8.5,11.8,511.0,OPPORTUNE,,WDD9868,30.0,,16.0,5.0,,,B
367090580,2019-05-08T13:47:35,38.96851,-75.20052,0.1,-103.2,511.0,BIG STONE 5,,WSE3119,60.0,0.0,15.0,4.0,,50.0,B
366889080,2019-05-08T13:47:26,39.31191,-75.39386,10.4,-91.3,317.0,ADVENTURER,IMO7507411,WBN3015,31.0,0.0,41.0,11.0,5.2,32.0,B
338233543,2019-05-08T13:44:04,39.04412,-74.95069,16.2,25.0,511.0,R/V JAMES W. JOSEPH,IMO0000000,JOSEPH,37.0,,14.0,6.0,,,B
367120230,2019-05-08T13:47:32,38.98682,-75.21475,0.3,199.8,511.0,SONIE,IMO9373723,WDD2812,31.0,0.0,24.0,9.0,4.0,52.0,B
538006702,2019-05-08T13:48:30,38.96887,-75.20046,0.0,34.6,152.0,NAMSEN,IMO9761528,V7QJ6,80.0,1.0,,,,,A
367349860,2019-05-08T13:47:52,39.32734,-75.40931,8.0,-90.7,316.0,LINDA MORAN,IMO9398565,WDE4187,31.0,12.0,36.0,11.0,4.6,57.0,B
338233543,2019-05-08T13:48:04,39.058,-74.93591,15.9,38.6,511.0,R/V JAMES W. JOSEPH,IMO0000000,JOSEPH,37.0,,14.0,6.0,,,B
338233543,2019-05-08T13:49:05,39.06166,-74.93232,16.1,38.6,511.0,R/V JAMES W. JOSEPH,IMO0000000,JOSEPH,37.0,,14.0,6.0,,,B
367120230,2019-05-08T13:48:42,38.98676,-75.21478,0.1,-131.6,511.0,SONIE,IMO9373723,WDD2812,31.0,0.0,24.0,9.0,4.0,52.0,B
338240913,2019-05-08T13:48:36,38.94933,-74.99164,27.9,26.3,511.0,LIONHEART,,,37.0,,,,,,B
240463000,2019-05-08T13:49:04,38.94387,-75.17467,0.0,-79.6,141.0,BOUBOULINA,IMO9298753,SZIS,80.0,1.0,274.0,50.0,17.0,80.0,A
338240913,2019-05-08T13:45:06,38.92882,-75.01172,26.1,47.1,511.0,LIONHEART,,,37.0,,,,,,B
369222000,2019-05-08T13:47:44,38.83944,-75.0602,16.0,-68.7,343.0,LIBERTY PASSION,IMO9777888,WLPI,70.0,0.0,,,,,B
366914190,2019-05-08T13:46:55,38.95968,-74.98598,10.6,-172.2,229.0,NEW JERSEY,IMO8643078,WYU8850,60.0,0.0,86.0,20.0,,,B
367470320,2019-05-08T13:47:03,39.01931,-74.97187,1.6,24.8,511.0,CHARISMA,,WDF6070,30.0,,13.0,,,,B
338447000,2019-05-08T13:47:12,38.96909,-75.19996,0.0,48.5,151.0,OSG HORIZON,IMO9436549,WDF6180,31.0,0.0,46.0,15.0,6.5,57.0,B
311073800,2019-05-08T13:47:34,38.98746,-75.21603,0.2,-199.8,161.0,EURO,IMO9567702,C6AA5,84.0,1.0,274.0,48.0,-11.5,84.0,A
366889080,2019-05-08T13:48:47,39.31487,-75.3972,10.4,-90.8,318.0,ADVENTURER,IMO7507411,WBN3015,31.0,0.0,41.0,11.0,5.2,32.0,B
367090580,2019-05-08T13:49:24,38.96851,-75.20051,0.1,35.0,511.0,BIG STONE 5,,WSE3119,60.0,0.0,15.0,4.0,,50.0,B
367349860,2019-05-08T13:49:31,39.33007,-75.41241,7.9,-90.5,316.0,LINDA MORAN,IMO9398565,WDE4187,31.0,12.0,36.0,11.0,4.6,57.0,B
367645750,2019-05-08T13:48:18,39.00283,-74.97337,4.9,5.1,511.0,EVENING STAR,IMO8853013,WDH7195,30.0,,24.0,7.0,,,B
369235000,2019-05-08T13:49:32,38.98762,-75.21556,0.3,-149.9,154.0,OSG VISION,IMO9436537,WDF2493,31.0,0.0,46.0,15.0,6.5,57.0,B
338447000,2019-05-08T13:49:51,38.96912,-75.19996,0.0,48.5,151.0,OSG HORIZON,IMO9436549,WDF6180,31.0,0.0,46.0,15.0,6.5,57.0,B
366914210,2019-05-08T13:49:32,38.93733,-74.99904,11.3,63.6,71.0,DELAWARE,IMO8990304,WYU8553,60.0,0.0,91.0,20.0,,,A
311073800,2019-05-08T13:50:33,38.98731,-75.21629,0.0,-154.9,152.0,EURO,IMO9567702,C6AA5,84.0,1.0,274.0,48.0,-11.5,84.0,A
367349860,2019-05-08T13:50:52,39.33232,-75.41489,7.9,-90.9,316.0,LINDA MORAN,IMO9398565,WDE4187,31.0,12.0,36.0,11.0,4.6,57.0,B
369235000,2019-05-08T13:50:52,38.9876,-75.21571,0.2,-133.9,151.0,OSG VISION,IMO9436537,WDF2493,31.0,0.0,46.0,15.0,6.5,57.0,B
367490480,2019-05-08T13:49:20,39.02026,-74.97157,1.2,21.9,511.0,EVA MARIE,IMO8969408,WDH3461,30.0,,26.0,7.0,,,B
367539750,2019-05-08T13:49:26,39.01738,-74.98308,1.2,29.2,511.0,ONNERED,,WDG4753,30.0,,18.0,6.0,,,B
367120230,2019-05-08T13:49:51,38.98678,-75.21483,0.2,-98.9,511.0,SONIE,IMO9373723,WDD2812,31.0,0.0,24.0,9.0,4.0,52.0,B
369222000,2019-05-08T13:51:14,38.85457,-75.06687,16.5,-68.3,344.0,LIBERTY PASSION,IMO9777888,WLPI,70.0,0.0,,,,,B
368058330,2019-05-08T13:49:39,39.19449,-75.03926,5.5,-69.1,511.0,PURPLE  HAYS,,WDC9127,52.0,0.0,24.0,8.0,3.0,52.0,B
366914210,2019-05-08T13:51:23,38.94064,-74.99242,12.4,45.4,48.0,DELAWARE,IMO8990304,WYU8553,60.0,0.0,91.0,20.0,,,B
367470320,2019-05-08T13:50:03,39.0204,-74.97129,1.4,22.9,511.0,CHARISMA,,WDF6070,30.0,,13.0,,,,B
367317410,2019-05-08T13:49:39,39.02495,-74.97713,8.6,9.8,511.0,OPPORTUNE,,WDD9868,30.0,,16.0,5.0,,,B
366889080,2019-05-08T13:51:26,39.32073,-75.4038,10.6,-90.8,317.0,ADVENTURER,IMO7507411,WBN3015,31.0,0.0,41.0,11.0,5.2,32.0,B
366914190,2019-05-08T13:51:44,38.9506,-75.00012,10.8,-178.9,220.0,NEW JERSEY,IMO8643078,WYU8850,60.0,0.0,86.0,20.0,,,B
367090620,2019-05-08T13:51:45,38.81312,-75.09414,26.3,-104.2,511.0,BREAKWATER,,WYH7020,60.0,15.0,14.0,4.0,,,B
366914190,2019-05-08T13:49:55,38.95427,-74.99496,10.7,-182.6,220.0,NEW JERSEY,IMO8643078,WYU8850,60.0,0.0,86.0,20.0,,,B
538004030,2019-05-08T13:50:17,38.93116,-75.16235,0.0,64.3,151.0,FRIO,IMO9596985,V7UU3,80.0,1.0,274.0,48.0,17.1,89.0,A
367645750,2019-05-08T13:50:17,39.00562,-74.9731,5.0,4.5,511.0,EVENING STAR,IMO8853013,WDH7195,30.0,,24.0,7.0,,,B
338240913,2019-05-08T13:50:06,38.95996,-74.98599,28.4,23.3,511.0,LIONHEART,,,37.0,,,,,,B
366980160,2019-05-08T13:52:14,38.79333,-75.13922,24.8,98.4,100.0,BRANDYWINE,,WDB9646,,15.0,16.0,5.0,,,B
367539750,2019-05-08T13:52:26,39.01832,-74.98254,1.2,26.3,511.0,ONNERED,,WDG4753,30.0,,18.0,6.0,,,B
369235000,2019-05-08T13:52:33,38.98763,-75.21584,0.2,-94.3,149.0,OSG VISION,IMO9436537,WDF2493,31.0,0.0,46.0,15.0,6.5,57.0,B
369222000,2019-05-08T13:52:26,38.85983,-75.0691,16.5,-67.9,344.0,LIBERTY PASSION,IMO9777888,WLPI,70.0,0.0,,,,,B
338447000,2019-05-08T13:51:02,38.96913,-75.19997,0.0,48.5,152.0,OSG HORIZON,IMO9436549,WDF6180,31.0,0.0,46.0,15.0,6.5,57.0,B
338447000,2019-05-08T13:52:51,38.96913,-75.19997,0.0,48.5,152.0,OSG HORIZON,IMO9436549,WDF6180,31.0,0.0,46.0,15.0,6.5,57.0,B
367120230,2019-05-08T13:53:01,38.98726,-75.21546,0.3,-85.0,511.0,SONIE,IMO9373723,WDD2812,31.0,0.0,24.0,9.0,4.0,52.0,B
367120230,2019-05-08T13:51:01,38.98689,-75.21497,0.7,-113.5,511.0,SONIE,IMO9373723,WDD2812,31.0,0.0,24.0,9.0,4.0,52.0,B
367317410,2019-05-08T13:51:09,39.02848,-74.97636,8.2,-52.1,511.0,OPPORTUNE,,WDD9868,30.0,,16.0,5.0,,,B
368058330,2019-05-08T13:50:48,39.19615,-75.04006,5.5,-69.9,511.0,PURPLE  HAYS,,WDC9127,52.0,0.0,24.0,8.0,3.0,52.0,B
367090620,2019-05-08T13:53:01,38.81983,-75.10237,26.2,-93.7,511.0,BREAKWATER,,WYH7020,60.0,15.0,14.0,4.0,,,B
367090580,2019-05-08T13:53:24,38.96807,-75.20102,4.5,21.9,511.0,BIG STONE 5,,WSE3119,60.0,0.0,15.0,4.0,,50.0,B
338019392,2019-05-08T13:53:18,39.52099,-75.54747,9.0,194.5,511.0,NORTHSTAR 10,,,90.0,0.0,15.0,6.0,2.0,90.0,B
338233543,2019-05-08T13:51:34,39.07158,-74.92601,15.8,23.4,511.0,R/V JAMES W. JOSEPH,IMO0000000,JOSEPH,37.0,,14.0,6.0,,,B
338240913,2019-05-08T13:51:07,38.9647,-74.97876,26.9,65.8,511.0,LIONHEART,,,37.0,,,,,,B
367645750,2019-05-08T13:51:48,39.00775,-74.97287,5.0,3.3,511.0,EVENING STAR,IMO8853013,WDH7195,30.0,,24.0,7.0,,,B
366914190,2019-05-08T13:52:54,38.94823,-75.00341,10.4,-185.6,211.0,NEW JERSEY,IMO8643078,WYU8850,60.0,0.0,86.0,20.0,,,A
369222000,2019-05-08T13:53:55,38.8663,-75.0718,16.3,-67.7,343.0,LIBERTY PASSION,IMO9777888,WLPI,70.0,0.0,,,,,B
367470320,2019-05-08T13:52:07,39.02122,-74.97078,2.4,32.9,511.0,CHARISMA,,WDF6070,30.0,,13.0,,,,B
338447000,2019-05-08T13:54:01,38.96913,-75.19996,0.0,48.5,152.0,OSG HORIZON,IMO9436549,WDF6180,31.0,0.0,46.0,15.0,6.5,57.0,B
367349860,2019-05-08T13:52:03,39.33423,-75.4171,7.9,-91.2,316.0,LINDA MORAN,IMO9398565,WDE4187,31.0,12.0,36.0,11.0,4.6,57.0,B
367090580,2019-05-08T13:51:34,38.9683,-75.20062,2.7,204.0,511.0,BIG STONE 5,,WSE3119,60.0,0.0,15.0,4.0,,50.0,B
538006702,2019-05-08T13:51:35,38.96889,-75.2005,0.0,34.6,153.0,NAMSEN,IMO9761528,V7QJ6,80.0,1.0,,,,,A
367490480,2019-05-08T13:52:19,39.02122,-74.9711,1.2,12.3,511.0,EVA MARIE,IMO8969408,WDH3461,30.0,,26.0,7.0,,,B
367349860,2019-05-08T13:54:01,39.33744,-75.42083,7.9,-92.4,315.0,LINDA MORAN,IMO9398565,WDE4187,31.0,12.0,36.0,11.0,4.6,57.0,B
311073800,2019-05-08T13:53:36,38.98737,-75.21644,0.1,-94.3,149.0,EURO,IMO9567702,C6AA5,84.0,1.0,274.0,48.0,-11.5,84.0,A
367317410,2019-05-08T13:54:09,39.03511,-74.97711,8.1,-57.9,511.0,OPPORTUNE,,WDD9868,30.0,,16.0,5.0,,,B
338233543,2019-05-08T13:52:35,39.07573,-74.92361,16.0,30.5,511.0,R/V JAMES W. JOSEPH,IMO0000000,JOSEPH,37.0,,14.0,6.0,,,B
367090620,2019-05-08T13:54:21,38.82858,-75.10759,26.3,-64.7,511.0,BREAKWATER,,WYH7020,60.0,15.0,14.0,4.0,,,B
368058330,2019-05-08T13:51:58,39.19779,-75.04077,5.3,-67.8,511.0,PURPLE  HAYS,,WDC9127,52.0,0.0,24.0,8.0,3.0,52.0,B
366914210,2019-05-08T13:55:01,38.95189,-74.98353,13.1,31.8,35.0,DELAWARE,IMO8990304,WYU8553,60.0,0.0,91.0,20.0,,,B
240463000,2019-05-08T13:52:03,38.9439,-75.17458,0.0,-79.6,142.0,BOUBOULINA,IMO9298753,SZIS,80.0,1.0,274.0,50.0,17.0,80.0,A
366980160,2019-05-08T13:53:17,38.79221,-75.13025,24.7,99.0,100.0,BRANDYWINE,,WDB9646,,15.0,16.0,5.0,,,B
338240913,2019-05-08T13:53:15,38.9668,-74.96641,9.5,89.5,511.0,LIONHEART,,,37.0,,,,,,B
338233543,2019-05-08T13:53:36,39.07943,-74.92023,16.2,38.8,511.0,R/V JAMES W. JOSEPH,IMO0000000,JOSEPH,37.0,,14.0,6.0,,,B
368058330,2019-05-08T13:54:49,39.20186,-75.04187,5.1,-59.2,511.0,PURPLE  HAYS,,WDC9127,52.0,0.0,24.0,8.0,3.0,52.0,B
367645750,2019-05-08T13:53:17,39.01001,-74.97263,6.3,8.5,511.0,EVENING STAR,IMO8853013,WDH7195,30.0,,24.0,7.0,,,B
367120230,2019-05-08T13:55:21,38.9874,-75.21557,0.2,-78.3,511.0,SONIE,IMO9373723,WDD2812,31.0,0.0,24.0,9.0,4.0,52.0,B
369235000,2019-05-08T13:55:23,38.98776,-75.21599,0.3,-83.9,147.0,OSG VISION,IMO9436537,WDF2493,31.0,0.0,46.0,15.0,6.5,57.0,B
367490480,2019-05-08T13:53:49,39.02164,-74.97175,2.0,-117.5,511.0,EVA MARIE,IMO8969408,WDH3461,30.0,,26.0,7.0,,,B
366914210,2019-05-08T13:52:32,38.94405,-74.98956,13.0,29.7,37.0,DELAWARE,IMO8990304,WYU8553,60.0,0.0,91.0,20.0,,,B
367090620,2019-05-08T13:55:27,38.83631,-75.10873,25.7,-54.3,511.0,BREAKWATER,,WYH7020,60.0,15.0,14.0,4.0,,,B
338019392,2019-05-08T13:55:18,39.51621,-75.54908,8.7,195.7,511.0,NORTHSTAR 10,,,90.0,0.0,15.0,6.0,2.0,90.0,B
367470320,2019-05-08T13:53:36,39.02182,-74.97052,1.5,15.0,511.0,CHARISMA,,WDF6070,30.0,,13.0,,,,B
338447000,2019-05-08T13:55:51,38.96913,-75.20001,0.0,48.5,153.0,OSG HORIZON,IMO9436549,WDF6180,31.0,0.0,46.0,15.0,6.5,57.0,B
366980160,2019-05-08T13:55:18,38.78622,-75.11802,25.5,-199.7,212.0,BRANDYWINE,,WDB9646,,15.0,16.0,5.0,,,B
367539750,2019-05-08T13:55:27,39.0193,-74.98198,1.2,21.0,511.0,ONNERED,,WDG4753,30.0,,18.0,6.0,,,B
366889080,2019-05-08T13:52:46,39.32368,-75.40715,10.6,-90.8,318.0,ADVENTURER,IMO7507411,WBN3015,31.0,0.0,41.0,11.0,5.2,32.0,B
369222000,2019-05-08T13:55:32,38.8734,-75.07458,16.3,-66.1,344.0,LIBERTY PASSION,IMO9777888,WLPI,70.0,0.0,,,,,B
366889080,2019-05-08T13:55:28,39.32966,-75.4139,10.4,-90.9,317.0,ADVENTURER,IMO7507411,WBN3015,31.0,0.0,41.0,11.0,5.2,32.0,B
367090580,2019-05-08T13:55:48,38.96852,-75.20408,24.1,-151.3,511.0,BIG STONE 5,,WSE3119,60.0,0.0,15.0,4.0,,50.0,A
367349860,2019-05-08T13:55:53,39.34037,-75.42435,8.0,-92.9,315.0,LINDA MORAN,IMO9398565,WDE4187,31.0,12.0,36.0,11.0,4.6,57.0,B
367490480,2019-05-08T13:55:50,39.02229,-74.97261,1.4,-83.8,511.0,EVA MARIE,IMO8969408,WDH3461,30.0,,26.0,7.0,,,B
367127000,2019-05-08T13:56:12,38.83722,-75.06206,15.9,-70.4,342.0,HOUSTON,IMO8220761,KCDK,80.0,0.0,187.0,27.0,11.0,,B
366914190,2019-05-08T13:55:44,38.94128,-75.01007,11.3,-191.7,210.0,NEW JERSEY,IMO8643078,WYU8850,60.0,0.0,86.0,20.0,,,B
368058330,2019-05-08T13:56:08,39.20361,-75.04201,4.3,6.1,511.0,PURPLE  HAYS,,WDC9127,52.0,0.0,24.0,8.0,3.0,52.0,B
538004030,2019-05-08T13:53:14,38.9312,-75.16233,0.1,54.1,154.0,FRIO,IMO9596985,V7UU3,80.0,1.0,274.0,48.0,17.1,89.0,A
538004030,2019-05-08T13:56:15,38.93118,-75.16234,0.1,-160.1,154.0,FRIO,IMO9596985,V7UU3,80.0,1.0,274.0,48.0,17.1,89.0,A
366914210,2019-05-08T13:56:12,38.95558,-74.9806,13.2,32.1,36.0,DELAWARE,IMO8990304,WYU8553,60.0,0.0,91.0,20.0,,,B
367317410,2019-05-08T13:56:09,39.03929,-74.97859,7.7,-70.9,511.0,OPPORTUNE,,WDD9868,30.0,,16.0,5.0,,,B
367470320,2019-05-08T13:54:37,39.02212,-74.97041,1.1,12.9,511.0,CHARISMA,,WDF6070,30.0,,13.0,,,,B
367090620,2019-05-08T13:56:31,38.84347,-75.11234,26.4,-80.7,511.0,BREAKWATER,,WYH7020,60.0,15.0,14.0,4.0,,,B
538006702,2019-05-08T13:54:31,38.96896,-75.2005,0.0,34.6,154.0,NAMSEN,IMO9761528,V7QJ6,80.0,1.0,,,,,A
367470320,2019-05-08T13:56:37,39.02123,-74.9695,5.7,178.3,511.0,CHARISMA,,WDF6070,30.0,,13.0,,,,B
240463000,2019-05-08T13:55:05,38.9439,-75.17443,0.0,-79.6,143.0,BOUBOULINA,IMO9298753,SZIS,80.0,1.0,274.0,50.0,17.0,80.0,A
367349860,2019-05-08T13:57:01,39.34224,-75.42666,8.0,-92.8,315.0,LINDA MORAN,IMO9398565,WDE4187,31.0,12.0,36.0,11.0,4.6,57.0,B
338240913,2019-05-08T13:54:38,38.96686,-74.96283,5.5,89.0,511.0,LIONHEART,,,37.0,,,,,,B
369235000,2019-05-08T13:56:53,38.98788,-75.2161,0.3,-81.2,146.0,OSG VISION,IMO9436537,WDF2493,31.0,0.0,46.0,15.0,6.5,57.0,B
338447000,2019-05-08T13:57:11,38.96912,-75.20003,0.0,48.5,154.0,OSG HORIZON,IMO9436549,WDF6180,31.0,0.0,46.0,15.0,6.5,57.0,B
366889080,2019-05-08T13:57:26,39.33395,-75.41874,10.2,-90.8,317.0,ADVENTURER,IMO7507411,WBN3015,31.0,0.0,41.0,11.0,5.2,32.0,B
369222000,2019-05-08T13:57:32,38.88217,-75.07783,16.1,-66.0,343.0,LIBERTY PASSION,IMO9777888,WLPI,70.0,0.0,,,,,B
367090620,2019-05-08T13:57:53,38.85223,-75.11794,25.9,-76.1,511.0,BREAKWATER,,WYH7020,60.0,15.0,14.0,4.0,,,B
367645750,2019-05-08T13:56:18,39.01554,-74.97183,6.4,7.5,511.0,EVENING STAR,IMO8853013,WDH7195,30.0,,24.0,7.0,,,B
367127000,2019-05-08T13:58:01,38.84479,-75.06531,15.8,-67.6,342.0,HOUSTON,IMO8220761,KCDK,80.0,0.0,187.0,27.0,11.0,,B
367090580,2019-05-08T13:57:20,38.96558,-75.21718,25.3,-147.0,511.0,BIG STONE 5,,WSE3119,60.0,0.0,15.0,4.0,,50.0,B
366914190,2019-05-08T13:56:55,38.93834,-75.01291,11.3,-193.5,211.0,NEW JERSEY,IMO8643078,WYU8850,60.0,0.0,86.0,20.0,,,A
311073800,2019-05-08T13:56:35,38.98754,-75.21661,0.3,-88.0,147.0,EURO,IMO9567702,C6AA5,84.0,1.0,274.0,48.0,-11.5,84.0,A
367645750,2019-05-08T13:54:47,39.01276,-74.97211,6.7,7.0,511.0,EVENING STAR,IMO8853013,WDH7195,30.0,,24.0,7.0,,,B
367090580,2019-05-08T13:58:28,38.96297,-75.22668,25.1,-161.4,511.0,BIG STONE 5,,WSE3119,60.0,0.0,15.0,4.0,,50.0,B
338447000,2019-05-08T13:59:02,38.96913,-75.20003,0.0,48.5,154.0,OSG HORIZON,IMO9436549,WDF6180,31.0,0.0,46.0,15.0,6.5,57.0,B
366914210,2019-05-08T13:58:54,38.96384,-74.97389,12.9,40.3,50.0,DELAWARE,IMO8990304,WYU8553,60.0,0.0,91.0,20.0,,,A
338019392,2019-05-08T13:56:28,39.51355,-75.55005,8.6,195.6,511.0,NORTHSTAR 10,,,90.0,0.0,15.0,6.0,2.0,90.0,B
338019392,2019-05-08T13:58:57,39.50784,-75.55201,8.4,193.9,511.0,NORTHSTAR 10,,,90.0,0.0,15.0,6.0,2.0,90.0,B
367490480,2019-05-08T13:57:19,39.02286,-74.97265,1.3,0.4,511.0,EVA MARIE,IMO8969408,WDH3461,30.0,,26.0,7.0,,,B
367090620,2019-05-08T13:58:57,38.85918,-75.12224,25.5,-75.9,511.0,BREAKWATER,,WYH7020,60.0,15.0,14.0,4.0,,,B
368058330,2019-05-08T13:57:49,39.20548,-75.0405,5.2,41.8,511.0,PURPLE  HAYS,,WDC9127,52.0,0.0,24.0,8.0,3.0,52.0,B
369235000,2019-05-08T13:58:03,38.98797,-75.21617,0.3,-77.4,145.0,OSG VISION,IMO9436537,WDF2493,31.0,0.0,46.0,15.0,6.5,57.0,B
240463000,2019-05-08T13:58:05,38.94395,-75.17435,0.0,-79.6,145.0,BOUBOULINA,IMO9298753,SZIS,80.0,1.0,274.0,50.0,17.0,80.0,A
367120230,2019-05-08T13:57:41,38.9876,-75.21567,0.3,-73.8,511.0,SONIE,IMO9373723,WDD2812,31.0,0.0,24.0,9.0,4.0,52.0,B
367349860,2019-05-08T13:58:12,39.34412,-75.429,8.0,-93.0,315.0,LINDA MORAN,IMO9398565,WDE4187,31.0,12.0,36.0,11.0,4.6,57.0,B
367645750,2019-05-08T13:57:48,39.01831,-74.97125,6.5,9.2,511.0,EVENING STAR,IMO8853013,WDH7195,30.0,,24.0,7.0,,,B
367539750,2019-05-08T13:58:26,39.02027,-74.98139,1.2,19.8,511.0,ONNERED,,WDG4753,30.0,,18.0,6.0,,,B
367645750,2019-05-08T13:58:49,39.02015,-74.97086,6.5,6.7,511.0,EVENING STAR,IMO8853013,WDH7195,30.0,,24.0,7.0,,,B
367090580,2019-05-08T13:59:40,38.95985,-75.23664,25.2,-164.8,511.0,BIG STONE 5,,WSE3119,60.0,0.0,15.0,4.0,,50.0,B
366914190,2019-05-08T13:58:05,38.93533,-75.01582,11.3,-191.2,213.0,NEW JERSEY,IMO8643078,WYU8850,60.0,0.0,86.0,20.0,,,B
369235000,2019-05-08T13:59:13,38.98808,-75.21627,0.3,-77.4,144.0,OSG VISION,IMO9436537,WDF2493,31.0,0.0,46.0,15.0,6.5,57.0,B
367349860,2019-05-08T13:59:21,39.34598,-75.43121,8.1,-93.0,315.0,LINDA MORAN,IMO9398565,WDE4187,31.0,12.0,36.0,11.0,4.6,57.0,B
366889080,2019-05-08T13:58:28,39.33611,-75.42119,10.2,-91.2,318.0,ADVENTURER,IMO7507411,WBN3015,31.0,0.0,41.0,11.0,5.2,32.0,B
366914190,2019-05-08T13:59:14,38.93243,-75.01868,11.3,-197.0,203.0,NEW JERSEY,IMO8643078,WYU8850,60.0,0.0,86.0,20.0,,,B
369222000,2019-05-08T13:58:38,38.887,-75.07967,16.2,-66.2,344.0,LIBERTY PASSION,IMO9777888,WLPI,70.0,0.0,,,,,B
311073800,2019-05-08T13:59:34,38.98776,-75.21677,0.4,-79.4,145.0,EURO,IMO9567702,C6AA5,84.0,1.0,274.0,48.0,-11.5,84.0,A
369222000,2019-05-08T13:59:43,38.89174,-75.08146,16.2,-66.2,343.0,LIBERTY PASSION,IMO9777888,WLPI,70.0,0.0,,,,,B
366889080,2019-05-08T13:59:49,39.33897,-75.42443,10.2,-91.2,317.0,ADVENTURER,IMO7507411,WBN3015,31.0,0.0,41.0,11.0,5.2,32.0,B
538004030,2019-05-08T13:59:15,38.93116,-75.16239,0.0,-198.8,154.0,FRIO,IMO9596985,V7UU3,80.0,1.0,274.0,48.0,17.1,89.0,A
367127000,2019-05-08T13:59:06,38.84933,-75.0673,15.9,-69.3,343.0,HOUSTON,IMO8220761,KCDK,80.0,0.0,187.0,27.0,11.0,,B
366914210,2019-05-08T13:59:56,38.96607,-74.97043,11.7,59.4,72.0,DELAWARE,IMO8990304,WYU8553,60.0,0.0,91.0,20.0,,,A
367090580,2019-05-08T14:00:00,38.95892,-75.23937,25.0,-160.1,511.0,BIG STONE 5,,WSE3119,60.0,0.0,15.0,4.0,,50.0,B
366914210,2019-05-08T14:00:01,38.96622,-74.97005,11.7,62.9,75.0,DELAWARE,IMO8990304,WYU8553,60.0,0.0,91.0,20.0,,,B
367127000,2019-05-08T14:00:01,38.85319,-75.06896,15.9,-67.4,345.0,HOUSTON,IMO8220761,KCDK,80.0,0.0,187.0,27.0,11.0,,B
368058330,2019-05-08T13:58:58,39.20672,-75.03902,5.3,42.8,511.0,PURPLE  HAYS,,WDC9127,52.0,0.0,24.0,8.0,3.0,52.0,B
367349860,2019-05-08T14:00:01,39.34704,-75.43258,8.1,-93.0,315.0,LINDA MORAN,IMO9398565,WDE4187,31.0,12.0,36.0,11.0,4.6,57.0,B
369222000,2019-05-08T14:00:02,38.89317,-75.08202,16.1,-66.7,343.0,LIBERTY PASSION,IMO9777888,WLPI,70.0,0.0,,,,,B
366914190,2019-05-08T14:00:02,38.93044,-75.02048,11.1,-192.7,210.0,NEW JERSEY,IMO8643078,WYU8850,60.0,0.0,86.0,20.0,,,A
369235000,2019-05-08T14:00:03,38.98817,-75.21631,0.3,-77.7,143.0,OSG VISION,IMO9436537,WDF2493,31.0,0.0,46.0,15.0,6.5,57.0,B
367120230,2019-05-08T13:56:31,38.98749,-75.21563,0.3,-82.5,511.0,SONIE,IMO9373723,WDD2812,31.0,0.0,24.0,9.0,4.0,52.0,B
368058330,2019-05-08T13:59:59,39.20783,-75.03768,5.6,42.3,511.0,PURPLE  HAYS,,WDC9127,52.0,0.0,24.0,8.0,3.0,52.0,B
367120230,2019-05-08T14:00:02,38.98783,-75.2158,0.4,-74.5,511.0,SONIE,IMO9373723,WDD2812,31.0,0.0,24.0,9.0,4.0,52.0,B
538006702,2019-05-08T13:57:33,38.96895,-75.20053,0.0,34.6,155.0,NAMSEN,IMO9761528,V7QJ6,80.0,1.0,,,,,A
367470320,2019-05-08T13:58:37,39.01912,-74.97262,6.7,-174.4,511.0,CHARISMA,,WDF6070,30.0,,13.0,,,,B
367120230,2019-05-08T13:58:51,38.98772,-75.21574,0.3,-67.2,511.0,SONIE,IMO9373723,WDD2812,31.0,0.0,24.0,9.0,4.0,52.0,B
367090620,2019-05-08T14:00:01,38.86596,-75.12669,25.2,-76.0,511.0,BREAKWATER,,WYH7020,60.0,15.0,14.0,4.0,,,B
338447000,2019-05-08T14:00:02,38.96912,-75.20004,0.0,48.5,154.0,OSG HORIZON,IMO9436549,WDF6180,31.0,0.0,46.0,15.0,6.5,57.0,B
367470320,2019-05-08T14:00:06,39.01721,-74.97529,7.0,-162.1,511.0,CHARISMA,,WDF6070,30.0,,13.0,,,,B
338019392,2019-05-08T14:00:08,39.50518,-75.55283,8.4,193.7,511.0,NORTHSTAR 10,,,90.0,0.0,15.0,6.0,2.0,90.0,B
367317410,2019-05-08T14:00:08,39.04738,-74.98243,7.8,-56.4,511.0,OPPORTUNE,,WDD9868,30.0,,16.0,5.0,,,B
368058330,2019-05-08T14:00:08,39.20802,-75.03744,5.7,43.0,511.0,PURPLE  HAYS,,WDC9127,52.0,0.0,24.0,8.0,3.0,52.0,B
366889080,2019-05-08T14:00:06,39.33957,-75.42511,10.2,-90.9,318.0,ADVENTURER,IMO7507411,WBN3015,31.0,0.0,41.0,11.0,5.2,32.0,B
367645750,2019-05-08T14:00:17,39.02291,-74.97051,6.8,3.2,511.0,EVENING STAR,IMO8853013,WDH7195,30.0,,24.0,7.0,,,B
240463000,2019-05-08T14:01:02,38.94403,-75.17433,0.0,-79.6,147.0,BOUBOULINA,IMO9298753,SZIS,80.0,1.0,274.0,50.0,17.0,80.0,A
367090620,2019-05-08T14:01:03,38.87257,-75.13089,25.5,-75.9,511.0,BREAKWATER,,WYH7020,60.0,15.0,14.0,4.0,,,B
538006702,2019-05-08T14:00:31,38.96889,-75.20054,0.0,34.6,155.0,NAMSEN,IMO9761528,V7QJ6,80.0,1.0,,,,,A
367317410,2019-05-08T14:01:09,39.04959,-74.98231,7.9,-53.9,511.0,OPPORTUNE,,WDD9868,30.0,,16.0,5.0,,,B
366889080,2019-05-08T14:01:09,39.3418,-75.42766,10.2,-91.6,317.0,ADVENTURER,IMO7507411,WBN3015,31.0,0.0,41.0,11.0,5.2,32.0,B
366914190,2019-05-08T14:01:05,38.92774,-75.02313,11.6,-192.7,212.0,NEW JERSEY,IMO8643078,WYU8850,60.0,0.0,86.0,20.0,,,B
369222000,2019-05-08T14:01:08,38.89772,-75.08385,15.5,-68.0,341.0,LIBERTY PASSION,IMO9777888,WLPI,70.0,0.0,,,,,B
367120230,2019-05-08T14:01:12,38.98795,-75.21588,0.4,-78.2,511.0,SONIE,IMO9373723,WDD2812,31.0,0.0,24.0,9.0,4.0,52.0,B
367349860,2019-05-08T14:01:03,39.34873,-75.43464,8.1,-93.3,315.0,LINDA MORAN,IMO9398565,WDE4187,31.0,12.0,36.0,11.0,4.6,57.0,B
366914210,2019-05-08T14:01:11,38.96692,-74.96619,7.3,84.8,89.0,DELAWARE,IMO8990304,WYU8553,60.0,0.0,91.0,20.0,,,B
367127000,2019-05-08T14:01:06,38.8578,-75.07078,16.0,-66.3,346.0,HOUSTON,IMO8220761,KCDK,80.0,0.0,187.0,27.0,11.0,,B
367470320,2019-05-08T14:01:07,39.01528,-74.9757,7.6,181.2,511.0,CHARISMA,,WDF6070,30.0,,13.0,,,,B
338447000,2019-05-08T14:01:11,38.96911,-75.20004,0.0,48.5,154.0,OSG HORIZON,IMO9436549,WDF6180,31.0,0.0,46.0,15.0,6.5,57.0,B
367090580,2019-05-08T14:01:02,38.9561,-75.24788,25.0,-165.1,511.0,BIG STONE 5,,WSE3119,60.0,0.0,15.0,4.0,,50.0,B
338019392,2019-05-08T14:01:19,39.5025,-75.55371,8.4,194.7,511.0,NORTHSTAR 10,,,90.0,0.0,15.0,6.0,2.0,90.0,B
369235000,2019-05-08T14:01:22,38.98824,-75.21637,0.3,-76.5,142.0,OSG VISION,IMO9436537,WDF2493,31.0,0.0,46.0,15.0,6.5,57.0,B
368058330,2019-05-08T14:01:28,39.20948,-75.03553,5.6,48.3,511.0,PURPLE  HAYS,,WDC9127,52.0,0.0,24.0,8.0,3.0,52.0,B
367645750,2019-05-08T14:01:47,39.02568,-74.9704,6.3,0.5,511.0,EVENING STAR,IMO8853013,WDH7195,30.0,,24.0,7.0,,,B
367539750,2019-05-08T14:01:26,39.02126,-74.98075,1.5,22.0,511.0,ONNERED,,WDG4753,30.0,,18.0,6.0,,,B
367490480,2019-05-08T14:01:20,39.02423,-74.97239,1.3,14.6,511.0,EVA MARIE,IMO8969408,WDH3461,30.0,,26.0,7.0,,,B
367120230,2019-05-08T14:02:21,38.98808,-75.21593,0.4,-72.9,511.0,SONIE,IMO9373723,WDD2812,31.0,0.0,24.0,9.0,4.0,52.0,B
367127000,2019-05-08T14:02:12,38.86252,-75.07251,16.0,-64.8,346.0,HOUSTON,IMO8220761,KCDK,80.0,0.0,187.0,27.0,11.0,,B
367349860,2019-05-08T14:02:12,39.3506,-75.43697,8.1,-93.3,315.0,LINDA MORAN,IMO9398565,WDE4187,31.0,12.0,36.0,11.0,4.6,57.0,B
367090580,2019-05-08T14:02:04,38.95306,-75.25611,25.0,-162.5,511.0,BIG STONE 5,,WSE3119,60.0,0.0,15.0,4.0,,50.0,B
366914210,2019-05-08T14:02:22,38.96702,-74.96358,5.4,83.9,82.0,DELAWARE,IMO8990304,WYU8553,60.0,0.0,91.0,20.0,,,B
369222000,2019-05-08T14:02:14,38.90205,-75.08584,14.6,-69.7,340.0,LIBERTY PASSION,IMO9777888,WLPI,70.0,0.0,,,,,B
366889080,2019-05-08T14:02:26,39.34452,-75.43077,10.2,-91.5,317.0,ADVENTURER,IMO7507411,WBN3015,31.0,0.0,41.0,11.0,5.2,32.0,B
538004030,2019-05-08T14:02:14,38.93115,-75.16245,0.0,-172.4,152.0,FRIO,IMO9596985,V7UU3,80.0,1.0,274.0,48.0,17.1,89.0,A
366914190,2019-05-08T14:02:15,38.92481,-75.02608,11.4,-193.3,209.0,NEW JERSEY,IMO8643078,WYU8850,60.0,0.0,86.0,20.0,,,B
369235000,2019-05-08T14:02:33,38.98838,-75.21648,0.3,-76.5,141.0,OSG VISION,IMO9436537,WDF2493,31.0,0.0,46.0,15.0,6.5,57.0,B
338447000,2019-05-08T14:02:22,38.96908,-75.20006,0.0,48.5,154.0,OSG HORIZON,IMO9436549,WDF6180,31.0,0.0,46.0,15.0,6.5,57.0,B
367317410,2019-05-08T14:02:38,39.05124,-74.98079,3.7,40.4,511.0,OPPORTUNE,,WDD9868,30.0,,16.0,5.0,,,B
367470320,2019-05-08T14:02:37,39.01307,-74.97727,9.3,-139.2,511.0,CHARISMA,,WDF6070,30.0,,13.0,,,,B
367090620,2019-05-08T14:03:07,38.88568,-75.13956,25.9,-75.1,511.0,BREAKWATER,,WYH7020,60.0,15.0,14.0,4.0,,,B
367645750,2019-05-08T14:02:48,39.0274,-74.97039,5.9,-51.9,511.0,EVENING STAR,IMO8853013,WDH7195,30.0,,24.0,7.0,,,B
367090620,2019-05-08T14:02:05,38.87924,-75.13501,25.8,-76.6,511.0,BREAKWATER,,WYH7020,60.0,15.0,14.0,4.0,,,B
369222000,2019-05-08T14:03:20,38.90605,-75.08771,13.7,-70.1,339.0,LIBERTY PASSION,IMO9777888,WLPI,70.0,0.0,,,,,B
367090580,2019-05-08T14:03:12,38.95,-75.26535,24.8,-162.1,511.0,BIG STONE 5,,WSE3119,60.0,0.0,15.0,4.0,,50.0,B
366914190,2019-05-08T14:03:24,38.92202,-75.02916,11.6,-187.3,215.0,NEW JERSEY,IMO8643078,WYU8850,60.0,0.0,86.0,20.0,,,B
367127000,2019-05-08T14:03:13,38.86676,-75.07397,15.6,-64.3,345.0,HOUSTON,IMO8220761,KCDK,80.0,0.0,187.0,27.0,11.0,,B
367120230,2019-05-08T14:03:31,38.9882,-75.21599,0.4,-73.7,511.0,SONIE,IMO9373723,WDD2812,31.0,0.0,24.0,9.0,4.0,52.0,B
367349860,2019-05-08T14:03:22,39.35245,-75.43925,8.1,-94.3,316.0,LINDA MORAN,IMO9398565,WDE4187,31.0,12.0,36.0,11.0,4.6,57.0,B
366914210,2019-05-08T14:03:33,38.96719,-74.96154,4.2,83.8,80.0,DELAWARE,IMO8990304,WYU8553,60.0,0.0,91.0,20.0,,,B
538006702,2019-05-08T14:03:34,38.96885,-75.20054,0.0,34.6,155.0,NAMSEN,IMO9761528,V7QJ6,80.0,1.0,,,,,A
338447000,2019-05-08T14:03:32,38.96908,-75.20006,0.0,48.5,154.0,OSG HORIZON,IMO9436549,WDF6180,31.0,0.0,46.0,15.0,6.5,57.0,B
338019392,2019-05-08T14:02:28,39.49987,-75.55458,8.3,194.9,511.0,NORTHSTAR 10,,,90.0,0.0,15.0,6.0,2.0,90.0,B
367490480,2019-05-08T14:03:41,39.02481,-74.97238,2.1,-204.4,511.0,EVA MARIE,IMO8969408,WDH3461,30.0,,26.0,7.0,,,B
367645750,2019-05-08T14:04:17,39.02987,-74.97061,5.7,-56.5,511.0,EVENING STAR,IMO8853013,WDH7195,30.0,,24.0,7.0,,,B
311073800,2019-05-08T14:02:33,38.98802,-75.2169,0.3,-76.7,142.0,EURO,IMO9567702,C6AA5,84.0,1.0,274.0,48.0,-11.5,84.0,A
369235000,2019-05-08T14:03:42,38.98852,-75.21653,0.3,-73.2,139.0,OSG VISION,IMO9436537,WDF2493,31.0,0.0,46.0,15.0,6.5,57.0,B
240463000,2019-05-08T14:04:03,38.94407,-75.17415,0.0,-79.6,149.0,BOUBOULINA,IMO9298753,SZIS,80.0,1.0,274.0,50.0,17.0,80.0,A
338019392,2019-05-08T14:03:39,39.49725,-75.55537,8.3,192.4,511.0,NORTHSTAR 10,,,90.0,0.0,15.0,6.0,2.0,90.0,B
367090580,2019-05-08T14:04:14,38.94687,-75.27357,24.9,-166.3,511.0,BIG STONE 5,,WSE3119,60.0,0.0,15.0,4.0,,50.0,B
367127000,2019-05-08T14:04:19,38.8714,-75.07553,15.3,-64.7,345.0,HOUSTON,IMO8220761,KCDK,80.0,0.0,187.0,27.0,11.0,,B
367470320,2019-05-08T14:04:07,39.01299,-74.98183,7.6,-136.1,511.0,CHARISMA,,WDF6070,30.0,,13.0,,,,B
369222000,2019-05-08T14:04:26,38.90989,-75.08965,12.9,-71.1,338.0,LIBERTY PASSION,IMO9777888,WLPI,70.0,0.0,,,,,B
367317410,2019-05-08T14:04:08,39.05156,-74.97948,4.2,145.1,511.0,OPPORTUNE,,WDD9868,30.0,,16.0,5.0,,,B
367090620,2019-05-08T14:04:09,38.89226,-75.14368,25.6,-73.6,511.0,BREAKWATER,,WYH7020,60.0,15.0,14.0,4.0,,,B
367349860,2019-05-08T14:04:23,39.35419,-75.44133,8.2,-91.8,317.0,LINDA MORAN,IMO9398565,WDE4187,31.0,12.0,36.0,11.0,4.6,57.0,B
367539750,2019-05-08T14:04:26,39.02226,-74.9801,1.3,24.8,511.0,ONNERED,,WDG4753,30.0,,18.0,6.0,,,B
367120230,2019-05-08T14:04:41,38.98831,-75.21604,0.4,-61.8,511.0,SONIE,IMO9373723,WDD2812,31.0,0.0,24.0,9.0,4.0,52.0,B
366889080,2019-05-08T14:03:29,39.3468,-75.43339,10.3,-91.1,317.0,ADVENTURER,IMO7507411,WBN3015,31.0,0.0,41.0,11.0,5.2,32.0,B
366889080,2019-05-08T14:04:46,39.34951,-75.43652,10.3,-91.8,317.0,ADVENTURER,IMO7507411,WBN3015,31.0,0.0,41.0,11.0,5.2,32.0,B
338019392,2019-05-08T14:04:49,39.49464,-75.55611,8.2,193.4,511.0,NORTHSTAR 10,,,90.0,0.0,15.0,6.0,2.0,90.0,B
366907790,2019-05-08T14:05:26,38.93283,-74.97644,16.6,-84.6,511.0,ATLANTIC STAR,,WDB5271,60.0,0.0,23.0,7.0,,,B
367090620,2019-05-08T14:05:15,38.89956,-75.14769,26.0,-68.9,511.0,BREAKWATER,,WYH7020,60.0,15.0,14.0,4.0,,,B
369235000,2019-05-08T14:04:53,38.98863,-75.21658,0.3,-68.8,137.0,OSG VISION,IMO9436537,WDF2493,31.0,0.0,46.0,15.0,6.5,57.0,B
367349860,2019-05-08T14:05:33,39.35613,-75.44361,8.2,-90.9,318.0,LINDA MORAN,IMO9398565,WDE4187,31.0,12.0,36.0,11.0,4.6,57.0,B
538004030,2019-05-08T14:05:16,38.93111,-75.16241,0.0,-144.7,151.0,FRIO,IMO9596985,V7UU3,80.0,1.0,274.0,48.0,17.1,89.0,A
367645750,2019-05-08T14:05:18,39.03151,-74.97072,5.9,-51.7,511.0,EVENING STAR,IMO8853013,WDH7195,30.0,,24.0,7.0,,,B
367127000,2019-05-08T14:05:24,38.87595,-75.07704,15.3,-63.9,345.0,HOUSTON,IMO8220761,KCDK,80.0,0.0,187.0,27.0,11.0,,B
367490480,2019-05-08T14:05:07,39.02297,-74.97313,5.9,197.7,511.0,EVA MARIE,IMO8969408,WDH3461,30.0,,26.0,7.0,,,B
367090580,2019-05-08T14:05:16,38.94351,-75.28155,24.8,-165.5,511.0,BIG STONE 5,,WSE3119,60.0,0.0,15.0,4.0,,50.0,B
369222000,2019-05-08T14:05:32,38.91345,-75.09146,12.0,-71.5,338.0,LIBERTY PASSION,IMO9777888,WLPI,70.0,0.0,,,,,B
338233543,2019-05-08T14:05:35,39.07511,-74.9196,2.0,201.1,511.0,R/V JAMES W. JOSEPH,IMO0000000,JOSEPH,37.0,,14.0,6.0,,,B
366914190,2019-05-08T14:05:45,38.91651,-75.0357,11.5,-185.9,216.0,NEW JERSEY,IMO8643078,WYU8850,60.0,0.0,86.0,20.0,,,B
367470320,2019-05-08T14:05:37,39.01311,-74.98542,6.3,-171.6,511.0,CHARISMA,,WDF6070,30.0,,13.0,,,,B
338019392,2019-05-08T14:05:58,39.49207,-75.55664,8.1,185.2,511.0,NORTHSTAR 10,,,90.0,0.0,15.0,6.0,2.0,90.0,B
338233543,2019-05-08T14:04:06,39.07582,-74.91906,1.8,-188.0,511.0,R/V JAMES W. JOSEPH,IMO0000000,JOSEPH,37.0,,14.0,6.0,,,B
338447000,2019-05-08T14:06:01,38.96905,-75.20011,0.0,48.5,153.0,OSG HORIZON,IMO9436549,WDF6180,31.0,0.0,46.0,15.0,6.5,57.0,B
367090620,2019-05-08T14:06:19,38.90666,-75.15135,25.5,-71.1,511.0,BREAKWATER,,WYH7020,60.0,15.0,14.0,4.0,,,B
366914190,2019-05-08T14:04:36,38.91924,-75.03254,11.7,-187.6,214.0,NEW JERSEY,IMO8643078,WYU8850,60.0,0.0,86.0,20.0,,,B
369235000,2019-05-08T14:06:03,38.98869,-75.21658,0.3,-60.3,136.0,OSG VISION,IMO9436537,WDF2493,31.0,0.0,46.0,15.0,6.5,57.0,B
366907790,2019-05-08T14:06:33,38.93754,-74.97699,15.7,9.3,511.0,ATLANTIC STAR,,WDB5271,60.0,0.0,23.0,7.0,,,B
338447000,2019-05-08T14:04:40,38.96907,-75.20011,0.0,48.5,153.0,OSG HORIZON,IMO9436549,WDF6180,31.0,0.0,46.0,15.0,6.5,57.0,B
367349860,2019-05-08T14:06:43,39.35818,-75.44586,8.2,-90.4,318.0,LINDA MORAN,IMO9398565,WDE4187,31.0,12.0,36.0,11.0,4.6,57.0,B
366889080,2019-05-08T14:07:09,39.35404,-75.44182,8.1,-92.0,317.0,ADVENTURER,IMO7507411,WBN3015,31.0,0.0,41.0,11.0,5.2,32.0,B
367317410,2019-05-08T14:06:39,39.05307,-74.98054,8.7,11.7,511.0,OPPORTUNE,,WDD9868,30.0,,16.0,5.0,,,B
369222000,2019-05-08T14:06:37,38.91665,-75.09307,11.2,-71.3,339.0,LIBERTY PASSION,IMO9777888,WLPI,70.0,0.0,,,,,B
367120230,2019-05-08T14:05:51,38.98845,-75.21602,0.4,-55.4,511.0,SONIE,IMO9373723,WDD2812,31.0,0.0,24.0,9.0,4.0,52.0,B
367120230,2019-05-08T14:07:02,38.98853,-75.21609,0.3,-53.9,511.0,SONIE,IMO9373723,WDD2812,31.0,0.0,24.0,9.0,4.0,52.0,B
367645750,2019-05-08T14:06:47,39.03402,-74.97085,5.9,-53.9,511.0,EVENING STAR,IMO8853013,WDH7195,30.0,,24.0,7.0,,,B
367490480,2019-05-08T14:07:06,39.01985,-74.97425,5.8,195.2,511.0,EVA MARIE,IMO8969408,WDH3461,30.0,,26.0,7.0,,,B
366914190,2019-05-08T14:06:55,38.91374,-75.03894,11.6,-190.5,215.0,NEW JERSEY,IMO8643078,WYU8850,60.0,0.0,86.0,20.0,,,B
369235000,2019-05-08T14:07:22,38.98883,-75.21661,0.2,1.8,136.0,OSG VISION,IMO9436537,WDF2493,31.0,0.0,46.0,15.0,6.5,57.0,B
338447000,2019-05-08T14:07:11,38.96905,-75.20014,0.0,48.5,153.0,OSG HORIZON,IMO9436549,WDF6180,31.0,0.0,46.0,15.0,6.5,57.0,B
367317410,2019-05-08T14:05:09,39.05037,-74.97946,5.0,-145.4,511.0,OPPORTUNE,,WDD9868,30.0,,16.0,5.0,,,B
240463000,2019-05-08T14:07:04,38.94412,-75.17407,0.0,-79.6,153.0,BOUBOULINA,IMO9298753,SZIS,80.0,1.0,274.0,50.0,17.0,80.0,A
538006702,2019-05-08T14:06:30,38.96882,-75.20064,0.0,34.6,154.0,NAMSEN,IMO9761528,V7QJ6,80.0,1.0,,,,,A
367127000,2019-05-08T14:07:36,38.88502,-75.07999,15.3,-64.3,345.0,HOUSTON,IMO8220761,KCDK,80.0,0.0,187.0,27.0,11.0,,B
367090620,2019-05-08T14:07:29,38.91443,-75.15517,25.5,-67.3,511.0,BREAKWATER,,WYH7020,60.0,15.0,14.0,4.0,,,B
367470320,2019-05-08T14:07:06,39.01141,-74.9877,7.4,-154.1,511.0,CHARISMA,,WDF6070,30.0,,13.0,,,,B
367539750,2019-05-08T14:07:26,39.02325,-74.97948,1.2,31.0,511.0,ONNERED,,WDG4753,30.0,,18.0,6.0,,,B
311073800,2019-05-08T14:05:33,38.98831,-75.21704,0.2,-64.0,138.0,EURO,IMO9567702,C6AA5,84.0,1.0,274.0,48.0,-11.5,84.0,A
338019392,2019-05-08T14:07:09,39.48944,-75.55689,7.9,183.9,511.0,NORTHSTAR 10,,,90.0,0.0,15.0,6.0,2.0,90.0,B
367090580,2019-05-08T14:07:36,38.93791,-75.29966,24.9,-101.8,511.0,BIG STONE 5,,WSE3119,60.0,0.0,15.0,4.0,,50.0,B
367317410,2019-05-08T14:08:09,39.05653,-74.98117,8.3,-54.3,511.0,OPPORTUNE,,WDD9868,30.0,,16.0,5.0,,,B
366907790,2019-05-08T14:07:39,38.94235,-74.97531,15.2,14.3,511.0,ATLANTIC STAR,,WDB5271,60.0,0.0,23.0,7.0,,,B
369222000,2019-05-08T14:07:38,38.91959,-75.09458,10.7,-72.7,337.0,LIBERTY PASSION,IMO9777888,WLPI,70.0,0.0,,,,,B
367349860,2019-05-08T14:07:51,39.36014,-75.44805,8.2,-90.2,317.0,LINDA MORAN,IMO9398565,WDE4187,31.0,12.0,36.0,11.0,4.6,57.0,B
366889080,2019-05-08T14:05:48,39.35164,-75.439,9.6,-91.4,318.0,ADVENTURER,IMO7507411,WBN3015,31.0,0.0,41.0,11.0,5.2,32.0,B
338019392,2019-05-08T14:08:18,39.48691,-75.55712,7.7,184.3,511.0,NORTHSTAR 10,,,90.0,0.0,15.0,6.0,2.0,90.0,B
366914190,2019-05-08T14:08:05,38.91095,-75.04223,11.3,-189.4,216.0,NEW JERSEY,IMO8643078,WYU8850,60.0,0.0,86.0,20.0,,,B
367090580,2019-05-08T14:06:18,38.94016,-75.28953,24.7,-169.9,511.0,BIG STONE 5,,WSE3119,60.0,0.0,15.0,4.0,,50.0,B
367090620,2019-05-08T14:08:31,38.92138,-75.1583,25.7,-69.9,511.0,BREAKWATER,,WYH7020,60.0,15.0,14.0,4.0,,,B
367090580,2019-05-08T14:08:40,38.94265,-75.30723,26.1,-100.4,511.0,BIG STONE 5,,WSE3119,60.0,0.0,15.0,4.0,,50.0,B
338447000,2019-05-08T14:08:22,38.96904,-75.20016,0.0,48.5,152.0,OSG HORIZON,IMO9436549,WDF6180,31.0,0.0,46.0,15.0,6.5,57.0,B
311073800,2019-05-08T14:08:35,38.98853,-75.21704,0.1,6.9,137.0,EURO,IMO9567702,C6AA5,84.0,1.0,274.0,48.0,-11.5,84.0,A
369222000,2019-05-08T14:08:49,38.92273,-75.09625,10.5,-72.3,337.0,LIBERTY PASSION,IMO9777888,WLPI,70.0,0.0,,,,,B
366889080,2019-05-08T14:08:28,39.35612,-75.4443,7.7,-92.3,318.0,ADVENTURER,IMO7507411,WBN3015,31.0,0.0,41.0,11.0,5.2,32.0,B
369235000,2019-05-08T14:08:32,38.98889,-75.21661,0.2,11.2,136.0,OSG VISION,IMO9436537,WDF2493,31.0,0.0,46.0,15.0,6.5,57.0,B
367127000,2019-05-08T14:06:25,38.88007,-75.07837,15.3,-63.6,345.0,HOUSTON,IMO8220761,KCDK,80.0,0.0,187.0,27.0,11.0,,B
366907790,2019-05-08T14:08:57,38.94749,-74.97387,14.5,11.5,511.0,ATLANTIC STAR,,WDB5271,60.0,0.0,23.0,7.0,,,B
338233543,2019-05-08T14:08:35,39.0747,-74.91987,2.7,19.0,511.0,R/V JAMES W. JOSEPH,IMO0000000,JOSEPH,37.0,,14.0,6.0,,,B
367645750,2019-05-08T14:08:17,39.03652,-74.9711,6.3,-53.6,511.0,EVENING STAR,IMO8853013,WDH7195,30.0,,24.0,7.0,,,B
367349860,2019-05-08T14:09:02,39.36209,-75.45035,8.2,-91.8,316.0,LINDA MORAN,IMO9398565,WDE4187,31.0,12.0,36.0,11.0,4.6,57.0,B
367120230,2019-05-08T14:09:22,38.98869,-75.21605,0.2,18.4,511.0,SONIE,IMO9373723,WDD2812,31.0,0.0,24.0,9.0,4.0,52.0,B
367645750,2019-05-08T14:09:18,39.03816,-74.97131,5.7,-55.4,511.0,EVENING STAR,IMO8853013,WDH7195,30.0,,24.0,7.0,,,B
338233543,2019-05-08T14:07:05,39.07435,-74.91971,1.1,32.5,511.0,R/V JAMES W. JOSEPH,IMO0000000,JOSEPH,37.0,,14.0,6.0,,,B
367120230,2019-05-08T14:08:11,38.9886,-75.21611,0.3,-50.5,511.0,SONIE,IMO9373723,WDD2812,31.0,0.0,24.0,9.0,4.0,52.0,B
538004030,2019-05-08T14:08:13,38.93115,-75.16241,0.0,-166.9,151.0,FRIO,IMO9596985,V7UU3,80.0,1.0,274.0,48.0,17.1,89.0,A
367490480,2019-05-08T14:08:36,39.01749,-74.97505,5.9,193.2,511.0,EVA MARIE,IMO8969408,WDH3461,30.0,,26.0,7.0,,,B
367470320,2019-05-08T14:08:37,39.01032,-74.99155,8.2,-168.9,511.0,CHARISMA,,WDF6070,30.0,,13.0,,,,B
366914190,2019-05-08T14:09:14,38.90825,-75.04538,11.6,-185.6,215.0,NEW JERSEY,IMO8643078,WYU8850,60.0,0.0,86.0,20.0,,,B
538006702,2019-05-08T14:09:33,38.96883,-75.20067,0.0,34.6,153.0,NAMSEN,IMO9761528,V7QJ6,80.0,1.0,,,,,A
369235000,2019-05-08T14:09:42,38.98897,-75.21659,0.1,34.3,136.0,OSG VISION,IMO9436537,WDF2493,31.0,0.0,46.0,15.0,6.5,57.0,B
367127000,2019-05-08T14:08:43,38.8895,-75.08147,15.3,-63.7,344.0,HOUSTON,IMO8220761,KCDK,80.0,0.0,187.0,27.0,11.0,,B
338019392,2019-05-08T14:09:29,39.48444,-75.55737,7.6,184.8,511.0,NORTHSTAR 10,,,90.0,0.0,15.0,6.0,2.0,90.0,B
338447000,2019-05-08T14:09:31,38.96905,-75.20017,0.0,48.5,152.0,OSG HORIZON,IMO9436549,WDF6180,31.0,0.0,46.0,15.0,6.5,57.0,B
367090620,2019-05-08T14:09:33,38.92822,-75.16119,20.3,-66.1,511.0,BREAKWATER,,WYH7020,60.0,15.0,14.0,4.0,,,B
367317410,2019-05-08T14:09:39,39.06019,-74.98073,8.8,4.1,511.0,OPPORTUNE,,WDD9868,30.0,,16.0,5.0,,,B
367490480,2019-05-08T14:10:06,39.0151,-74.9758,5.9,193.1,511.0,EVA MARIE,IMO8969408,WDH3461,30.0,,26.0,7.0,,,B
366889080,2019-05-08T14:09:48,39.35825,-75.44679,7.7,-91.6,318.0,ADVENTURER,IMO7507411,WBN3015,31.0,0.0,41.0,11.0,5.2,32.0,B
367127000,2019-05-08T14:10:06,38.89518,-75.08373,15.3,-67.4,342.0,HOUSTON,IMO8220761,KCDK,80.0,0.0,187.0,27.0,11.0,,B
366907790,2019-05-08T14:10:02,38.95182,-74.97268,14.7,11.8,511.0,ATLANTIC STAR,,WDB5271,60.0,0.0,23.0,7.0,,,B
367470320,2019-05-08T14:10:07,39.00869,-74.99539,8.2,-169.2,511.0,CHARISMA,,WDF6070,30.0,,13.0,,,,B
367349860,2019-05-08T14:10:12,39.36411,-75.45267,8.3,-91.4,316.0,LINDA MORAN,IMO9398565,WDE4187,31.0,12.0,36.0,11.0,4.6,57.0,B
369222000,2019-05-08T14:09:59,38.92576,-75.09788,10.1,-72.1,338.0,LIBERTY PASSION,IMO9777888,WLPI,70.0,0.0,,,,,B
240463000,2019-05-08T14:10:03,38.94417,-75.17413,0.1,-79.6,156.0,BOUBOULINA,IMO9298753,SZIS,80.0,1.0,274.0,50.0,17.0,80.0,A
338447000,2019-05-08T14:10:51,38.96903,-75.20017,0.0,48.5,152.0,OSG HORIZON,IMO9436549,WDF6180,31.0,0.0,46.0,15.0,6.5,57.0,B
367120230,2019-05-08T14:10:31,38.98874,-75.21602,0.2,37.3,511.0,SONIE,IMO9373723,WDD2812,31.0,0.0,24.0,9.0,4.0,52.0,B
366914190,2019-05-08T14:10:25,38.90544,-75.04864,11.4,-185.3,218.0,NEW JERSEY,IMO8643078,WYU8850,60.0,0.0,86.0,20.0,,,B
338019392,2019-05-08T14:10:58,39.48135,-75.55751,7.4,177.2,511.0,NORTHSTAR 10,,,90.0,0.0,15.0,6.0,2.0,90.0,B
369235000,2019-05-08T14:10:52,38.98902,-75.21657,0.1,35.2,137.0,OSG VISION,IMO9436537,WDF2493,31.0,0.0,46.0,15.0,6.5,57.0,B
367645750,2019-05-08T14:10:47,39.0401,-74.97119,4.8,9.0,511.0,EVENING STAR,IMO8853013,WDH7195,30.0,,24.0,7.0,,,B
367539750,2019-05-08T14:10:27,39.02425,-74.9789,1.3,32.5,511.0,ONNERED,,WDG4753,30.0,,18.0,6.0,,,B
367090620,2019-05-08T14:10:51,38.93071,-75.16245,1.6,75.5,511.0,BREAKWATER,,WYH7020,60.0,15.0,14.0,4.0,,,B
366889080,2019-05-08T14:11:06,39.36033,-75.44919,8.0,-91.7,317.0,ADVENTURER,IMO7507411,WBN3015,31.0,0.0,41.0,11.0,5.2,32.0,B
366907790,2019-05-08T14:11:03,38.95582,-74.97141,14.9,13.6,511.0,ATLANTIC STAR,,WDB5271,60.0,0.0,23.0,7.0,,,B
367317410,2019-05-08T14:11:09,39.06357,-74.97988,8.0,29.1,511.0,OPPORTUNE,,WDD9868,30.0,,16.0,5.0,,,B
369222000,2019-05-08T14:11:08,38.92864,-75.09946,9.8,-73.6,336.0,LIBERTY PASSION,IMO9777888,WLPI,70.0,0.0,,,,,B
538004030,2019-05-08T14:11:13,38.93115,-75.16237,0.0,109.9,151.0,FRIO,IMO9596985,V7UU3,80.0,1.0,274.0,48.0,17.1,89.0,A
367127000,2019-05-08T14:11:13,38.89972,-75.08563,15.3,-67.3,342.0,HOUSTON,IMO8220761,KCDK,80.0,0.0,187.0,27.0,11.0,,B
367120230,2019-05-08T14:11:41,38.98878,-75.21595,0.1,70.4,511.0,SONIE,IMO9373723,WDD2812,31.0,0.0,24.0,9.0,4.0,52.0,B
366914190,2019-05-08T14:11:44,38.90284,-75.05295,11.6,-176.0,223.0,NEW JERSEY,IMO8643078,WYU8850,60.0,0.0,86.0,20.0,,,B
367090620,2019-05-08T14:11:53,38.93089,-75.16306,3.5,-116.6,511.0,BREAKWATER,,WYH7020,60.0,15.0,14.0,4.0,,,B
311073800,2019-05-08T14:11:36,38.98868,-75.21693,0.0,63.4,138.0,EURO,IMO9567702,C6AA5,84.0,1.0,274.0,48.0,-11.5,84.0,A
367490480,2019-05-08T14:11:36,39.01277,-74.97641,4.8,180.8,511.0,EVA MARIE,IMO8969408,WDH3461,30.0,,26.0,7.0,,,B
366889080,2019-05-08T14:12:08,39.36207,-75.45117,8.0,-91.4,318.0,ADVENTURER,IMO7507411,WBN3015,31.0,0.0,41.0,11.0,5.2,32.0,B
338019392,2019-05-08T14:12:07,39.47901,-75.55722,7.2,172.0,511.0,NORTHSTAR 10,,,90.0,0.0,15.0,6.0,2.0,90.0,B
367470320,2019-05-08T14:12:07,39.00938,-74.99983,8.9,-140.0,511.0,CHARISMA,,WDF6070,30.0,,13.0,,,,B
367127000,2019-05-08T14:12:19,38.90421,-75.08756,15.6,-69.7,339.0,HOUSTON,IMO8220761,KCDK,80.0,0.0,187.0,27.0,11.0,,B
369222000,2019-05-08T14:12:18,38.93149,-75.10112,9.6,-74.3,336.0,LIBERTY PASSION,IMO9777888,WLPI,70.0,0.0,,,,,B
367349860,2019-05-08T14:11:42,39.36677,-75.45564,8.3,-91.4,315.0,LINDA MORAN,IMO9398565,WDE4187,31.0,12.0,36.0,11.0,4.6,57.0,B
366907790,2019-05-08T14:12:09,38.95814,-74.96929,10.2,83.2,511.0,ATLANTIC STAR,,WDB5271,60.0,0.0,23.0,7.0,,,B
367645750,2019-05-08T14:12:17,39.0423,-74.9708,6.0,3.8,511.0,EVENING STAR,IMO8853013,WDH7195,30.0,,24.0,7.0,,,B
367120230,2019-05-08T14:12:51,38.98879,-75.21588,0.1,123.0,511.0,SONIE,IMO9373723,WDD2812,31.0,0.0,24.0,9.0,4.0,52.0,B
367349860,2019-05-08T14:12:51,39.36869,-75.45789,8.3,-92.6,316.0,LINDA MORAN,IMO9398565,WDE4187,31.0,12.0,36.0,11.0,4.6,57.0,B
366914190,2019-05-08T14:12:54,38.90062,-75.0568,11.2,-176.0,224.0,NEW JERSEY,IMO8643078,WYU8850,60.0,0.0,86.0,20.0,,,B
367090620,2019-05-08T14:12:55,38.93382,-75.1693,25.6,-112.5,511.0,BREAKWATER,,WYH7020,60.0,15.0,14.0,4.0,,,B
369235000,2019-05-08T14:12:02,38.98907,-75.21649,0.1,35.2,137.0,OSG VISION,IMO9436537,WDF2493,31.0,0.0,46.0,15.0,6.5,57.0,B
338233543,2019-05-08T14:11:35,39.07555,-74.91986,3.6,-100.7,511.0,R/V JAMES W. JOSEPH,IMO0000000,JOSEPH,37.0,,14.0,6.0,,,B
369222000,2019-05-08T14:13:19,38.93386,-75.10253,9.4,-74.6,335.0,LIBERTY PASSION,IMO9777888,WLPI,70.0,0.0,,,,,B
367317410,2019-05-08T14:13:08,39.06758,-74.97996,7.7,-93.8,511.0,OPPORTUNE,,WDD9868,30.0,,16.0,5.0,,,B
366907790,2019-05-08T14:13:15,38.95795,-74.96795,1.4,177.3,511.0,ATLANTIC STAR,,WDB5271,60.0,0.0,23.0,7.0,,,B
369235000,2019-05-08T14:13:13,38.98907,-75.21641,0.1,35.2,137.0,OSG VISION,IMO9436537,WDF2493,31.0,0.0,46.0,15.0,6.5,57.0,B
338019392,2019-05-08T14:13:19,39.47665,-75.55673,7.1,168.9,511.0,NORTHSTAR 10,,,90.0,0.0,15.0,6.0,2.0,90.0,B
338447000,2019-05-08T14:12:02,38.96903,-75.2002,0.0,48.5,151.0,OSG HORIZON,IMO9436549,WDF6180,31.0,0.0,46.0,15.0,6.5,57.0,B
367127000,2019-05-08T14:13:24,38.90855,-75.08973,15.4,-70.5,339.0,HOUSTON,IMO8220761,KCDK,80.0,0.0,187.0,27.0,11.0,,B
240463000,2019-05-08T14:13:03,38.94415,-75.17417,0.1,-169.6,157.0,BOUBOULINA,IMO9298753,SZIS,80.0,1.0,274.0,50.0,17.0,80.0,A
366889080,2019-05-08T14:13:26,39.36428,-75.45371,8.5,-91.4,317.0,ADVENTURER,IMO7507411,WBN3015,31.0,0.0,41.0,11.0,5.2,32.0,B
367645750,2019-05-08T14:13:48,39.04488,-74.97066,6.4,2.3,511.0,EVENING STAR,IMO8853013,WDH7195,30.0,,24.0,7.0,,,B
367470320,2019-05-08T14:13:36,39.01168,-75.00186,9.1,-129.0,511.0,CHARISMA,,WDF6070,30.0,,13.0,,,,B
367349860,2019-05-08T14:14:01,39.3706,-75.46031,8.4,-93.0,315.0,LINDA MORAN,IMO9398565,WDE4187,31.0,12.0,36.0,11.0,4.6,57.0,B
367120230,2019-05-08T14:14:01,38.98879,-75.21582,0.1,121.2,511.0,SONIE,IMO9373723,WDD2812,31.0,0.0,24.0,9.0,4.0,52.0,B
367490480,2019-05-08T14:13:06,39.01034,-74.97726,6.6,196.8,511.0,EVA MARIE,IMO8969408,WDH3461,30.0,,26.0,7.0,,,B
538006702,2019-05-08T14:12:29,38.96881,-75.20069,0.0,34.6,152.0,NAMSEN,IMO9761528,V7QJ6,80.0,1.0,,,,,A
369235000,2019-05-08T14:14:22,38.98907,-75.21637,0.1,35.2,138.0,OSG VISION,IMO9436537,WDF2493,31.0,0.0,46.0,15.0,6.5,57.0,B
338233543,2019-05-08T14:12:36,39.07561,-74.92048,0.8,-50.4,511.0,R/V JAMES W. JOSEPH,IMO0000000,JOSEPH,37.0,,14.0,6.0,,,B
538004030,2019-05-08T14:14:15,38.93117,-75.16236,0.0,-171.4,152.0,FRIO,IMO9596985,V7UU3,80.0,1.0,274.0,48.0,17.1,89.0,A
338019392,2019-05-08T14:14:28,39.47438,-75.55616,7.1,168.4,511.0,NORTHSTAR 10,,,90.0,0.0,15.0,6.0,2.0,90.0,B
369222000,2019-05-08T14:14:28,38.93661,-75.10409,9.3,-73.4,337.0,LIBERTY PASSION,IMO9777888,WLPI,70.0,0.0,,,,,B
367470320,2019-05-08T14:14:37,39.01094,-75.0048,8.7,-159.6,511.0,CHARISMA,,WDF6070,30.0,,13.0,,,,B
367127000,2019-05-08T14:14:31,38.91306,-75.09194,15.6,-70.4,338.0,HOUSTON,IMO8220761,KCDK,80.0,0.0,187.0,27.0,11.0,,B
367490480,2019-05-08T14:14:36,39.00773,-74.97838,6.4,197.8,511.0,EVA MARIE,IMO8969408,WDH3461,30.0,,26.0,7.0,,,B
338447000,2019-05-08T14:14:21,38.96901,-75.20022,0.0,48.5,151.0,OSG HORIZON,IMO9436549,WDF6180,31.0,0.0,46.0,15.0,6.5,57.0,B
338447000,2019-05-08T14:13:11,38.96904,-75.20022,0.0,48.5,151.0,OSG HORIZON,IMO9436549,WDF6180,31.0,0.0,46.0,15.0,6.5,57.0,B
368051050,2019-05-08T14:14:56,38.84723,-75.0534,9.2,-74.5,335.0,,,,,0.0,,,,,B
366914190,2019-05-08T14:15:15,38.89612,-75.06464,11.3,-177.9,225.0,NEW JERSEY,IMO8643078,WYU8850,60.0,0.0,86.0,20.0,,,B
367349860,2019-05-08T14:15:11,39.3727,-75.46277,8.4,-92.1,316.0,LINDA MORAN,IMO9398565,WDE4187,31.0,12.0,36.0,11.0,4.6,57.0,B
367120230,2019-05-08T14:15:11,38.98878,-75.21578,0.1,72.9,511.0,SONIE,IMO9373723,WDD2812,31.0,0.0,24.0,9.0,4.0,52.0,B
367645750,2019-05-08T14:15:17,39.04751,-74.97052,6.2,1.0,511.0,EVENING STAR,IMO8853013,WDH7195,30.0,,24.0,7.0,,,B
367539750,2019-05-08T14:13:27,39.02531,-74.97829,1.4,23.8,511.0,ONNERED,,WDG4753,30.0,,18.0,6.0,,,B
367090620,2019-05-08T14:14:59,38.94079,-75.18578,25.6,-110.6,511.0,BREAKWATER,,WYH7020,60.0,15.0,14.0,4.0,,,B
366907790,2019-05-08T14:15:34,38.95624,-74.96839,1.7,148.4,511.0,ATLANTIC STAR,,WDB5271,60.0,0.0,23.0,7.0,,,B
369235000,2019-05-08T14:15:53,38.98905,-75.2163,0.1,35.2,138.0,OSG VISION,IMO9436537,WDF2493,31.0,0.0,46.0,15.0,6.5,57.0,B
338233543,2019-05-08T14:15:35,39.08044,-74.91973,13.0,9.1,511.0,R/V JAMES W. JOSEPH,IMO0000000,JOSEPH,37.0,,14.0,6.0,,,B
338447000,2019-05-08T14:15:32,38.96907,-75.2002,0.0,48.5,151.0,OSG HORIZON,IMO9436549,WDF6180,31.0,0.0,46.0,15.0,6.5,57.0,B
369222000,2019-05-08T14:15:37,38.9393,-75.10562,9.1,-74.3,337.0,LIBERTY PASSION,IMO9777888,WLPI,70.0,0.0,,,,,B
338019392,2019-05-08T14:15:38,39.47221,-75.5556,6.9,168.7,511.0,NORTHSTAR 10,,,90.0,0.0,15.0,6.0,2.0,90.0,B
367127000,2019-05-08T14:15:36,38.91744,-75.09425,15.6,-71.9,337.0,HOUSTON,IMO8220761,KCDK,80.0,0.0,187.0,27.0,11.0,,B
367090620,2019-05-08T14:13:57,38.93726,-75.17754,25.7,-109.7,511.0,BREAKWATER,,WYH7020,60.0,15.0,14.0,4.0,,,B
366889080,2019-05-08T14:15:49,39.36888,-75.45903,10.0,-91.7,317.0,ADVENTURER,IMO7507411,WBN3015,31.0,0.0,41.0,11.0,5.2,32.0,B
367090620,2019-05-08T14:16:01,38.94413,-75.19419,25.3,-112.4,511.0,BREAKWATER,,WYH7020,60.0,15.0,14.0,4.0,,,B
538006702,2019-05-08T14:15:34,38.96882,-75.20065,0.0,34.6,152.0,NAMSEN,IMO9761528,V7QJ6,80.0,1.0,,,,,A
367470320,2019-05-08T14:16:07,39.00977,-75.00926,8.7,-171.2,511.0,CHARISMA,,WDF6070,30.0,,13.0,,,,B
367539750,2019-05-08T14:16:26,39.02635,-74.9777,1.3,17.2,511.0,ONNERED,,WDG4753,30.0,,18.0,6.0,,,B
366914190,2019-05-08T14:14:05,38.89833,-75.0607,11.8,-175.7,224.0,NEW JERSEY,IMO8643078,WYU8850,60.0,0.0,86.0,20.0,,,B
338233543,2019-05-08T14:14:06,39.0762,-74.92045,5.7,-56.7,511.0,R/V JAMES W. JOSEPH,IMO0000000,JOSEPH,37.0,,14.0,6.0,,,B
367645750,2019-05-08T14:16:18,39.04926,-74.97046,6.4,1.7,511.0,EVENING STAR,IMO8853013,WDH7195,30.0,,24.0,7.0,,,B
368051050,2019-05-08T14:16:05,38.84989,-75.05514,9.2,-76.6,332.0,,,,,0.0,,,,,B
366907790,2019-05-08T14:14:26,38.95694,-74.96831,2.5,197.0,511.0,ATLANTIC STAR,,WDB5271,60.0,0.0,23.0,7.0,,,A
367490480,2019-05-08T14:16:06,39.00513,-74.97946,6.6,198.1,511.0,EVA MARIE,IMO8969408,WDH3461,30.0,,26.0,7.0,,,B
366914190,2019-05-08T14:16:26,38.89398,-75.06863,11.5,-173.0,226.0,NEW JERSEY,IMO8643078,WYU8850,60.0,0.0,86.0,20.0,,,B
366907790,2019-05-08T14:16:43,38.95602,-74.96813,0.5,156.0,511.0,ATLANTIC STAR,,WDB5271,60.0,0.0,23.0,7.0,,,B
369222000,2019-05-08T14:16:47,38.94196,-75.10706,8.8,-73.2,337.0,LIBERTY PASSION,IMO9777888,WLPI,70.0,0.0,,,,,B
367127000,2019-05-08T14:16:42,38.92175,-75.09656,15.6,-72.2,338.0,HOUSTON,IMO8220761,KCDK,80.0,0.0,187.0,27.0,11.0,,B
366889080,2019-05-08T14:14:29,39.36621,-75.45595,9.2,-91.6,317.0,ADVENTURER,IMO7507411,WBN3015,31.0,0.0,41.0,11.0,5.2,32.0,B
338233543,2019-05-08T14:17:06,39.0868,-74.91897,15.9,5.9,511.0,R/V JAMES W. JOSEPH,IMO0000000,JOSEPH,37.0,,14.0,6.0,,,B
311073800,2019-05-08T14:14:36,38.98872,-75.2168,0.0,93.2,139.0,EURO,IMO9567702,C6AA5,84.0,1.0,274.0,48.0,-11.5,84.0,A
367490480,2019-05-08T14:17:07,39.00337,-74.9802,6.4,198.8,511.0,EVA MARIE,IMO8969408,WDH3461,30.0,,26.0,7.0,,,B
369235000,2019-05-08T14:17:02,38.98907,-75.21624,0.1,35.2,139.0,OSG VISION,IMO9436537,WDF2493,31.0,0.0,46.0,15.0,6.5,57.0,B
367317410,2019-05-08T14:17:09,39.07516,-74.98498,7.7,-91.8,511.0,OPPORTUNE,,WDD9868,30.0,,16.0,5.0,,,B
367090620,2019-05-08T14:17:03,38.94711,-75.20274,25.4,-119.1,511.0,BREAKWATER,,WYH7020,60.0,15.0,14.0,4.0,,,B
366914190,2019-05-08T14:17:51,38.8914,-75.07349,11.4,-177.9,214.0,NEW JERSEY,IMO8643078,WYU8850,60.0,0.0,86.0,20.0,,,A
366889080,2019-05-08T14:17:06,39.37168,-75.46226,10.5,-91.9,318.0,ADVENTURER,IMO7507411,WBN3015,31.0,0.0,41.0,11.0,5.2,32.0,B
367470320,2019-05-08T14:17:37,39.00746,-75.01237,8.1,180.3,511.0,CHARISMA,,WDF6070,30.0,,13.0,,,,B
367539750,2019-05-08T14:17:37,39.02648,-74.97807,2.2,-150.4,511.0,ONNERED,,WDG4753,30.0,,18.0,6.0,,,B
367090620,2019-05-08T14:18:13,38.94932,-75.2127,25.2,-112.7,511.0,BREAKWATER,,WYH7020,60.0,15.0,14.0,4.0,,,B
338019392,2019-05-08T14:17:48,39.46818,-75.55444,6.8,166.6,511.0,NORTHSTAR 10,,,90.0,0.0,15.0,6.0,2.0,90.0,B
369222000,2019-05-08T14:17:48,38.94429,-75.10831,8.7,-73.4,338.0,LIBERTY PASSION,IMO9777888,WLPI,70.0,0.0,,,,,B
366907790,2019-05-08T14:17:55,38.95582,-74.96807,0.2,-192.3,511.0,ATLANTIC STAR,,WDB5271,60.0,0.0,23.0,7.0,,,B
369235000,2019-05-08T14:18:13,38.98911,-75.21621,0.2,29.1,141.0,OSG VISION,IMO9436537,WDF2493,31.0,0.0,46.0,15.0,6.5,57.0,B
367120230,2019-05-08T14:17:30,38.98879,-75.21571,0.1,30.4,511.0,SONIE,IMO9373723,WDD2812,31.0,0.0,24.0,9.0,4.0,52.0,B
367349860,2019-05-08T14:17:32,39.37653,-75.46727,7.9,-91.3,317.0,LINDA MORAN,IMO9398565,WDE4187,31.0,12.0,36.0,11.0,4.6,57.0,B
366889080,2019-05-08T14:18:09,39.37377,-75.46508,10.5,-100.0,309.0,ADVENTURER,IMO7507411,WBN3015,31.0,0.0,41.0,11.0,5.2,32.0,B
338447000,2019-05-08T14:17:51,38.96907,-75.2002,0.0,48.5,151.0,OSG HORIZON,IMO9436549,WDF6180,31.0,0.0,46.0,15.0,6.5,57.0,B
367317410,2019-05-08T14:15:39,39.07204,-74.98382,8.0,-64.4,511.0,OPPORTUNE,,WDD9868,30.0,,16.0,5.0,,,B
338233543,2019-05-08T14:18:36,39.09342,-74.91757,16.0,24.5,511.0,R/V JAMES W. JOSEPH,IMO0000000,JOSEPH,37.0,,14.0,6.0,,,B
538006702,2019-05-08T14:18:30,38.96885,-75.20066,0.0,34.6,152.0,NAMSEN,IMO9761528,V7QJ6,80.0,1.0,,,,,A
367120230,2019-05-08T14:18:41,38.98882,-75.21568,0.1,34.9,511.0,SONIE,IMO9373723,WDD2812,31.0,0.0,24.0,9.0,4.0,52.0,B
240463000,2019-05-08T14:16:03,38.94412,-75.17423,0.0,-178.6,156.0,BOUBOULINA,IMO9298753,SZIS,80.0,1.0,274.0,50.0,17.0,80.0,A
367349860,2019-05-08T14:18:43,39.37853,-75.46953,7.8,-91.4,317.0,LINDA MORAN,IMO9398565,WDE4187,31.0,12.0,36.0,11.0,4.6,57.0,B
367120230,2019-05-08T14:16:22,38.9888,-75.21572,0.1,88.7,511.0,SONIE,IMO9373723,WDD2812,31.0,0.0,24.0,9.0,4.0,52.0,B
367349860,2019-05-08T14:16:22,39.37466,-75.46511,8.1,-91.6,317.0,LINDA MORAN,IMO9398565,WDE4187,31.0,12.0,36.0,11.0,4.6,57.0,B
338447000,2019-05-08T14:16:41,38.96907,-75.2002,0.0,48.5,151.0,OSG HORIZON,IMO9436549,WDF6180,31.0,0.0,46.0,15.0,6.5,57.0,B
338019392,2019-05-08T14:16:47,39.47002,-75.55501,6.8,166.7,511.0,NORTHSTAR 10,,,90.0,0.0,15.0,6.0,2.0,90.0,B
538004030,2019-05-08T14:17:15,38.93118,-75.16234,0.0,53.4,154.0,FRIO,IMO9596985,V7UU3,80.0,1.0,274.0,48.0,17.1,89.0,A
368051050,2019-05-08T14:17:16,38.85257,-75.05712,9.4,-81.0,328.0,,,,,0.0,,,,,B
311073800,2019-05-08T14:17:36,38.98874,-75.21669,0.0,30.9,142.0,EURO,IMO9567702,C6AA5,84.0,1.0,274.0,48.0,-11.5,84.0,A
367127000,2019-05-08T14:18:00,38.92696,-75.09932,15.6,-71.9,337.0,HOUSTON,IMO8220761,KCDK,80.0,0.0,187.0,27.0,11.0,,B
367645750,2019-05-08T14:17:47,39.05185,-74.9704,6.2,0.2,511.0,EVENING STAR,IMO8853013,WDH7195,30.0,,24.0,7.0,,,B
368051050,2019-05-08T14:18:25,38.85515,-75.0591,9.4,-79.5,334.0,,,,,0.0,,,,,A
367490480,2019-05-08T14:18:36,39.00073,-74.98135,6.6,199.4,511.0,EVA MARIE,IMO8969408,WDH3461,30.0,,26.0,7.0,,,B
338019392,2019-05-08T14:18:58,39.46601,-75.5538,6.7,167.8,511.0,NORTHSTAR 10,,,90.0,0.0,15.0,6.0,2.0,90.0,B
369222000,2019-05-08T14:18:58,38.94694,-75.10975,8.9,-73.2,337.0,LIBERTY PASSION,IMO9777888,WLPI,70.0,0.0,,,,,B
367539750,2019-05-08T14:19:02,39.02683,-74.97923,2.6,-100.1,511.0,ONNERED,,WDG4753,30.0,,18.0,6.0,,,B
367317410,2019-05-08T14:18:39,39.07536,-74.98642,3.1,158.9,511.0,OPPORTUNE,,WDD9868,30.0,,16.0,5.0,,,B
367090620,2019-05-08T14:19:25,38.95215,-75.22269,25.3,-147.7,511.0,BREAKWATER,,WYH7020,60.0,15.0,14.0,4.0,,,B
338447000,2019-05-08T14:19:02,38.96909,-75.20019,0.0,48.5,151.0,OSG HORIZON,IMO9436549,WDF6180,31.0,0.0,46.0,15.0,6.5,57.0,B
367645750,2019-05-08T14:18:48,39.05356,-74.97048,6.2,-49.9,511.0,EVENING STAR,IMO8853013,WDH7195,30.0,,24.0,7.0,,,B
240463000,2019-05-08T14:19:03,38.94408,-75.17428,0.0,-175.6,155.0,BOUBOULINA,IMO9298753,SZIS,80.0,1.0,274.0,50.0,17.0,80.0,A
367470320,2019-05-08T14:19:07,39.0043,-75.01386,8.3,-198.7,511.0,CHARISMA,,WDF6070,30.0,,13.0,,,,B
366914190,2019-05-08T14:18:54,38.88896,-75.07616,11.0,-194.6,203.0,NEW JERSEY,IMO8643078,WYU8850,60.0,0.0,86.0,20.0,,,B
369235000,2019-05-08T14:19:22,38.98917,-75.21617,0.1,37.2,144.0,OSG VISION,IMO9436537,WDF2493,31.0,0.0,46.0,15.0,6.5,57.0,B
366889080,2019-05-08T14:19:48,39.3768,-75.46998,10.6,-97.1,313.0,ADVENTURER,IMO7507411,WBN3015,31.0,0.0,41.0,11.0,5.2,32.0,B
367127000,2019-05-08T14:19:07,38.93142,-75.10184,15.7,-74.6,335.0,HOUSTON,IMO8220761,KCDK,80.0,0.0,187.0,27.0,11.0,,B
367120230,2019-05-08T14:19:52,38.98884,-75.21564,0.1,92.2,511.0,SONIE,IMO9373723,WDD2812,31.0,0.0,24.0,9.0,4.0,52.0,B
338019392,2019-05-08T14:20:09,39.46391,-75.5532,6.5,161.0,511.0,NORTHSTAR 10,,,90.0,0.0,15.0,6.0,2.0,90.0,B
367349860,2019-05-08T14:20:01,39.38061,-75.4719,7.2,-91.3,316.0,LINDA MORAN,IMO9398565,WDE4187,31.0,12.0,36.0,11.0,4.6,57.0,B
338233543,2019-05-08T14:19:39,39.09755,-74.91497,15.9,27.9,511.0,R/V JAMES W. JOSEPH,IMO0000000,JOSEPH,37.0,,14.0,6.0,,,B
366914190,2019-05-08T14:20:04,38.88606,-75.07862,10.7,-197.5,205.0,NEW JERSEY,IMO8643078,WYU8850,60.0,0.0,86.0,20.0,,,B
366907790,2019-05-08T14:19:04,38.95514,-74.96828,1.6,-196.8,511.0,ATLANTIC STAR,,WDB5271,60.0,0.0,23.0,7.0,,,B
367490480,2019-05-08T14:20:06,38.99811,-74.98255,6.8,199.7,511.0,EVA MARIE,IMO8969408,WDH3461,30.0,,26.0,7.0,,,B
369222000,2019-05-08T14:20:08,38.94956,-75.1112,8.8,-73.2,337.0,LIBERTY PASSION,IMO9777888,WLPI,70.0,0.0,,,,,B
368051050,2019-05-08T14:19:35,38.85788,-75.06091,9.5,-76.9,334.0,,,,,0.0,,,,,B
338447000,2019-05-08T14:20:11,38.96907,-75.20021,0.0,48.5,151.0,OSG HORIZON,IMO9436549,WDF6180,31.0,0.0,46.0,15.0,6.5,57.0,B
538004030,2019-05-08T14:20:16,38.93119,-75.16234,0.1,-152.1,155.0,FRIO,IMO9596985,V7UU3,80.0,1.0,274.0,48.0,17.1,89.0,A
366907790,2019-05-08T14:20:14,38.9544,-74.9688,2.2,197.1,511.0,ATLANTIC STAR,,WDB5271,60.0,0.0,23.0,7.0,,,A
369235000,2019-05-08T14:20:32,38.9892,-75.2161,0.0,37.2,146.0,OSG VISION,IMO9436537,WDF2493,31.0,0.0,46.0,15.0,6.5,57.0,B
311073800,2019-05-08T14:20:33,38.9889,-75.21662,0.1,12.1,147.0,EURO,IMO9567702,C6AA5,84.0,1.0,274.0,48.0,-11.5,84.0,A
367470320,2019-05-08T14:20:37,39.00179,-75.01684,8.5,-168.5,511.0,CHARISMA,,WDF6070,30.0,,13.0,,,,B
367120230,2019-05-08T14:21:02,38.98886,-75.21564,0.0,9.5,511.0,SONIE,IMO9373723,WDD2812,31.0,0.0,24.0,9.0,4.0,52.0,B
367539750,2019-05-08T14:21:03,39.02793,-74.97992,2.0,-61.1,511.0,ONNERED,,WDG4753,30.0,,18.0,6.0,,,B
366914190,2019-05-08T14:21:38,38.88215,-75.08185,10.5,-203.1,197.0,NEW JERSEY,IMO8643078,WYU8850,60.0,0.0,86.0,20.0,,,A
367127000,2019-05-08T14:21:48,38.94197,-75.10828,15.7,-75.3,334.0,HOUSTON,IMO8220761,KCDK,80.0,0.0,187.0,27.0,11.0,,B
338019392,2019-05-08T14:21:19,39.462,-75.55199,6.5,149.4,511.0,NORTHSTAR 10,,,90.0,0.0,15.0,6.0,2.0,90.0,B
338233543,2019-05-08T14:21:06,39.10319,-74.91102,15.9,28.2,511.0,R/V JAMES W. JOSEPH,IMO0000000,JOSEPH,37.0,,14.0,6.0,,,B
367490480,2019-05-08T14:21:36,38.99543,-74.98372,6.8,199.1,511.0,EVA MARIE,IMO8969408,WDH3461,30.0,,26.0,7.0,,,B
369222000,2019-05-08T14:21:17,38.95212,-75.11263,8.6,-73.4,337.0,LIBERTY PASSION,IMO9777888,WLPI,70.0,0.0,,,,,B
338447000,2019-05-08T14:21:22,38.96909,-75.20017,0.0,48.5,151.0,OSG HORIZON,IMO9436549,WDF6180,31.0,0.0,46.0,15.0,6.5,57.0,B
338312656,2019-05-08T14:21:37,39.49709,-75.56237,26.9,196.6,511.0,SEA REGALIS,IMO0000000,,90.0,,8.0,2.0,,,B
367090620,2019-05-08T14:21:59,38.95037,-75.24553,25.3,-142.4,511.0,BREAKWATER,,WYH7020,60.0,15.0,14.0,4.0,,,B
538006702,2019-05-08T14:21:33,38.96887,-75.20067,0.0,34.6,153.0,NAMSEN,IMO9761528,V7QJ6,80.0,1.0,,,,,A
367349860,2019-05-08T14:22:22,39.3838,-75.47564,6.2,-91.6,316.0,LINDA MORAN,IMO9398565,WDE4187,31.0,12.0,36.0,11.0,4.6,57.0,B
366907790,2019-05-08T14:21:33,38.95561,-74.96876,13.5,-60.0,511.0,ATLANTIC STAR,,WDB5271,60.0,0.0,23.0,7.0,,,B
367349860,2019-05-08T14:21:13,39.38236,-75.47392,6.6,-92.0,316.0,LINDA MORAN,IMO9398565,WDE4187,31.0,12.0,36.0,11.0,4.6,57.0,B
366907790,2019-05-08T14:22:54,38.96054,-74.97017,14.4,-63.3,511.0,ATLANTIC STAR,,WDB5271,60.0,0.0,23.0,7.0,,,B
240463000,2019-05-08T14:22:05,38.94405,-75.17437,0.0,-175.6,154.0,BOUBOULINA,IMO9298753,SZIS,80.0,1.0,274.0,50.0,17.0,80.0,A
369222000,2019-05-08T14:22:39,38.95517,-75.11432,8.6,-73.3,337.0,LIBERTY PASSION,IMO9777888,WLPI,70.0,0.0,,,,,B
366889080,2019-05-08T14:22:07,39.38177,-75.476,10.6,-93.5,316.0,ADVENTURER,IMO7507411,WBN3015,31.0,0.0,41.0,11.0,5.2,32.0,B
367317410,2019-05-08T14:20:08,39.07374,-74.98552,4.4,198.6,511.0,OPPORTUNE,,WDD9868,30.0,,16.0,5.0,,,B
338233543,2019-05-08T14:22:36,39.10899,-74.90678,15.5,29.7,511.0,R/V JAMES W. JOSEPH,IMO0000000,JOSEPH,37.0,,14.0,6.0,,,B
338019392,2019-05-08T14:22:27,39.46026,-75.55057,6.4,146.1,511.0,NORTHSTAR 10,,,90.0,0.0,15.0,6.0,2.0,90.0,B
367127000,2019-05-08T14:20:13,38.93575,-75.10449,15.6,-75.8,335.0,HOUSTON,IMO8220761,KCDK,80.0,0.0,187.0,27.0,11.0,,B
338312656,2019-05-08T14:23:36,39.48245,-75.56635,26.8,184.8,511.0,SEA REGALIS,IMO0000000,,90.0,,8.0,2.0,,,B
367645750,2019-05-08T14:20:18,39.05614,-74.97054,6.0,-50.9,511.0,EVENING STAR,IMO8853013,WDH7195,30.0,,24.0,7.0,,,B
367120230,2019-05-08T14:22:12,38.98886,-75.21563,0.0,-174.7,511.0,SONIE,IMO9373723,WDD2812,31.0,0.0,24.0,9.0,4.0,52.0,B
367127000,2019-05-08T14:23:12,38.94748,-75.11168,15.7,-75.3,335.0,HOUSTON,IMO8220761,KCDK,80.0,0.0,187.0,27.0,11.0,,B
366914190,2019-05-08T14:22:44,38.87916,-75.08357,10.7,-204.6,197.0,NEW JERSEY,IMO8643078,WYU8850,60.0,0.0,86.0,20.0,,,B
367090620,2019-05-08T14:20:27,38.95119,-75.23185,25.5,-143.7,511.0,BREAKWATER,,WYH7020,60.0,15.0,14.0,4.0,,,B
368051050,2019-05-08T14:22:45,38.8655,-75.06575,9.6,-74.9,335.0,,,,,0.0,,,,,B
369235000,2019-05-08T14:23:32,38.98924,-75.21608,0.0,37.2,147.0,OSG VISION,IMO9436537,WDF2493,31.0,0.0,46.0,15.0,6.5,57.0,B
367090620,2019-05-08T14:23:01,38.94982,-75.25471,24.6,-148.5,511.0,BREAKWATER,,WYH7020,60.0,15.0,14.0,4.0,,,B
367490480,2019-05-08T14:23:36,38.99169,-74.98445,6.8,185.0,511.0,EVA MARIE,IMO8969408,WDH3461,30.0,,26.0,7.0,,,B
366889080,2019-05-08T14:23:09,39.38397,-75.47878,10.5,-93.1,317.0,ADVENTURER,IMO7507411,WBN3015,31.0,0.0,41.0,11.0,5.2,32.0,B
311073800,2019-05-08T14:23:36,38.98889,-75.21663,0.0,-204.0,149.0,EURO,IMO9567702,C6AA5,84.0,1.0,274.0,48.0,-11.5,84.0,A
368051050,2019-05-08T14:20:42,38.86053,-75.06268,9.3,-77.8,335.0,,,,,0.0,,,,,A
367120230,2019-05-08T14:23:41,38.98884,-75.21565,0.1,194.0,511.0,SONIE,IMO9373723,WDD2812,31.0,0.0,24.0,9.0,4.0,52.0,B
538004030,2019-05-08T14:23:17,38.93115,-75.16239,0.1,-182.3,155.0,FRIO,IMO9596985,V7UU3,80.0,1.0,274.0,48.0,17.1,89.0,A
338019392,2019-05-08T14:23:37,39.45857,-75.54905,6.4,143.3,511.0,NORTHSTAR 10,,,90.0,0.0,15.0,6.0,2.0,90.0,B
367470320,2019-05-08T14:23:36,39.00007,-75.02408,10.2,19.5,511.0,CHARISMA,,WDF6070,30.0,,13.0,,,,B
367127000,2019-05-08T14:24:24,38.95225,-75.11462,15.7,-75.6,334.0,HOUSTON,IMO8220761,KCDK,80.0,0.0,187.0,27.0,11.0,,B
367349860,2019-05-08T14:23:32,39.38522,-75.47732,6.0,-91.5,316.0,LINDA MORAN,IMO9398565,WDE4187,31.0,12.0,36.0,11.0,4.6,57.0,B
366889080,2019-05-08T14:21:06,39.3796,-75.47341,10.5,-92.1,317.0,ADVENTURER,IMO7507411,WBN3015,31.0,0.0,41.0,11.0,5.2,32.0,B
369222000,2019-05-08T14:23:47,38.95772,-75.11573,8.6,-73.4,338.0,LIBERTY PASSION,IMO9777888,WLPI,70.0,0.0,,,,,B
367317410,2019-05-08T14:21:39,39.0718,-74.98633,6.1,164.3,511.0,OPPORTUNE,,WDD9868,30.0,,16.0,5.0,,,B
366907790,2019-05-08T14:23:55,38.9646,-74.97079,14.5,-57.2,511.0,ATLANTIC STAR,,WDB5271,60.0,0.0,23.0,7.0,,,A
368051050,2019-05-08T14:24:25,38.86958,-75.06823,9.8,-74.4,335.0,,,,,0.0,,,,,B
366914190,2019-05-08T14:23:55,38.87591,-75.08546,11.0,-203.4,198.0,NEW JERSEY,IMO8643078,WYU8850,60.0,0.0,86.0,20.0,,,B
338447000,2019-05-08T14:23:51,38.96906,-75.20016,0.0,48.5,152.0,OSG HORIZON,IMO9436549,WDF6180,31.0,0.0,46.0,15.0,6.5,57.0,B
367317410,2019-05-08T14:24:39,39.06688,-74.98662,5.9,171.3,511.0,OPPORTUNE,,WDD9868,30.0,,16.0,5.0,,,B
338233543,2019-05-08T14:24:07,39.11475,-74.9027,16.0,28.1,511.0,R/V JAMES W. JOSEPH,IMO0000000,JOSEPH,37.0,,14.0,6.0,,,B
366889080,2019-05-08T14:24:48,39.38754,-75.48297,10.5,-92.0,318.0,ADVENTURER,IMO7507411,WBN3015,31.0,0.0,41.0,11.0,5.2,32.0,B
367645750,2019-05-08T14:23:47,39.06073,-74.97029,2.4,9.4,511.0,EVENING STAR,IMO8853013,WDH7195,30.0,,24.0,7.0,,,B
369235000,2019-05-08T14:22:12,38.98924,-75.21608,0.0,37.2,147.0,OSG VISION,IMO9436537,WDF2493,31.0,0.0,46.0,15.0,6.5,57.0,B
368051050,2019-05-08T14:21:43,38.86294,-75.06418,9.6,-74.7,335.0,,,,,0.0,,,,,A
367645750,2019-05-08T14:21:47,39.05871,-74.97057,5.7,-49.9,511.0,EVENING STAR,IMO8853013,WDH7195,30.0,,24.0,7.0,,,B
538006702,2019-05-08T14:24:30,38.96887,-75.20064,0.0,34.6,153.0,NAMSEN,IMO9761528,V7QJ6,80.0,1.0,,,,,A
367090620,2019-05-08T14:25:21,38.94678,-75.27506,25.0,-156.2,511.0,BREAKWATER,,WYH7020,60.0,15.0,14.0,4.0,,,B
338019392,2019-05-08T14:25:27,39.45603,-75.54644,6.3,141.4,511.0,NORTHSTAR 10,,,90.0,0.0,15.0,6.0,2.0,90.0,B
367349860,2019-05-08T14:24:33,39.38653,-75.47887,6.5,-91.6,316.0,LINDA MORAN,IMO9398565,WDE4187,31.0,12.0,36.0,11.0,4.6,57.0,B
367490480,2019-05-08T14:25:06,38.9889,-74.98479,6.6,184.2,511.0,EVA MARIE,IMO8969408,WDH3461,30.0,,26.0,7.0,,,B
369235000,2019-05-08T14:24:43,38.9892,-75.21607,0.0,37.2,147.0,OSG VISION,IMO9436537,WDF2493,31.0,0.0,46.0,15.0,6.5,57.0,B
366907790,2019-05-08T14:25:21,38.97069,-74.97083,15.6,3.3,511.0,ATLANTIC STAR,,WDB5271,60.0,0.0,23.0,7.0,,,B
367470320,2019-05-08T14:24:37,39.00052,-75.02684,9.4,-149.9,511.0,CHARISMA,,WDF6070,30.0,,13.0,,,,B
366914190,2019-05-08T14:25:05,38.87268,-75.08747,11.0,-204.5,197.0,NEW JERSEY,IMO8643078,WYU8850,60.0,0.0,86.0,20.0,,,B
367470320,2019-05-08T14:22:07,38.99999,-75.02088,8.8,-170.5,511.0,CHARISMA,,WDF6070,30.0,,13.0,,,,B
338447000,2019-05-08T14:22:42,38.96906,-75.20016,0.0,48.5,151.0,OSG HORIZON,IMO9436549,WDF6180,31.0,0.0,46.0,15.0,6.5,57.0,B
338312656,2019-05-08T14:25:05,39.47138,-75.56638,26.7,180.7,511.0,SEA REGALIS,IMO0000000,,90.0,,8.0,2.0,,,B
367120230,2019-05-08T14:25:42,38.98882,-75.21566,0.0,-190.5,511.0,SONIE,IMO9373723,WDD2812,31.0,0.0,24.0,9.0,4.0,52.0,B
338447000,2019-05-08T14:25:00,38.96907,-75.20014,0.0,48.5,152.0,OSG HORIZON,IMO9436549,WDF6180,31.0,0.0,46.0,15.0,6.5,57.0,B
367645750,2019-05-08T14:25:17,39.06158,-74.97007,1.8,9.4,511.0,EVENING STAR,IMO8853013,WDH7195,30.0,,24.0,7.0,,,B
369235000,2019-05-08T14:26:12,38.98919,-75.21611,0.0,37.2,147.0,OSG VISION,IMO9436537,WDF2493,31.0,0.0,46.0,15.0,6.5,57.0,B
338233543,2019-05-08T14:25:09,39.11875,-74.89977,15.9,29.1,511.0,R/V JAMES W. JOSEPH,IMO0000000,JOSEPH,37.0,,14.0,6.0,,,B
369222000,2019-05-08T14:26:17,38.96318,-75.11886,8.8,-73.8,338.0,LIBERTY PASSION,IMO9777888,WLPI,70.0,0.0,,,,,B
367539750,2019-05-08T14:22:33,39.02864,-74.98005,1.7,-51.0,511.0,ONNERED,,WDG4753,30.0,,18.0,6.0,,,B
367349860,2019-05-08T14:26:12,39.38902,-75.48178,7.7,-92.3,316.0,LINDA MORAN,IMO9398565,WDE4187,31.0,12.0,36.0,11.0,4.6,57.0,B
311073800,2019-05-08T14:26:36,38.98887,-75.21665,0.1,-184.4,148.0,EURO,IMO9567702,C6AA5,84.0,1.0,274.0,48.0,-11.5,84.0,A
240463000,2019-05-08T14:25:03,38.94403,-75.17442,0.0,-177.6,152.0,BOUBOULINA,IMO9298753,SZIS,80.0,1.0,274.0,50.0,17.0,80.0,A
368051050,2019-05-08T14:25:35,38.87246,-75.06996,9.7,-74.6,336.0,,,,,0.0,,,,,A
367470320,2019-05-08T14:26:07,39.00047,-75.03136,10.3,-71.0,511.0,CHARISMA,,WDF6070,30.0,,13.0,,,,B
338447000,2019-05-08T14:26:41,38.96904,-75.20015,0.0,48.5,152.0,OSG HORIZON,IMO9436549,WDF6180,31.0,0.0,46.0,15.0,6.5,57.0,B
367090580,2019-05-08T14:26:45,38.94291,-75.30755,23.1,127.6,511.0,BIG STONE 5,,WSE3119,60.0,0.0,15.0,4.0,,50.0,A
367120230,2019-05-08T14:27:02,38.98882,-75.21567,0.0,-109.6,511.0,SONIE,IMO9373723,WDD2812,31.0,0.0,24.0,9.0,4.0,52.0,B
367317410,2019-05-08T14:23:09,39.06934,-74.98639,5.9,188.6,511.0,OPPORTUNE,,WDD9868,30.0,,16.0,5.0,,,B
367490480,2019-05-08T14:26:07,38.98705,-74.985,6.7,185.6,511.0,EVA MARIE,IMO8969408,WDH3461,30.0,,26.0,7.0,,,B
538004030,2019-05-08T14:26:15,38.93113,-75.16246,0.0,-183.8,154.0,FRIO,IMO9596985,V7UU3,80.0,1.0,274.0,48.0,17.1,89.0,A
367090620,2019-05-08T14:26:23,38.94435,-75.2836,24.6,-162.2,511.0,BREAKWATER,,WYH7020,60.0,15.0,14.0,4.0,,,B
366907790,2019-05-08T14:26:25,38.97526,-74.97087,15.6,-53.9,511.0,ATLANTIC STAR,,WDB5271,60.0,0.0,23.0,7.0,,,B
369222000,2019-05-08T14:27:59,38.96696,-75.12105,8.8,-75.0,338.0,LIBERTY PASSION,IMO9777888,WLPI,70.0,0.0,,,,,B
367127000,2019-05-08T14:27:24,38.96415,-75.12154,15.8,-74.2,336.0,HOUSTON,IMO8220761,KCDK,80.0,0.0,187.0,27.0,11.0,,B
367539750,2019-05-08T14:26:33,39.03008,-74.97987,1.2,16.4,511.0,ONNERED,,WDG4753,30.0,,18.0,6.0,,,B
240463000,2019-05-08T14:28:03,38.94407,-75.1744,0.0,-177.6,151.0,BOUBOULINA,IMO9298753,SZIS,80.0,1.0,274.0,50.0,17.0,80.0,A
366914190,2019-05-08T14:27:24,38.8661,-75.09137,11.4,203.9,196.0,NEW JERSEY,IMO8643078,WYU8850,60.0,0.0,86.0,20.0,,,B
369235000,2019-05-08T14:27:32,38.98918,-75.21614,0.0,37.2,147.0,OSG VISION,IMO9436537,WDF2493,31.0,0.0,46.0,15.0,6.5,57.0,B
367317410,2019-05-08T14:27:39,39.06283,-74.98577,0.8,167.8,511.0,OPPORTUNE,,WDD9868,30.0,,16.0,5.0,,,B
338019392,2019-05-08T14:26:38,39.4544,-75.54478,6.3,141.6,511.0,NORTHSTAR 10,,,90.0,0.0,15.0,6.0,2.0,90.0,B
367090620,2019-05-08T14:27:25,38.94217,-75.2904,7.0,-166.9,511.0,BREAKWATER,,WYH7020,60.0,15.0,14.0,4.0,,,B
367645750,2019-05-08T14:26:48,39.06229,-74.96986,1.5,14.2,511.0,EVENING STAR,IMO8853013,WDH7195,30.0,,24.0,7.0,,,B
367090580,2019-05-08T14:27:51,38.93827,-75.30029,24.3,129.9,511.0,BIG STONE 5,,WSE3119,60.0,0.0,15.0,4.0,,50.0,B
367090620,2019-05-08T14:24:03,38.94864,-75.26378,25.0,-148.0,511.0,BREAKWATER,,WYH7020,60.0,15.0,14.0,4.0,,,B
367349860,2019-05-08T14:27:22,39.39088,-75.48403,8.1,-92.6,316.0,LINDA MORAN,IMO9398565,WDE4187,31.0,12.0,36.0,11.0,4.6,57.0,B
367470320,2019-05-08T14:27:36,39.0044,-75.03111,7.6,97.5,511.0,CHARISMA,,WDF6070,30.0,,13.0,,,,B
367490480,2019-05-08T14:27:36,38.98421,-74.98535,6.7,185.8,511.0,EVA MARIE,IMO8969408,WDH3461,30.0,,26.0,7.0,,,B
369222000,2019-05-08T14:24:59,38.96032,-75.11721,8.6,-74.0,337.0,LIBERTY PASSION,IMO9777888,WLPI,70.0,0.0,,,,,B
338447000,2019-05-08T14:27:51,38.96904,-75.20013,0.0,48.5,152.0,OSG HORIZON,IMO9436549,WDF6180,31.0,0.0,46.0,15.0,6.5,57.0,B
367459570,2019-05-08T14:27:49,38.85067,-75.04933,10.7,-72.5,339.0,CORAL COAST,IMO7205087,WDF5120,31.0,0.0,34.0,9.0,3.9,52.0,B
338019392,2019-05-08T14:27:47,39.45283,-75.54315,6.3,140.9,511.0,NORTHSTAR 10,,,90.0,0.0,15.0,6.0,2.0,90.0,B
367127000,2019-05-08T14:25:31,38.9565,-75.11719,15.6,-74.0,336.0,HOUSTON,IMO8220761,KCDK,80.0,0.0,187.0,27.0,11.0,,B
368051050,2019-05-08T14:26:36,38.87499,-75.07141,9.7,-73.4,339.0,,,,,0.0,,,,,A
366889080,2019-05-08T14:26:07,39.39035,-75.48629,10.5,-92.6,317.0,ADVENTURER,IMO7507411,WBN3015,31.0,0.0,41.0,11.0,5.2,32.0,B
367317410,2019-05-08T14:26:09,39.06437,-74.98618,6.0,170.3,511.0,OPPORTUNE,,WDD9868,30.0,,16.0,5.0,,,B
366914190,2019-05-08T14:26:15,38.86939,-75.08943,11.2,-204.5,197.0,NEW JERSEY,IMO8643078,WYU8850,60.0,0.0,86.0,20.0,,,B
538006702,2019-05-08T14:27:31,38.96879,-75.20065,0.0,34.6,154.0,NAMSEN,IMO9761528,V7QJ6,80.0,1.0,,,,,A
368051050,2019-05-08T14:27:45,38.87792,-75.07295,10.0,-71.5,337.0,,,,,0.0,,,,,B
367120230,2019-05-08T14:28:11,38.98883,-75.21567,0.1,-141.4,511.0,SONIE,IMO9373723,WDD2812,31.0,0.0,24.0,9.0,4.0,52.0,B
366889080,2019-05-08T14:27:27,39.39323,-75.48972,10.5,-92.8,318.0,ADVENTURER,IMO7507411,WBN3015,31.0,0.0,41.0,11.0,5.2,32.0,B
366907790,2019-05-08T14:27:32,38.98003,-74.97127,15.5,-68.5,511.0,ATLANTIC STAR,,WDB5271,60.0,0.0,23.0,7.0,,,B
367127000,2019-05-08T14:28:54,38.97008,-75.12498,15.8,-73.2,339.0,HOUSTON,IMO8220761,KCDK,80.0,0.0,187.0,27.0,11.0,,B
367090580,2019-05-08T14:28:57,38.93852,-75.29145,24.9,68.1,511.0,BIG STONE 5,,WSE3119,60.0,0.0,15.0,4.0,,50.0,B
367349860,2019-05-08T14:29:12,39.39399,-75.4877,8.3,-92.8,317.0,LINDA MORAN,IMO9398565,WDE4187,31.0,12.0,36.0,11.0,4.6,57.0,B
367090620,2019-05-08T14:28:57,38.93829,-75.29514,24.2,-193.7,511.0,BREAKWATER,,WYH7020,60.0,15.0,14.0,4.0,,,B
338447000,2019-05-08T14:29:22,38.96902,-75.20016,0.0,48.5,152.0,OSG HORIZON,IMO9436549,WDF6180,31.0,0.0,46.0,15.0,6.5,57.0,B
366889080,2019-05-08T14:28:28,39.39539,-75.49235,10.5,-92.9,318.0,ADVENTURER,IMO7507411,WBN3015,31.0,0.0,41.0,11.0,5.2,32.0,B
366914190,2019-05-08T14:28:34,38.86276,-75.0934,11.4,-203.7,197.0,NEW JERSEY,IMO8643078,WYU8850,60.0,0.0,86.0,20.0,,,B
366907790,2019-05-08T14:28:37,38.98413,-74.97359,13.7,-67.2,511.0,ATLANTIC STAR,,WDB5271,60.0,0.0,23.0,7.0,,,B
369235000,2019-05-08T14:28:43,38.98919,-75.21611,0.0,37.2,147.0,OSG VISION,IMO9436537,WDF2493,31.0,0.0,46.0,15.0,6.5,57.0,B
368051050,2019-05-08T14:28:56,38.88092,-75.07451,10.0,-71.9,337.0,,,,,0.0,,,,,B
338019392,2019-05-08T14:28:58,39.45125,-75.54147,6.3,141.2,511.0,NORTHSTAR 10,,,90.0,0.0,15.0,6.0,2.0,90.0,B
367459570,2019-05-08T14:28:58,38.85383,-75.05083,10.7,-66.6,338.0,CORAL COAST,IMO7205087,WDF5120,31.0,0.0,34.0,9.0,3.9,52.0,B
369222000,2019-05-08T14:29:09,38.96984,-75.1227,9.7,-73.6,338.0,LIBERTY PASSION,IMO9777888,WLPI,70.0,0.0,,,,,B
367317410,2019-05-08T14:29:08,39.06217,-74.98418,6.3,75.5,511.0,OPPORTUNE,,WDD9868,30.0,,16.0,5.0,,,B
538004030,2019-05-08T14:29:14,38.93112,-75.16253,0.0,-191.8,153.0,FRIO,IMO9596985,V7UU3,80.0,1.0,274.0,48.0,17.1,89.0,A
366914190,2019-05-08T14:30:25,38.85746,-75.09668,11.4,-204.2,196.0,NEW JERSEY,IMO8643078,WYU8850,60.0,0.0,86.0,20.0,,,B
367470320,2019-05-08T14:29:07,39.0044,-75.02975,6.2,184.7,511.0,CHARISMA,,WDF6070,30.0,,13.0,,,,B
367127000,2019-05-08T14:30:36,38.97707,-75.12851,15.9,-70.4,340.0,HOUSTON,IMO8220761,KCDK,80.0,0.0,187.0,27.0,11.0,,B
367120230,2019-05-08T14:29:22,38.98884,-75.21568,0.1,40.2,511.0,SONIE,IMO9373723,WDD2812,31.0,0.0,24.0,9.0,4.0,52.0,B
367090580,2019-05-08T14:30:21,38.94278,-75.28035,24.7,64.4,511.0,BIG STONE 5,,WSE3119,60.0,0.0,15.0,4.0,,50.0,B
367539750,2019-05-08T14:29:32,39.03104,-74.97943,0.8,26.0,511.0,ONNERED,,WDG4753,30.0,,18.0,6.0,,,B
311073800,2019-05-08T14:29:33,38.98888,-75.21665,0.0,-163.8,148.0,EURO,IMO9567702,C6AA5,84.0,1.0,274.0,48.0,-11.5,84.0,A
369235000,2019-05-08T14:29:52,38.98919,-75.21614,0.0,37.2,147.0,OSG VISION,IMO9436537,WDF2493,31.0,0.0,46.0,15.0,6.5,57.0,B
366907790,2019-05-08T14:29:43,38.98705,-74.97555,9.8,-106.1,511.0,ATLANTIC STAR,,WDB5271,60.0,0.0,23.0,7.0,,,B
366889080,2019-05-08T14:29:47,39.39819,-75.49573,10.4,-92.6,319.0,ADVENTURER,IMO7507411,WBN3015,31.0,0.0,41.0,11.0,5.2,32.0,B
367490480,2019-05-08T14:29:06,38.98139,-74.98566,6.7,185.4,511.0,EVA MARIE,IMO8969408,WDH3461,30.0,,26.0,7.0,,,B
367459570,2019-05-08T14:30:07,38.85717,-75.05233,11.0,-72.4,337.0,CORAL COAST,IMO7205087,WDF5120,31.0,0.0,34.0,9.0,3.9,52.0,B
367090620,2019-05-08T14:30:45,38.94289,-75.30754,25.3,-100.6,511.0,BREAKWATER,,WYH7020,60.0,15.0,14.0,4.0,,,B
369222000,2019-05-08T14:31:28,38.97601,-75.12615,10.6,-73.5,338.0,LIBERTY PASSION,IMO9777888,WLPI,70.0,0.0,,,,,B
367645750,2019-05-08T14:30:17,39.06355,-74.96948,1.1,13.2,511.0,EVENING STAR,IMO8853013,WDH7195,30.0,,24.0,7.0,,,B
367490480,2019-05-08T14:30:36,38.9795,-74.98575,3.9,174.8,511.0,EVA MARIE,IMO8969408,WDH3461,30.0,,26.0,7.0,,,B
367349860,2019-05-08T14:30:22,39.39588,-75.48997,8.4,-92.2,317.0,LINDA MORAN,IMO9398565,WDE4187,31.0,12.0,36.0,11.0,4.6,57.0,B
367120230,2019-05-08T14:30:31,38.98883,-75.21568,0.0,-192.7,511.0,SONIE,IMO9373723,WDD2812,31.0,0.0,24.0,9.0,4.0,52.0,B
367317410,2019-05-08T14:30:39,39.06425,-74.98148,7.3,47.1,511.0,OPPORTUNE,,WDD9868,30.0,,16.0,5.0,,,B
338019392,2019-05-08T14:30:09,39.44962,-75.53979,6.3,140.7,511.0,NORTHSTAR 10,,,90.0,0.0,15.0,6.0,2.0,90.0,B
538006702,2019-05-08T14:30:28,38.96876,-75.20063,0.0,34.6,154.0,NAMSEN,IMO9761528,V7QJ6,80.0,1.0,,,,,A
369235000,2019-05-08T14:31:02,38.98918,-75.21616,0.0,37.2,147.0,OSG VISION,IMO9436537,WDF2493,31.0,0.0,46.0,15.0,6.5,57.0,B
366907790,2019-05-08T14:30:50,38.98732,-74.9773,1.7,197.1,511.0,ATLANTIC STAR,,WDB5271,60.0,0.0,23.0,7.0,,,B
368051050,2019-05-08T14:30:05,38.88385,-75.07603,9.9,-71.0,338.0,,,,,0.0,,,,,B
240463000,2019-05-08T14:31:03,38.94407,-75.17437,0.0,-177.6,152.0,BOUBOULINA,IMO9298753,SZIS,80.0,1.0,274.0,50.0,17.0,80.0,A
366889080,2019-05-08T14:31:07,39.40107,-75.49909,10.4,-91.9,319.0,ADVENTURER,IMO7507411,WBN3015,31.0,0.0,41.0,11.0,5.2,32.0,B
338447000,2019-05-08T14:30:31,38.96901,-75.20016,0.0,48.5,152.0,OSG HORIZON,IMO9436549,WDF6180,31.0,0.0,46.0,15.0,6.5,57.0,B
367349860,2019-05-08T14:32:12,39.39912,-75.49374,8.4,-92.0,317.0,LINDA MORAN,IMO9398565,WDE4187,31.0,12.0,36.0,11.0,4.6,57.0,B
367090580,2019-05-08T14:32:29,38.94913,-75.26348,24.7,63.6,511.0,BIG STONE 5,,WSE3119,60.0,0.0,15.0,4.0,,50.0,B
367470320,2019-05-08T14:30:37,39.00521,-75.03107,10.4,71.5,511.0,CHARISMA,,WDF6070,30.0,,13.0,,,,B
369222000,2019-05-08T14:32:29,38.97884,-75.12771,10.8,-73.0,338.0,LIBERTY PASSION,IMO9777888,WLPI,70.0,0.0,,,,,B
538004030,2019-05-08T14:32:17,38.93113,-75.16249,0.0,-164.4,153.0,FRIO,IMO9596985,V7UU3,80.0,1.0,274.0,48.0,17.1,89.0,A
367459570,2019-05-08T14:31:17,38.8605,-75.05383,11.0,-69.4,338.0,CORAL COAST,IMO7205087,WDF5120,31.0,0.0,34.0,9.0,3.9,52.0,B
368051050,2019-05-08T14:31:15,38.88685,-75.07748,9.8,-70.1,337.0,,,,,0.0,,,,,B
366914190,2019-05-08T14:31:34,38.85412,-75.09855,11.2,203.1,197.0,NEW JERSEY,IMO8643078,WYU8850,60.0,0.0,86.0,20.0,,,B
338019392,2019-05-08T14:31:19,39.44804,-75.53809,6.3,139.2,511.0,NORTHSTAR 10,,,90.0,0.0,15.0,6.0,2.0,90.0,B
367127000,2019-05-08T14:31:37,38.98127,-75.13057,15.9,-70.6,340.0,HOUSTON,IMO8220761,KCDK,80.0,0.0,187.0,27.0,11.0,,B
367127000,2019-05-08T14:32:54,38.98656,-75.13311,15.8,-70.2,341.0,HOUSTON,IMO8220761,KCDK,80.0,0.0,187.0,27.0,11.0,,B
367120230,2019-05-08T14:31:42,38.98883,-75.21569,0.0,148.5,511.0,SONIE,IMO9373723,WDD2812,31.0,0.0,24.0,9.0,4.0,52.0,B
366907790,2019-05-08T14:31:55,38.98712,-74.97747,0.7,-130.0,511.0,ATLANTIC STAR,,WDB5271,60.0,0.0,23.0,7.0,,,A
367539750,2019-05-08T14:31:57,39.03183,-74.97922,2.1,-87.4,511.0,ONNERED,,WDG4753,30.0,,18.0,6.0,,,B
338312656,2019-05-08T14:32:04,39.45132,-75.56577,2.9,144.2,511.0,SEA REGALIS,IMO0000000,,90.0,,8.0,2.0,,,B
367317410,2019-05-08T14:32:08,39.0668,-74.97931,7.7,32.1,511.0,OPPORTUNE,,WDD9868,30.0,,16.0,5.0,,,B
338019392,2019-05-08T14:33:27,39.44507,-75.53506,6.4,142.3,511.0,NORTHSTAR 10,,,90.0,0.0,15.0,6.0,2.0,90.0,B
368051050,2019-05-08T14:32:25,38.88984,-75.0789,9.8,-69.8,337.0,,,,,0.0,,,,,B
366889080,2019-05-08T14:32:27,39.40394,-75.50247,10.5,-92.2,319.0,ADVENTURER,IMO7507411,WBN3015,31.0,0.0,41.0,11.0,5.2,32.0,B
311073800,2019-05-08T14:32:34,38.98889,-75.21665,0.0,-200.6,148.0,EURO,IMO9567702,C6AA5,84.0,1.0,274.0,48.0,-11.5,84.0,A
338447000,2019-05-08T14:32:52,38.96901,-75.20017,0.0,48.5,152.0,OSG HORIZON,IMO9436549,WDF6180,31.0,0.0,46.0,15.0,6.5,57.0,B
367490480,2019-05-08T14:32:36,38.9759,-74.98557,7.5,180.5,511.0,EVA MARIE,IMO8969408,WDH3461,30.0,,26.0,7.0,,,B
366889080,2019-05-08T14:34:07,39.40767,-75.50656,10.6,-89.1,321.0,ADVENTURER,IMO7507411,WBN3015,31.0,0.0,41.0,11.0,5.2,32.0,B
367090580,2019-05-08T14:33:49,38.9529,-75.25283,24.9,68.0,511.0,BIG STONE 5,,WSE3119,60.0,0.0,15.0,4.0,,50.0,B
369235000,2019-05-08T14:32:23,38.98918,-75.21612,0.0,37.2,147.0,OSG VISION,IMO9436537,WDF2493,31.0,0.0,46.0,15.0,6.5,57.0,B
367127000,2019-05-08T14:34:06,38.99147,-75.13541,15.6,-69.8,341.0,HOUSTON,IMO8220761,KCDK,80.0,0.0,187.0,27.0,11.0,,B
367349860,2019-05-08T14:33:21,39.40106,-75.49609,8.4,-92.5,317.0,LINDA MORAN,IMO9398565,WDE4187,31.0,12.0,36.0,11.0,4.6,57.0,B
367645750,2019-05-08T14:33:07,39.06554,-74.96935,2.4,7.5,511.0,EVENING STAR,IMO8853013,WDH7195,30.0,,24.0,7.0,,,B
366914190,2019-05-08T14:32:46,38.85077,-75.10049,11.1,203.9,194.0,NEW JERSEY,IMO8643078,WYU8850,60.0,0.0,86.0,20.0,,,B
366907790,2019-05-08T14:33:04,38.98722,-74.97757,0.8,199.9,511.0,ATLANTIC STAR,,WDB5271,60.0,0.0,23.0,7.0,,,B
338447000,2019-05-08T14:34:12,38.96904,-75.20018,0.0,48.5,152.0,OSG HORIZON,IMO9436549,WDF6180,31.0,0.0,46.0,15.0,6.5,57.0,B
367539750,2019-05-08T14:33:23,39.03302,-74.97955,4.3,6.0,511.0,ONNERED,,WDG4753,30.0,,18.0,6.0,,,B
367317410,2019-05-08T14:33:39,39.0664,-74.9775,4.9,192.2,511.0,OPPORTUNE,,WDD9868,30.0,,16.0,5.0,,,B
338312656,2019-05-08T14:33:35,39.45008,-75.565,3.7,165.3,511.0,SEA REGALIS,IMO0000000,,90.0,,8.0,2.0,,,B
367459570,2019-05-08T14:34:49,38.87067,-75.05867,10.9,-70.0,339.0,CORAL COAST,IMO7205087,WDF5120,31.0,0.0,34.0,9.0,3.9,52.0,B
538006702,2019-05-08T14:33:29,38.96879,-75.20065,0.0,34.6,153.0,NAMSEN,IMO9761528,V7QJ6,80.0,1.0,,,,,A
368051050,2019-05-08T14:33:35,38.89285,-75.08027,9.7,-68.8,337.0,,,,,0.0,,,,,B
367539750,2019-05-08T14:34:52,39.03491,-74.97938,4.0,3.8,511.0,ONNERED,,WDG4753,30.0,,18.0,6.0,,,B
367470320,2019-05-08T14:33:37,39.0054,-75.03092,1.3,-54.2,511.0,CHARISMA,,WDF6070,30.0,,13.0,,,,B
369222000,2019-05-08T14:33:38,38.98215,-75.12952,11.0,-72.8,338.0,LIBERTY PASSION,IMO9777888,WLPI,70.0,0.0,,,,,B
367349860,2019-05-08T14:34:52,39.40373,-75.49926,8.4,-93.1,317.0,LINDA MORAN,IMO9398565,WDE4187,31.0,12.0,36.0,11.0,4.6,57.0,B
367120230,2019-05-08T14:34:01,38.98881,-75.21569,0.1,-192.5,511.0,SONIE,IMO9373723,WDD2812,31.0,0.0,24.0,9.0,4.0,52.0,B
240463000,2019-05-08T14:34:05,38.9441,-75.17428,0.0,-177.6,154.0,BOUBOULINA,IMO9298753,SZIS,80.0,1.0,274.0,50.0,17.0,80.0,A
366914190,2019-05-08T14:33:54,38.8475,-75.10237,11.3,-204.2,197.0,NEW JERSEY,IMO8643078,WYU8850,60.0,0.0,86.0,20.0,,,B
338019392,2019-05-08T14:34:29,39.44367,-75.53362,6.4,140.3,511.0,NORTHSTAR 10,,,90.0,0.0,15.0,6.0,2.0,90.0,B
367645750,2019-05-08T14:31:37,39.06425,-74.96941,4.1,-51.6,511.0,EVENING STAR,IMO8853013,WDH7195,30.0,,24.0,7.0,,,B
367645750,2019-05-08T14:34:37,39.06655,-74.96915,4.0,3.7,511.0,EVENING STAR,IMO8853013,WDH7195,30.0,,24.0,7.0,,,B
338447000,2019-05-08T14:31:41,38.96903,-75.20016,0.0,48.5,152.0,OSG HORIZON,IMO9436549,WDF6180,31.0,0.0,46.0,15.0,6.5,57.0,B
368051050,2019-05-08T14:34:46,38.8959,-75.08163,9.7,-68.4,337.0,,,,,0.0,,,,,B
366914190,2019-05-08T14:35:04,38.84415,-75.10439,11.5,204.5,195.0,NEW JERSEY,IMO8643078,WYU8850,60.0,0.0,86.0,20.0,,,B
367470320,2019-05-08T14:32:07,39.00465,-75.03094,2.0,11.2,511.0,CHARISMA,,WDF6070,30.0,,13.0,,,,B
367470320,2019-05-08T14:35:06,39.00604,-75.03093,1.4,-53.4,511.0,CHARISMA,,WDF6070,30.0,,13.0,,,,B
367090580,2019-05-08T14:36:03,38.95869,-75.2348,24.2,67.4,511.0,BIG STONE 5,,WSE3119,60.0,0.0,15.0,4.0,,50.0,B
368051050,2019-05-08T14:35:55,38.89886,-75.08298,9.8,-69.1,338.0,,,,,0.0,,,,,B
338447000,2019-05-08T14:35:21,38.96902,-75.20016,0.0,48.5,152.0,OSG HORIZON,IMO9436549,WDF6180,31.0,0.0,46.0,15.0,6.5,57.0,B
369235000,2019-05-08T14:34:43,38.98918,-75.21614,0.0,37.2,147.0,OSG VISION,IMO9436537,WDF2493,31.0,0.0,46.0,15.0,6.5,57.0,B
366907790,2019-05-08T14:35:25,38.98692,-74.97771,0.1,-49.6,511.0,ATLANTIC STAR,,WDB5271,60.0,0.0,23.0,7.0,,,B
366889080,2019-05-08T14:35:27,39.41067,-75.50977,10.6,-89.5,320.0,ADVENTURER,IMO7507411,WBN3015,31.0,0.0,41.0,11.0,5.2,32.0,B
369222000,2019-05-08T14:36:19,38.98991,-75.13366,11.2,-72.0,339.0,LIBERTY PASSION,IMO9777888,WLPI,70.0,0.0,,,,,B
311073800,2019-05-08T14:35:33,38.98886,-75.21665,0.1,-170.5,148.0,EURO,IMO9567702,C6AA5,84.0,1.0,274.0,48.0,-11.5,84.0,A
367459570,2019-05-08T14:32:28,38.86383,-75.0555,11.4,-70.2,337.0,CORAL COAST,IMO7205087,WDF5120,31.0,0.0,34.0,9.0,3.9,52.0,B
367127000,2019-05-08T14:35:12,38.996,-75.13755,15.5,-69.8,340.0,HOUSTON,IMO8220761,KCDK,80.0,0.0,187.0,27.0,11.0,,B
367090580,2019-05-08T14:34:51,38.95563,-75.24441,24.7,66.9,511.0,BIG STONE 5,,WSE3119,60.0,0.0,15.0,4.0,,50.0,B
367490480,2019-05-08T14:35:37,38.96965,-74.98556,7.4,179.7,511.0,EVA MARIE,IMO8969408,WDH3461,30.0,,26.0,7.0,,,B
338019392,2019-05-08T14:35:39,39.44208,-75.5319,6.4,139.8,511.0,NORTHSTAR 10,,,90.0,0.0,15.0,6.0,2.0,90.0,B
369235000,2019-05-08T14:35:53,38.98917,-75.21615,0.0,37.2,147.0,OSG VISION,IMO9436537,WDF2493,31.0,0.0,46.0,15.0,6.5,57.0,B
338312656,2019-05-08T14:35:35,39.4485,-75.56421,0.3,27.4,511.0,SEA REGALIS,IMO0000000,,90.0,,8.0,2.0,,,B
367459570,2019-05-08T14:35:59,38.874,-75.06033,11.3,-71.1,338.0,CORAL COAST,IMO7205087,WDF5120,31.0,0.0,34.0,9.0,3.9,52.0,B
367349860,2019-05-08T14:36:02,39.40569,-75.50167,8.6,-92.9,317.0,LINDA MORAN,IMO9398565,WDE4187,31.0,12.0,36.0,11.0,4.6,57.0,B
367120230,2019-05-08T14:32:51,38.98882,-75.21569,0.1,192.4,511.0,SONIE,IMO9373723,WDD2812,31.0,0.0,24.0,9.0,4.0,52.0,B
367127000,2019-05-08T14:36:48,39.00234,-75.14072,15.4,-71.6,339.0,HOUSTON,IMO8220761,KCDK,80.0,0.0,187.0,27.0,11.0,,B
367490480,2019-05-08T14:34:06,38.97279,-74.9856,7.4,178.8,511.0,EVA MARIE,IMO8969408,WDH3461,30.0,,26.0,7.0,,,B
367317410,2019-05-08T14:36:08,39.06166,-74.9798,7.9,202.1,511.0,OPPORTUNE,,WDD9868,30.0,,16.0,5.0,,,B
367470320,2019-05-08T14:36:07,39.00645,-75.03097,0.8,2.5,511.0,CHARISMA,,WDF6070,30.0,,13.0,,,,B
338447000,2019-05-08T14:36:30,38.96905,-75.20018,0.0,48.5,152.0,OSG HORIZON,IMO9436549,WDF6180,31.0,0.0,46.0,15.0,6.5,57.0,B
367645750,2019-05-08T14:36:08,39.06867,-74.96917,5.5,0.0,511.0,EVENING STAR,IMO8853013,WDH7195,30.0,,24.0,7.0,,,B
366914190,2019-05-08T14:36:15,38.84078,-75.10634,11.2,-202.3,198.0,NEW JERSEY,IMO8643078,WYU8850,60.0,0.0,86.0,20.0,,,B
366914210,2019-05-08T14:37:15,38.96717,-74.9616,3.5,-148.2,265.0,DELAWARE,IMO8990304,WYU8553,60.0,0.0,91.0,20.0,,,A
538006702,2019-05-08T14:36:31,38.96883,-75.20067,0.0,34.6,153.0,NAMSEN,IMO9761528,V7QJ6,80.0,1.0,,,,,A
367539750,2019-05-08T14:36:22,39.03629,-74.97921,2.6,6.0,511.0,ONNERED,,WDG4753,30.0,,18.0,6.0,,,B
366907790,2019-05-08T14:36:35,38.98702,-74.97775,0.4,202.8,511.0,ATLANTIC STAR,,WDB5271,60.0,0.0,23.0,7.0,,,B
240463000,2019-05-08T14:37:04,38.94413,-75.1743,0.0,-177.6,156.0,BOUBOULINA,IMO9298753,SZIS,80.0,1.0,274.0,50.0,17.0,80.0,A
338019392,2019-05-08T14:36:49,39.44049,-75.53015,6.5,139.2,511.0,NORTHSTAR 10,,,90.0,0.0,15.0,6.0,2.0,90.0,B
369235000,2019-05-08T14:33:32,38.98917,-75.21613,0.0,37.2,147.0,OSG VISION,IMO9436537,WDF2493,31.0,0.0,46.0,15.0,6.5,57.0,B
367317410,2019-05-08T14:37:09,39.0596,-74.98081,7.9,-203.5,511.0,OPPORTUNE,,WDD9868,30.0,,16.0,5.0,,,B
369235000,2019-05-08T14:37:03,38.98916,-75.2162,0.0,37.2,147.0,OSG VISION,IMO9436537,WDF2493,31.0,0.0,46.0,15.0,6.5,57.0,B
367459570,2019-05-08T14:33:39,38.86733,-75.05717,10.9,-68.6,338.0,CORAL COAST,IMO7205087,WDF5120,31.0,0.0,34.0,9.0,3.9,52.0,B
366889080,2019-05-08T14:36:46,39.41369,-75.51307,10.7,-89.7,320.0,ADVENTURER,IMO7507411,WBN3015,31.0,0.0,41.0,11.0,5.2,32.0,B
368051050,2019-05-08T14:37:06,38.90192,-75.08438,9.8,-69.7,337.0,,,,,0.0,,,,,B
367490480,2019-05-08T14:37:06,38.96653,-74.9858,7.5,185.9,511.0,EVA MARIE,IMO8969408,WDH3461,30.0,,26.0,7.0,,,B
367349860,2019-05-08T14:37:12,39.4077,-75.50415,8.8,-92.8,318.0,LINDA MORAN,IMO9398565,WDE4187,31.0,12.0,36.0,11.0,4.6,57.0,B
369222000,2019-05-08T14:37:29,38.99332,-75.13546,11.2,-72.3,339.0,LIBERTY PASSION,IMO9777888,WLPI,70.0,0.0,,,,,B
367459570,2019-05-08T14:37:08,38.87733,-75.06183,10.9,-68.8,340.0,CORAL COAST,IMO7205087,WDF5120,31.0,0.0,34.0,9.0,3.9,52.0,B
366914190,2019-05-08T14:37:24,38.83763,-75.10825,10.7,-203.8,195.0,NEW JERSEY,IMO8643078,WYU8850,60.0,0.0,86.0,20.0,,,B
366907790,2019-05-08T14:34:14,38.987,-74.97763,0.2,-115.2,511.0,ATLANTIC STAR,,WDB5271,60.0,0.0,23.0,7.0,,,B
369222000,2019-05-08T14:34:48,38.98547,-75.13132,11.2,-72.3,339.0,LIBERTY PASSION,IMO9777888,WLPI,70.0,0.0,,,,,B
538004030,2019-05-08T14:35:17,38.93113,-75.16248,0.0,76.9,152.0,FRIO,IMO9596985,V7UU3,80.0,1.0,274.0,48.0,17.1,89.0,A
367120230,2019-05-08T14:35:22,38.98881,-75.21569,0.1,-114.4,511.0,SONIE,IMO9373723,WDD2812,31.0,0.0,24.0,9.0,4.0,52.0,B
367090580,2019-05-08T14:37:15,38.9611,-75.22496,24.1,74.1,511.0,BIG STONE 5,,WSE3119,60.0,0.0,15.0,4.0,,50.0,B
367120230,2019-05-08T14:36:31,38.98881,-75.21571,0.0,-172.0,511.0,SONIE,IMO9373723,WDD2812,31.0,0.0,24.0,9.0,4.0,52.0,B
367120230,2019-05-08T14:37:41,38.9888,-75.21573,0.1,180.2,511.0,SONIE,IMO9373723,WDD2812,31.0,0.0,24.0,9.0,4.0,52.0,B
338019392,2019-05-08T14:38:07,39.43869,-75.52816,6.5,139.7,511.0,NORTHSTAR 10,,,90.0,0.0,15.0,6.0,2.0,90.0,B
367539750,2019-05-08T14:37:52,39.03744,-74.97914,2.4,-79.5,511.0,ONNERED,,WDG4753,30.0,,18.0,6.0,,,B
367645750,2019-05-08T14:37:37,39.07081,-74.96913,3.8,5.3,511.0,EVENING STAR,IMO8853013,WDH7195,30.0,,24.0,7.0,,,B
338447000,2019-05-08T14:37:42,38.96909,-75.20018,0.0,48.5,152.0,OSG HORIZON,IMO9436549,WDF6180,31.0,0.0,46.0,15.0,6.5,57.0,B
366907790,2019-05-08T14:37:44,38.98696,-74.97788,0.1,-49.6,511.0,ATLANTIC STAR,,WDB5271,60.0,0.0,23.0,7.0,,,B
366889080,2019-05-08T14:37:49,39.41608,-75.51571,10.7,-89.8,320.0,ADVENTURER,IMO7507411,WBN3015,31.0,0.0,41.0,11.0,5.2,32.0,B
367127000,2019-05-08T14:37:54,39.00678,-75.14302,15.4,-71.8,339.0,HOUSTON,IMO8220761,KCDK,80.0,0.0,187.0,27.0,11.0,,B
367090580,2019-05-08T14:38:35,38.96358,-75.21403,24.1,72.0,511.0,BIG STONE 5,,WSE3119,60.0,0.0,15.0,4.0,,50.0,B
367349860,2019-05-08T14:38:41,39.41046,-75.50736,9.0,-92.3,318.0,LINDA MORAN,IMO9398565,WDE4187,31.0,12.0,36.0,11.0,4.6,57.0,B
369235000,2019-05-08T14:38:12,38.98915,-75.21622,0.0,37.2,147.0,OSG VISION,IMO9436537,WDF2493,31.0,0.0,46.0,15.0,6.5,57.0,B
538004030,2019-05-08T14:38:15,38.93117,-75.16246,0.1,63.1,152.0,FRIO,IMO9596985,V7UU3,80.0,1.0,274.0,48.0,17.1,89.0,A
367459570,2019-05-08T14:38:17,38.88083,-75.0635,10.9,-68.2,339.0,CORAL COAST,IMO7205087,WDF5120,31.0,0.0,34.0,9.0,3.9,52.0,B
366914210,2019-05-08T14:38:22,38.96704,-74.96399,7.4,-142.6,266.0,DELAWARE,IMO8990304,WYU8553,60.0,0.0,91.0,20.0,,,B
368051050,2019-05-08T14:38:16,38.90492,-75.08581,9.7,-69.3,337.0,,,,,0.0,,,,,B
366914190,2019-05-08T14:38:54,38.83335,-75.1105,11.4,203.4,195.0,NEW JERSEY,IMO8643078,WYU8850,60.0,0.0,86.0,20.0,,,B
369222000,2019-05-08T14:39:08,38.99814,-75.13802,11.1,-72.3,338.0,LIBERTY PASSION,IMO9777888,WLPI,70.0,0.0,,,,,B
311073800,2019-05-08T14:38:36,38.98887,-75.21671,0.0,-174.1,148.0,EURO,IMO9567702,C6AA5,84.0,1.0,274.0,48.0,-11.5,84.0,A
367317410,2019-05-08T14:38:39,39.0567,-74.98382,9.0,-191.5,511.0,OPPORTUNE,,WDD9868,30.0,,16.0,5.0,,,B
366907790,2019-05-08T14:38:55,38.98628,-74.97804,2.5,192.6,511.0,ATLANTIC STAR,,WDB5271,60.0,0.0,23.0,7.0,,,B
338447000,2019-05-08T14:38:52,38.96907,-75.20019,0.0,48.5,152.0,OSG HORIZON,IMO9436549,WDF6180,31.0,0.0,46.0,15.0,6.5,57.0,B
367490480,2019-05-08T14:38:36,38.96341,-74.98633,7.5,192.5,511.0,EVA MARIE,IMO8969408,WDH3461,30.0,,26.0,7.0,,,B
367120230,2019-05-08T14:38:52,38.9888,-75.21575,0.1,-197.8,511.0,SONIE,IMO9373723,WDD2812,31.0,0.0,24.0,9.0,4.0,52.0,B
367127000,2019-05-08T14:38:55,39.01068,-75.14506,15.4,-71.9,339.0,HOUSTON,IMO8220761,KCDK,80.0,0.0,187.0,27.0,11.0,,B
338312656,2019-05-08T14:39:05,39.44918,-75.56462,0.4,-139.2,511.0,SEA REGALIS,IMO0000000,,90.0,,8.0,2.0,,,B
338019392,2019-05-08T14:39:18,39.43707,-75.5264,6.5,139.8,511.0,NORTHSTAR 10,,,90.0,0.0,15.0,6.0,2.0,90.0,B
367645750,2019-05-08T14:39:07,39.07213,-74.96893,2.9,6.5,511.0,EVENING STAR,IMO8853013,WDH7195,30.0,,24.0,7.0,,,B
367470320,2019-05-08T14:39:07,39.00756,-75.03084,1.5,1.3,511.0,CHARISMA,,WDF6070,30.0,,13.0,,,,B
367539750,2019-05-08T14:39:23,39.03734,-74.97995,1.9,-195.4,511.0,ONNERED,,WDG4753,30.0,,18.0,6.0,,,B
369235000,2019-05-08T14:39:22,38.98913,-75.21621,0.0,37.2,146.0,OSG VISION,IMO9436537,WDF2493,31.0,0.0,46.0,15.0,6.5,57.0,B
368051050,2019-05-08T14:39:26,38.90789,-75.08721,9.9,-70.0,338.0,,,,,0.0,,,,,B
367090580,2019-05-08T14:39:37,38.96553,-75.20548,24.4,73.4,511.0,BIG STONE 5,,WSE3119,60.0,0.0,15.0,4.0,,50.0,B
367490480,2019-05-08T14:39:37,38.96139,-74.98695,7.3,192.5,511.0,EVA MARIE,IMO8969408,WDH3461,30.0,,26.0,7.0,,,B
367459570,2019-05-08T14:39:28,38.88417,-75.06517,10.1,-69.9,339.0,CORAL COAST,IMO7205087,WDF5120,31.0,0.0,34.0,9.0,3.9,52.0,B
367645750,2019-05-08T14:40:08,39.07285,-74.96875,2.5,12.0,511.0,EVENING STAR,IMO8853013,WDH7195,30.0,,24.0,7.0,,,B
367317410,2019-05-08T14:40:08,39.05373,-74.98698,9.3,-190.0,511.0,OPPORTUNE,,WDD9868,30.0,,16.0,5.0,,,B
366889080,2019-05-08T14:39:06,39.41903,-75.51891,10.7,-89.5,320.0,ADVENTURER,IMO7507411,WBN3015,31.0,0.0,41.0,11.0,5.2,32.0,B
538006702,2019-05-08T14:39:27,38.96885,-75.20063,0.0,34.6,153.0,NAMSEN,IMO9761528,V7QJ6,80.0,1.0,,,,,A
366914210,2019-05-08T14:39:32,38.96686,-74.96734,9.0,-143.2,265.0,DELAWARE,IMO8990304,WYU8553,60.0,0.0,91.0,20.0,,,B
240463000,2019-05-08T14:40:05,38.9441,-75.17432,0.0,199.0,157.0,BOUBOULINA,IMO9298753,SZIS,80.0,1.0,274.0,50.0,17.0,80.0,A
366914190,2019-05-08T14:40:04,38.82999,-75.11231,11.3,-203.9,197.0,NEW JERSEY,IMO8643078,WYU8850,60.0,0.0,86.0,20.0,,,B
367120230,2019-05-08T14:40:01,38.9888,-75.21578,0.1,-173.9,511.0,SONIE,IMO9373723,WDD2812,31.0,0.0,24.0,9.0,4.0,52.0,B
366889080,2019-05-08T14:40:09,39.42144,-75.52153,10.8,-89.7,321.0,ADVENTURER,IMO7507411,WBN3015,31.0,0.0,41.0,11.0,5.2,32.0,B
367127000,2019-05-08T14:40:00,39.01508,-75.14733,15.4,-71.5,339.0,HOUSTON,IMO8220761,KCDK,80.0,0.0,187.0,27.0,11.0,,B
338019392,2019-05-08T14:40:29,39.43543,-75.52459,6.6,139.7,511.0,NORTHSTAR 10,,,90.0,0.0,15.0,6.0,2.0,90.0,B
367090580,2019-05-08T14:40:39,38.96778,-75.20157,6.7,6.7,511.0,BIG STONE 5,,WSE3119,60.0,0.0,15.0,4.0,,50.0,B
367349860,2019-05-08T14:39:52,39.41257,-75.50991,9.0,-90.9,319.0,LINDA MORAN,IMO9398565,WDE4187,31.0,12.0,36.0,11.0,4.6,57.0,B
366914210,2019-05-08T14:40:44,38.96623,-74.97125,9.8,-174.6,222.0,DELAWARE,IMO8990304,WYU8553,60.0,0.0,91.0,20.0,,,A
338447000,2019-05-08T14:40:00,38.96907,-75.20017,0.0,48.5,152.0,OSG HORIZON,IMO9436549,WDF6180,31.0,0.0,46.0,15.0,6.5,57.0,B
369235000,2019-05-08T14:40:32,38.98913,-75.21631,0.0,37.2,145.0,OSG VISION,IMO9436537,WDF2493,31.0,0.0,46.0,15.0,6.5,57.0,B
366907790,2019-05-08T14:40:05,38.98567,-74.97827,2.3,-200.8,511.0,ATLANTIC STAR,,WDB5271,60.0,0.0,23.0,7.0,,,B
367459570,2019-05-08T14:40:39,38.88767,-75.06683,11.1,-69.4,339.0,CORAL COAST,IMO7205087,WDF5120,31.0,0.0,34.0,9.0,3.9,52.0,B
367349860,2019-05-08T14:41:02,39.41476,-75.51241,9.0,-90.5,319.0,LINDA MORAN,IMO9398565,WDE4187,31.0,12.0,36.0,11.0,4.6,57.0,B
367317410,2019-05-08T14:41:10,39.0517,-74.98906,9.4,-196.8,511.0,OPPORTUNE,,WDD9868,30.0,,16.0,5.0,,,B
369222000,2019-05-08T14:40:19,39.00157,-75.13987,11.3,-72.8,337.0,LIBERTY PASSION,IMO9777888,WLPI,70.0,0.0,,,,,B
367539750,2019-05-08T14:40:53,39.03587,-74.98117,4.8,-198.9,511.0,ONNERED,,WDG4753,30.0,,18.0,6.0,,,B
369222000,2019-05-08T14:41:28,39.00491,-75.1417,11.2,-73.1,337.0,LIBERTY PASSION,IMO9777888,WLPI,70.0,0.0,,,,,B
367127000,2019-05-08T14:41:18,39.02033,-75.15004,15.4,-71.5,339.0,HOUSTON,IMO8220761,KCDK,80.0,0.0,187.0,27.0,11.0,,B
366914190,2019-05-08T14:41:05,38.82705,-75.11364,10.8,195.8,187.0,NEW JERSEY,IMO8643078,WYU8850,60.0,0.0,86.0,20.0,,,B
538004030,2019-05-08T14:41:13,38.93119,-75.16241,0.0,95.6,153.0,FRIO,IMO9596985,V7UU3,80.0,1.0,274.0,48.0,17.1,89.0,A
368051050,2019-05-08T14:41:46,38.91389,-75.09034,9.8,-72.3,336.0,,,,,0.0,,,,,B
368051050,2019-05-08T14:40:35,38.91088,-75.08869,9.6,-72.5,335.0,,,,,0.0,,,,,B
367490480,2019-05-08T14:41:07,38.95843,-74.98808,7.4,201.8,511.0,EVA MARIE,IMO8969408,WDH3461,30.0,,26.0,7.0,,,B
311073800,2019-05-08T14:41:32,38.98882,-75.21678,0.0,-178.2,146.0,EURO,IMO9567702,C6AA5,84.0,1.0,274.0,48.0,-11.5,84.0,A
366889080,2019-05-08T14:41:26,39.42441,-75.52474,10.9,-89.7,320.0,ADVENTURER,IMO7507411,WBN3015,31.0,0.0,41.0,11.0,5.2,32.0,B
367120230,2019-05-08T14:41:12,38.98879,-75.21578,0.1,-131.0,511.0,SONIE,IMO9373723,WDD2812,31.0,0.0,24.0,9.0,4.0,52.0,B
369235000,2019-05-08T14:41:42,38.98912,-75.21621,0.0,37.2,145.0,OSG VISION,IMO9436537,WDF2493,31.0,0.0,46.0,15.0,6.5,57.0,B
367090580,2019-05-08T14:41:51,38.96862,-75.20095,2.8,109.4,511.0,BIG STONE 5,,WSE3119,60.0,0.0,15.0,4.0,,50.0,B
366914210,2019-05-08T14:41:52,38.96385,-74.97443,11.3,-184.1,221.0,DELAWARE,IMO8990304,WYU8553,60.0,0.0,91.0,20.0,,,B
367349860,2019-05-08T14:42:22,39.41735,-75.51525,9.1,-91.3,318.0,LINDA MORAN,IMO9398565,WDE4187,31.0,12.0,36.0,11.0,4.6,57.0,B
366907790,2019-05-08T14:41:14,38.98506,-74.97864,1.8,-203.3,511.0,ATLANTIC STAR,,WDB5271,60.0,0.0,23.0,7.0,,,B
338019392,2019-05-08T14:41:39,39.4338,-75.52281,6.6,139.9,511.0,NORTHSTAR 10,,,90.0,0.0,15.0,6.0,2.0,90.0,B
367645750,2019-05-08T14:41:37,39.07381,-74.96851,2.1,5.4,511.0,EVENING STAR,IMO8853013,WDH7195,30.0,,24.0,7.0,,,B
367459570,2019-05-08T14:41:47,38.891,-75.06833,11.3,-68.0,338.0,CORAL COAST,IMO7205087,WDF5120,31.0,0.0,34.0,9.0,3.9,52.0,B
367120230,2019-05-08T14:42:21,38.98879,-75.21582,0.1,-129.7,511.0,SONIE,IMO9373723,WDD2812,31.0,0.0,24.0,9.0,4.0,52.0,B
338312656,2019-05-08T14:41:05,39.44947,-75.56529,3.2,-86.3,511.0,SEA REGALIS,IMO0000000,,90.0,,8.0,2.0,,,B
367470320,2019-05-08T14:42:06,39.00877,-75.03092,1.4,2.1,511.0,CHARISMA,,WDF6070,30.0,,13.0,,,,B
338447000,2019-05-08T14:41:21,38.96909,-75.20016,0.0,48.5,152.0,OSG HORIZON,IMO9436549,WDF6180,31.0,0.0,46.0,15.0,6.5,57.0,B
366914190,2019-05-08T14:42:15,38.82373,-75.11471,10.7,191.2,181.0,NEW JERSEY,IMO8643078,WYU8850,60.0,0.0,86.0,20.0,,,B
367127000,2019-05-08T14:42:30,39.02507,-75.15245,15.5,-71.2,338.0,HOUSTON,IMO8220761,KCDK,80.0,0.0,187.0,27.0,11.0,,B
366907790,2019-05-08T14:42:25,38.98459,-74.97909,1.9,-183.4,511.0,ATLANTIC STAR,,WDB5271,60.0,0.0,23.0,7.0,,,B
338447000,2019-05-08T14:42:32,38.96912,-75.20012,0.0,48.5,152.0,OSG HORIZON,IMO9436549,WDF6180,31.0,0.0,46.0,15.0,6.5,57.0,B
338312656,2019-05-08T14:42:34,39.45116,-75.56796,5.1,-103.1,511.0,SEA REGALIS,IMO0000000,,90.0,,8.0,2.0,,,B
369222000,2019-05-08T14:42:49,39.00882,-75.14387,11.0,-72.7,338.0,LIBERTY PASSION,IMO9777888,WLPI,70.0,0.0,,,,,B
366889080,2019-05-08T14:42:46,39.42746,-75.52818,10.9,-90.5,319.0,ADVENTURER,IMO7507411,WBN3015,31.0,0.0,41.0,11.0,5.2,32.0,B
369235000,2019-05-08T14:42:52,38.98911,-75.2163,0.0,37.2,144.0,OSG VISION,IMO9436537,WDF2493,31.0,0.0,46.0,15.0,6.5,57.0,B
367539750,2019-05-08T14:42:52,39.03372,-74.98342,5.1,-182.0,511.0,ONNERED,,WDG4753,30.0,,18.0,6.0,,,B
368051050,2019-05-08T14:42:55,38.91682,-75.09189,9.9,-73.2,334.0,,,,,0.0,,,,,B
367459570,2019-05-08T14:42:58,38.8945,-75.07,11.1,-66.9,338.0,CORAL COAST,IMO7205087,WDF5120,31.0,0.0,34.0,9.0,3.9,52.0,B
366914210,2019-05-08T14:43:02,38.96127,-74.97765,11.1,-184.7,222.0,DELAWARE,IMO8990304,WYU8553,60.0,0.0,91.0,20.0,,,B
367090580,2019-05-08T14:42:53,38.96831,-75.20078,3.1,-196.3,511.0,BIG STONE 5,,WSE3119,60.0,0.0,15.0,4.0,,50.0,B
367645750,2019-05-08T14:43:07,39.0746,-74.9684,1.7,9.2,511.0,EVENING STAR,IMO8853013,WDH7195,30.0,,24.0,7.0,,,B
240463000,2019-05-08T14:43:06,38.94405,-75.17437,0.0,189.0,155.0,BOUBOULINA,IMO9298753,SZIS,80.0,1.0,274.0,50.0,17.0,80.0,A
366914190,2019-05-08T14:43:24,38.82023,-75.11574,11.2,191.3,180.0,NEW JERSEY,IMO8643078,WYU8850,60.0,0.0,86.0,20.0,,,B
367349860,2019-05-08T14:43:23,39.41924,-75.51744,9.1,-91.3,318.0,LINDA MORAN,IMO9398565,WDE4187,31.0,12.0,36.0,11.0,4.6,57.0,B
367120230,2019-05-08T14:43:31,38.9888,-75.21582,0.1,-139.9,511.0,SONIE,IMO9373723,WDD2812,31.0,0.0,24.0,9.0,4.0,52.0,B
338312656,2019-05-08T14:43:35,39.45127,-75.56856,2.7,173.2,511.0,SEA REGALIS,IMO0000000,,90.0,,8.0,2.0,,,B
367490480,2019-05-08T14:43:06,38.95461,-74.99005,7.4,202.7,511.0,EVA MARIE,IMO8969408,WDH3461,30.0,,26.0,7.0,,,B
538006702,2019-05-08T14:42:32,38.96884,-75.2006,0.0,34.6,153.0,NAMSEN,IMO9761528,V7QJ6,80.0,1.0,,,,,A
366907790,2019-05-08T14:43:34,38.98426,-74.97965,1.7,-176.4,511.0,ATLANTIC STAR,,WDB5271,60.0,0.0,23.0,7.0,,,B
338447000,2019-05-08T14:43:42,38.96912,-75.20016,0.0,48.5,152.0,OSG HORIZON,IMO9436549,WDF6180,31.0,0.0,46.0,15.0,6.5,57.0,B
367127000,2019-05-08T14:43:36,39.02942,-75.15477,15.4,-72.2,337.0,HOUSTON,IMO8220761,KCDK,80.0,0.0,187.0,27.0,11.0,,B
369235000,2019-05-08T14:44:02,38.98915,-75.21628,0.0,37.2,144.0,OSG VISION,IMO9436537,WDF2493,31.0,0.0,46.0,15.0,6.5,57.0,B
369222000,2019-05-08T14:43:59,39.0122,-75.14574,11.1,-72.9,337.0,LIBERTY PASSION,IMO9777888,WLPI,70.0,0.0,,,,,B
367090580,2019-05-08T14:43:56,38.96799,-75.20091,0.3,-191.0,511.0,BIG STONE 5,,WSE3119,60.0,0.0,15.0,4.0,,50.0,B
368051050,2019-05-08T14:44:06,38.9198,-75.09365,9.9,-74.3,333.0,,,,,0.0,,,,,B
338019392,2019-05-08T14:42:47,39.43218,-75.52105,6.7,139.9,511.0,NORTHSTAR 10,,,90.0,0.0,15.0,6.0,2.0,90.0,B
366889080,2019-05-08T14:43:47,39.42981,-75.53083,10.9,-90.6,319.0,ADVENTURER,IMO7507411,WBN3015,31.0,0.0,41.0,11.0,5.2,32.0,A
367459570,2019-05-08T14:43:59,38.8975,-75.07133,11.6,-68.1,339.0,CORAL COAST,IMO7205087,WDF5120,31.0,0.0,34.0,9.0,3.9,52.0,B
338019392,2019-05-08T14:44:08,39.43031,-75.51901,6.6,139.9,511.0,NORTHSTAR 10,,,90.0,0.0,15.0,6.0,2.0,90.0,B
366914210,2019-05-08T14:44:03,38.95899,-74.9805,10.8,-183.4,231.0,DELAWARE,IMO8990304,WYU8553,60.0,0.0,91.0,20.0,,,A
538004030,2019-05-08T14:44:16,38.9312,-75.16239,0.0,95.6,154.0,FRIO,IMO9596985,V7UU3,80.0,1.0,274.0,48.0,17.1,89.0,A
367317410,2019-05-08T14:43:08,39.0478,-74.99341,9.0,-187.7,511.0,OPPORTUNE,,WDD9868,30.0,,16.0,5.0,,,B
367317410,2019-05-08T14:44:10,39.04574,-74.99498,8.9,178.5,511.0,OPPORTUNE,,WDD9868,30.0,,16.0,5.0,,,B
367645750,2019-05-08T14:44:37,39.07558,-74.96838,2.7,-54.4,511.0,EVENING STAR,IMO8853013,WDH7195,30.0,,24.0,7.0,,,B
367539750,2019-05-08T14:44:22,39.03249,-74.98573,5.2,-170.4,511.0,ONNERED,,WDG4753,30.0,,18.0,6.0,,,B
367349860,2019-05-08T14:44:32,39.42142,-75.51989,9.1,-92.4,317.0,LINDA MORAN,IMO9398565,WDE4187,31.0,12.0,36.0,11.0,4.6,57.0,B
311073800,2019-05-08T14:44:35,38.9888,-75.21681,0.0,-164.5,145.0,EURO,IMO9567702,C6AA5,84.0,1.0,274.0,48.0,-11.5,84.0,A
366914190,2019-05-08T14:44:25,38.81712,-75.11652,11.5,193.3,182.0,NEW JERSEY,IMO8643078,WYU8850,60.0,0.0,86.0,20.0,,,B
367490480,2019-05-08T14:44:36,38.9518,-74.99165,7.5,-197.6,511.0,EVA MARIE,IMO8969408,WDH3461,30.0,,26.0,7.0,,,B
366907790,2019-05-08T14:44:45,38.98396,-74.98023,1.7,-172.5,511.0,ATLANTIC STAR,,WDB5271,60.0,0.0,23.0,7.0,,,B
367120230,2019-05-08T14:44:41,38.9888,-75.21584,0.1,-176.4,511.0,SONIE,IMO9373723,WDD2812,31.0,0.0,24.0,9.0,4.0,52.0,B
367127000,2019-05-08T14:44:42,39.03385,-75.1571,15.3,-72.0,337.0,HOUSTON,IMO8220761,KCDK,80.0,0.0,187.0,27.0,11.0,,B
338447000,2019-05-08T14:44:51,38.96911,-75.20011,0.0,48.5,153.0,OSG HORIZON,IMO9436549,WDF6180,31.0,0.0,46.0,15.0,6.5,57.0,B
369235000,2019-05-08T14:45:13,38.98915,-75.21627,0.0,37.2,144.0,OSG VISION,IMO9436537,WDF2493,31.0,0.0,46.0,15.0,6.5,57.0,B
367090580,2019-05-08T14:44:57,38.96802,-75.20098,0.3,-97.1,511.0,BIG STONE 5,,WSE3119,60.0,0.0,15.0,4.0,,50.0,B
366914210,2019-05-08T14:45:12,38.95705,-74.9842,11.3,-172.7,232.0,DELAWARE,IMO8990304,WYU8553,60.0,0.0,91.0,20.0,,,B
338019392,2019-05-08T14:45:17,39.42868,-75.51724,6.6,139.9,511.0,NORTHSTAR 10,,,90.0,0.0,15.0,6.0,2.0,90.0,B
338312656,2019-05-08T14:45:08,39.45015,-75.56782,3.1,158.6,511.0,SEA REGALIS,IMO0000000,,90.0,,8.0,2.0,,,B
369222000,2019-05-08T14:45:18,39.01599,-75.14783,11.0,-72.9,337.0,LIBERTY PASSION,IMO9777888,WLPI,70.0,0.0,,,,,B
367470320,2019-05-08T14:45:07,39.00995,-75.03091,1.6,-57.5,511.0,CHARISMA,,WDF6070,30.0,,13.0,,,,B
368051050,2019-05-08T14:45:15,38.92269,-75.09534,9.9,-74.8,332.0,,,,,0.0,,,,,B
367459570,2019-05-08T14:45:09,38.901,-75.07283,11.2,-72.2,336.0,CORAL COAST,IMO7205087,WDF5120,31.0,0.0,34.0,9.0,3.9,52.0,B
538006702,2019-05-08T14:45:30,38.96889,-75.20059,0.0,34.6,154.0,NAMSEN,IMO9761528,V7QJ6,80.0,1.0,,,,,A
366914190,2019-05-08T14:45:34,38.81341,-75.11745,11.7,188.4,178.0,NEW JERSEY,IMO8643078,WYU8850,60.0,0.0,86.0,20.0,,,B
367317410,2019-05-08T14:45:39,39.04253,-74.99638,9.2,-162.0,511.0,OPPORTUNE,,WDD9868,30.0,,16.0,5.0,,,B
367127000,2019-05-08T14:45:48,39.03811,-75.15938,15.3,-72.4,337.0,HOUSTON,IMO8220761,KCDK,80.0,0.0,187.0,27.0,11.0,,B
367539750,2019-05-08T14:45:52,39.03129,-74.98823,5.3,-170.4,511.0,ONNERED,,WDG4753,30.0,,18.0,6.0,,,B
367120230,2019-05-08T14:45:51,38.9888,-75.21584,0.1,-95.5,511.0,SONIE,IMO9373723,WDD2812,31.0,0.0,24.0,9.0,4.0,52.0,B
367349860,2019-05-08T14:45:42,39.42367,-75.52261,9.2,-92.3,317.0,LINDA MORAN,IMO9398565,WDE4187,31.0,12.0,36.0,11.0,4.6,57.0,B
367090580,2019-05-08T14:46:07,38.96826,-75.20118,1.0,-81.8,511.0,BIG STONE 5,,WSE3119,60.0,0.0,15.0,4.0,,50.0,B
338447000,2019-05-08T14:46:02,38.96912,-75.2001,0.0,48.5,153.0,OSG HORIZON,IMO9436549,WDF6180,31.0,0.0,46.0,15.0,6.5,57.0,B
240463000,2019-05-08T14:46:05,38.94407,-75.17435,0.0,193.0,155.0,BOUBOULINA,IMO9298753,SZIS,80.0,1.0,274.0,50.0,17.0,80.0,A
368051050,2019-05-08T14:46:16,38.92525,-75.09693,9.9,-75.4,333.0,,,,,0.0,,,,,B
367490480,2019-05-08T14:46:06,38.94937,-74.99424,7.8,-193.4,511.0,EVA MARIE,IMO8969408,WDH3461,30.0,,26.0,7.0,,,B
366889080,2019-05-08T14:46:07,39.43509,-75.53677,10.9,-91.7,319.0,ADVENTURER,IMO7507411,WBN3015,31.0,0.0,41.0,11.0,5.2,32.0,B
367645750,2019-05-08T14:46:08,39.07654,-74.96837,2.1,6.7,511.0,EVENING STAR,IMO8853013,WDH7195,30.0,,24.0,7.0,,,B
366889080,2019-05-08T14:44:49,39.43215,-75.53343,10.9,-90.4,320.0,ADVENTURER,IMO7507411,WBN3015,31.0,0.0,41.0,11.0,5.2,32.0,B
366907790,2019-05-08T14:45:55,38.98368,-74.98085,1.7,-169.9,511.0,ATLANTIC STAR,,WDB5271,60.0,0.0,23.0,7.0,,,B
367459570,2019-05-08T14:46:19,38.9045,-75.07433,12.0,-70.9,338.0,CORAL COAST,IMO7205087,WDF5120,31.0,0.0,34.0,9.0,3.9,52.0,B
366914210,2019-05-08T14:46:22,38.95506,-74.98809,11.1,-173.7,228.0,DELAWARE,IMO8990304,WYU8553,60.0,0.0,91.0,20.0,,,B
369222000,2019-05-08T14:46:28,39.01935,-75.14965,11.1,-72.7,337.0,LIBERTY PASSION,IMO9777888,WLPI,70.0,0.0,,,,,B
338019392,2019-05-08T14:46:29,39.42701,-75.51538,6.6,139.0,511.0,NORTHSTAR 10,,,90.0,0.0,15.0,6.0,2.0,90.0,B
369235000,2019-05-08T14:46:22,38.98915,-75.21638,0.0,37.2,143.0,OSG VISION,IMO9436537,WDF2493,31.0,0.0,46.0,15.0,6.5,57.0,B
367127000,2019-05-08T14:47:06,39.04319,-75.16211,15.2,-72.2,337.0,HOUSTON,IMO8220761,KCDK,80.0,0.0,187.0,27.0,11.0,,B
367090580,2019-05-08T14:47:17,38.96814,-75.20122,0.4,-181.4,511.0,BIG STONE 5,,WSE3119,60.0,0.0,15.0,4.0,,50.0,B
367349860,2019-05-08T14:46:53,39.42585,-75.52516,9.2,-92.4,317.0,LINDA MORAN,IMO9398565,WDE4187,31.0,12.0,36.0,11.0,4.6,57.0,B
366914190,2019-05-08T14:46:45,38.80956,-75.11829,11.9,186.8,177.0,NEW JERSEY,IMO8643078,WYU8850,60.0,0.0,86.0,20.0,,,B
367317410,2019-05-08T14:47:09,39.04122,-75.00102,9.2,-178.8,511.0,OPPORTUNE,,WDD9868,30.0,,16.0,5.0,,,B
366889080,2019-05-08T14:47:09,39.43749,-75.53955,10.8,-91.5,318.0,ADVENTURER,IMO7507411,WBN3015,31.0,0.0,41.0,11.0,5.2,32.0,B
366907790,2019-05-08T14:47:04,38.98343,-74.98155,1.9,-163.8,511.0,ATLANTIC STAR,,WDB5271,60.0,0.0,23.0,7.0,,,B
338447000,2019-05-08T14:47:11,38.96912,-75.20008,0.0,48.5,154.0,OSG HORIZON,IMO9436549,WDF6180,31.0,0.0,46.0,15.0,6.5,57.0,B
368051050,2019-05-08T14:47:26,38.92816,-75.09874,10.0,-77.5,330.0,,,,,0.0,,,,,B
367120230,2019-05-08T14:47:02,38.9888,-75.21586,0.0,-169.1,511.0,SONIE,IMO9373723,WDD2812,31.0,0.0,24.0,9.0,4.0,52.0,B
367459570,2019-05-08T14:47:29,38.908,-75.076,11.1,-72.1,331.0,CORAL COAST,IMO7205087,WDF5120,31.0,0.0,34.0,9.0,3.9,52.0,B
369235000,2019-05-08T14:47:32,38.98913,-75.21636,0.0,37.2,143.0,OSG VISION,IMO9436537,WDF2493,31.0,0.0,46.0,15.0,6.5,57.0,B
311073800,2019-05-08T14:47:34,38.98879,-75.21685,0.0,-195.4,144.0,EURO,IMO9567702,C6AA5,84.0,1.0,274.0,48.0,-11.5,84.0,A
367490480,2019-05-08T14:47:36,38.94719,-74.99737,7.7,-182.4,511.0,EVA MARIE,IMO8969408,WDH3461,30.0,,26.0,7.0,,,B
338312656,2019-05-08T14:47:37,39.4482,-75.56685,2.8,152.2,511.0,SEA REGALIS,IMO0000000,,90.0,,8.0,2.0,,,B
367539750,2019-05-08T14:47:22,39.03015,-74.9907,5.0,-181.8,511.0,ONNERED,,WDG4753,30.0,,18.0,6.0,,,B
369222000,2019-05-08T14:47:37,39.02272,-75.15149,11.0,-72.8,337.0,LIBERTY PASSION,IMO9777888,WLPI,70.0,0.0,,,,,A
338019392,2019-05-08T14:47:48,39.42521,-75.51331,6.5,137.0,511.0,NORTHSTAR 10,,,90.0,0.0,15.0,6.0,2.0,90.0,B
367645750,2019-05-08T14:47:37,39.07745,-74.9682,2.2,0.3,511.0,EVENING STAR,IMO8853013,WDH7195,30.0,,24.0,7.0,,,B
538004030,2019-05-08T14:47:15,38.93121,-75.16241,0.0,-203.8,154.0,FRIO,IMO9596985,V7UU3,80.0,1.0,274.0,48.0,17.1,89.0,A
367470320,2019-05-08T14:48:07,39.01091,-75.03101,1.1,4.5,511.0,CHARISMA,,WDF6070,30.0,,13.0,,,,B
367127000,2019-05-08T14:48:24,39.04824,-75.16484,15.1,-72.2,337.0,HOUSTON,IMO8220761,KCDK,80.0,0.0,187.0,27.0,11.0,,B
367120230,2019-05-08T14:48:11,38.9888,-75.21586,0.0,85.8,511.0,SONIE,IMO9373723,WDD2812,31.0,0.0,24.0,9.0,4.0,52.0,B
367349860,2019-05-08T14:48:02,39.42797,-75.52771,9.2,-92.4,317.0,LINDA MORAN,IMO9398565,WDE4187,31.0,12.0,36.0,11.0,4.6,57.0,B
366914190,2019-05-08T14:47:55,38.80569,-75.11871,12.2,181.0,172.0,NEW JERSEY,IMO8643078,WYU8850,60.0,0.0,86.0,20.0,,,B
366914210,2019-05-08T14:48:35,38.951,-74.99493,8.5,-179.2,215.0,DELAWARE,IMO8990304,WYU8553,60.0,0.0,91.0,20.0,,,A
366914210,2019-05-08T14:47:31,38.95278,-74.99161,11.2,-177.4,230.0,DELAWARE,IMO8990304,WYU8553,60.0,0.0,91.0,20.0,,,B
367090580,2019-05-08T14:48:57,38.96822,-75.2014,0.4,-98.6,511.0,BIG STONE 5,,WSE3119,60.0,0.0,15.0,4.0,,50.0,B
366907790,2019-05-08T14:48:15,38.98321,-74.98229,2.1,-156.3,511.0,ATLANTIC STAR,,WDB5271,60.0,0.0,23.0,7.0,,,B
538006702,2019-05-08T14:48:33,38.96892,-75.20055,0.0,34.6,155.0,NAMSEN,IMO9761528,V7QJ6,80.0,1.0,,,,,A
367459570,2019-05-08T14:48:39,38.9115,-75.078,11.4,-76.8,330.0,CORAL COAST,IMO7205087,WDF5120,31.0,0.0,34.0,9.0,3.9,52.0,B
368051050,2019-05-08T14:49:06,38.93225,-75.10146,9.9,-77.2,331.0,,,,,0.0,,,,,B
338447000,2019-05-08T14:48:21,38.96912,-75.20008,0.0,48.5,154.0,OSG HORIZON,IMO9436549,WDF6180,31.0,0.0,46.0,15.0,6.5,57.0,B
367645750,2019-05-08T14:49:07,39.07827,-74.96819,1.7,2.0,511.0,EVENING STAR,IMO8853013,WDH7195,30.0,,24.0,7.0,,,B
366914190,2019-05-08T14:49:34,38.80002,-75.11853,12.1,173.8,169.0,NEW JERSEY,IMO8643078,WYU8850,60.0,0.0,86.0,20.0,,,B
369222000,2019-05-08T14:48:47,39.02609,-75.1533,11.1,-72.5,337.0,LIBERTY PASSION,IMO9777888,WLPI,70.0,0.0,,,,,B
240463000,2019-05-08T14:49:03,38.94403,-75.1744,0.0,193.0,154.0,BOUBOULINA,IMO9298753,SZIS,80.0,1.0,274.0,50.0,17.0,80.0,A
367317410,2019-05-08T14:48:38,39.03924,-75.00518,9.2,-169.3,511.0,OPPORTUNE,,WDD9868,30.0,,16.0,5.0,,,B
369235000,2019-05-08T14:48:43,38.98913,-75.21639,0.0,37.2,142.0,OSG VISION,IMO9436537,WDF2493,31.0,0.0,46.0,15.0,6.5,57.0,B
367127000,2019-05-08T14:49:42,39.05339,-75.16757,15.2,-72.2,337.0,HOUSTON,IMO8220761,KCDK,80.0,0.0,187.0,27.0,11.0,,B
367490480,2019-05-08T14:49:07,38.9451,-75.00067,8.0,-173.5,511.0,EVA MARIE,IMO8969408,WDH3461,30.0,,26.0,7.0,,,B
367349860,2019-05-08T14:49:12,39.43026,-75.53044,9.3,-92.3,317.0,LINDA MORAN,IMO9398565,WDE4187,31.0,12.0,36.0,11.0,4.6,57.0,B
367120230,2019-05-08T14:49:20,38.9888,-75.21586,0.1,-150.8,511.0,SONIE,IMO9373723,WDD2812,31.0,0.0,24.0,9.0,4.0,52.0,B
366889080,2019-05-08T14:49:46,39.44338,-75.54627,10.9,-91.2,318.0,ADVENTURER,IMO7507411,WBN3015,31.0,0.0,41.0,11.0,5.2,32.0,B
367539750,2019-05-08T14:48:52,39.02842,-74.99219,5.1,-184.2,511.0,ONNERED,,WDG4753,30.0,,18.0,6.0,,,B
366907790,2019-05-08T14:49:25,38.98307,-74.98314,1.8,-150.3,511.0,ATLANTIC STAR,,WDB5271,60.0,0.0,23.0,7.0,,,B
366889080,2019-05-08T14:48:28,39.44043,-75.54291,10.9,-91.2,318.0,ADVENTURER,IMO7507411,WBN3015,31.0,0.0,41.0,11.0,5.2,32.0,B
367539750,2019-05-08T14:50:22,39.02708,-74.99441,5.3,-179.4,511.0,ONNERED,,WDG4753,30.0,,18.0,6.0,,,B
367459570,2019-05-08T14:49:49,38.91483,-75.08,11.5,-74.2,331.0,CORAL COAST,IMO7205087,WDF5120,31.0,0.0,34.0,9.0,3.9,52.0,B
366914210,2019-05-08T14:49:41,38.94931,-74.99683,8.4,-190.2,212.0,DELAWARE,IMO8990304,WYU8553,60.0,0.0,91.0,20.0,,,B
368051050,2019-05-08T14:50:25,38.9355,-75.10363,9.9,-78.0,332.0,,,,,0.0,,,,,A
338233543,2019-05-08T14:50:37,39.1243,-74.89809,6.0,-102.4,511.0,R/V JAMES W. JOSEPH,IMO0000000,JOSEPH,37.0,,14.0,6.0,,,B
369222000,2019-05-08T14:49:48,39.02893,-75.15483,11.1,-72.5,337.0,LIBERTY PASSION,IMO9777888,WLPI,70.0,0.0,,,,,B
538004030,2019-05-08T14:50:14,38.9312,-75.16241,0.0,-159.5,155.0,FRIO,IMO9596985,V7UU3,80.0,1.0,274.0,48.0,17.1,89.0,A
367090580,2019-05-08T14:50:27,38.96803,-75.20139,1.1,166.2,511.0,BIG STONE 5,,WSE3119,60.0,0.0,15.0,4.0,,50.0,B
369235000,2019-05-08T14:49:52,38.98913,-75.21639,0.0,37.2,142.0,OSG VISION,IMO9436537,WDF2493,31.0,0.0,46.0,15.0,6.5,57.0,B
366914210,2019-05-08T14:51:01,38.94634,-74.99974,10.7,-193.2,210.0,DELAWARE,IMO8990304,WYU8553,60.0,0.0,91.0,20.0,,,B
311073800,2019-05-08T14:50:34,38.98881,-75.21687,0.0,-197.0,143.0,EURO,IMO9567702,C6AA5,84.0,1.0,274.0,48.0,-11.5,84.0,A
338019392,2019-05-08T14:48:58,39.42362,-75.51142,6.7,138.5,511.0,NORTHSTAR 10,,,90.0,0.0,15.0,6.0,2.0,90.0,B
366907790,2019-05-08T14:50:45,38.98301,-74.98421,2.6,-137.4,511.0,ATLANTIC STAR,,WDB5271,60.0,0.0,23.0,7.0,,,B
338019392,2019-05-08T14:50:09,39.42196,-75.50956,6.7,139.1,511.0,NORTHSTAR 10,,,90.0,0.0,15.0,6.0,2.0,90.0,B
367490480,2019-05-08T14:50:36,38.9432,-75.00422,8.5,-163.3,511.0,EVA MARIE,IMO8969408,WDH3461,30.0,,26.0,7.0,,,B
367645750,2019-05-08T14:50:38,39.07899,-74.96811,1.6,7.6,511.0,EVENING STAR,IMO8853013,WDH7195,30.0,,24.0,7.0,,,B
367349860,2019-05-08T14:50:22,39.43245,-75.53308,9.3,-92.0,316.0,LINDA MORAN,IMO9398565,WDE4187,31.0,12.0,36.0,11.0,4.6,57.0,B
367127000,2019-05-08T14:51:01,39.05851,-75.17033,15.1,-72.2,337.0,HOUSTON,IMO8220761,KCDK,80.0,0.0,187.0,27.0,11.0,,B
369235000,2019-05-08T14:50:53,38.98911,-75.21635,0.0,37.2,142.0,OSG VISION,IMO9436537,WDF2493,31.0,0.0,46.0,15.0,6.5,57.0,B
367120230,2019-05-08T14:50:31,38.9888,-75.21584,0.1,165.2,511.0,SONIE,IMO9373723,WDD2812,31.0,0.0,24.0,9.0,4.0,52.0,B
338447000,2019-05-08T14:50:32,38.96912,-75.20001,0.0,48.5,155.0,OSG HORIZON,IMO9436549,WDF6180,31.0,0.0,46.0,15.0,6.5,57.0,B
367317410,2019-05-08T14:50:09,39.0376,-75.00965,9.3,-167.1,511.0,OPPORTUNE,,WDD9868,30.0,,16.0,5.0,,,B
366914190,2019-05-08T14:50:54,38.79598,-75.11781,9.9,169.9,168.0,NEW JERSEY,IMO8643078,WYU8850,60.0,0.0,86.0,20.0,,,B
366889080,2019-05-08T14:50:47,39.44572,-75.54896,10.9,-91.2,319.0,ADVENTURER,IMO7507411,WBN3015,31.0,0.0,41.0,11.0,5.2,32.0,B
338447000,2019-05-08T14:49:22,38.96911,-75.20005,0.0,48.5,154.0,OSG HORIZON,IMO9436549,WDF6180,31.0,0.0,46.0,15.0,6.5,57.0,B
367459570,2019-05-08T14:50:58,38.91833,-75.08183,11.7,-74.5,327.0,CORAL COAST,IMO7205087,WDF5120,31.0,0.0,34.0,9.0,3.9,52.0,B
369222000,2019-05-08T14:50:57,39.03233,-75.15667,11.0,-72.5,337.0,LIBERTY PASSION,IMO9777888,WLPI,70.0,0.0,,,,,B
367349860,2019-05-08T14:51:41,39.43492,-75.53598,9.3,-92.1,317.0,LINDA MORAN,IMO9398565,WDE4187,31.0,12.0,36.0,11.0,4.6,57.0,B
367120230,2019-05-08T14:52:02,38.98882,-75.21583,0.0,-119.1,511.0,SONIE,IMO9373723,WDD2812,31.0,0.0,24.0,9.0,4.0,52.0,B
367470320,2019-05-08T14:51:07,39.01185,-75.03096,1.1,8.8,511.0,CHARISMA,,WDF6070,30.0,,13.0,,,,B
338447000,2019-05-08T14:52:01,38.96909,-75.20003,0.0,48.5,155.0,OSG HORIZON,IMO9436549,WDF6180,31.0,0.0,46.0,15.0,6.5,57.0,B
538006702,2019-05-08T14:51:30,38.96892,-75.20054,0.0,34.6,156.0,NAMSEN,IMO9761528,V7QJ6,80.0,1.0,,,,,A
368051050,2019-05-08T14:51:26,38.93803,-75.10517,9.9,-73.6,334.0,,,,,0.0,,,,,B
367317410,2019-05-08T14:51:39,39.03587,-75.01415,9.6,-168.7,511.0,OPPORTUNE,,WDD9868,30.0,,16.0,5.0,,,B
367127000,2019-05-08T14:52:18,39.06341,-75.17294,15.1,-71.9,337.0,HOUSTON,IMO8220761,KCDK,80.0,0.0,187.0,27.0,11.0,,B
369222000,2019-05-08T14:52:17,39.03618,-75.15872,11.0,-72.3,337.0,LIBERTY PASSION,IMO9777888,WLPI,70.0,0.0,,,,,B
366907790,2019-05-08T14:52:34,38.98327,-74.98521,1.1,-77.9,511.0,ATLANTIC STAR,,WDB5271,60.0,0.0,23.0,7.0,,,B
367459570,2019-05-08T14:51:59,38.92133,-75.08367,12.1,-77.0,328.0,CORAL COAST,IMO7205087,WDF5120,31.0,0.0,34.0,9.0,3.9,52.0,B
367539750,2019-05-08T14:51:52,39.02589,-74.99672,5.1,-172.5,511.0,ONNERED,,WDG4753,30.0,,18.0,6.0,,,B
368051050,2019-05-08T14:52:36,38.94094,-75.10688,9.8,-72.2,337.0,,,,,0.0,,,,,B
366914190,2019-05-08T14:52:05,38.79278,-75.11712,9.8,171.4,169.0,NEW JERSEY,IMO8643078,WYU8850,60.0,0.0,86.0,20.0,,,B
367349860,2019-05-08T14:53:01,39.43745,-75.53893,9.3,-91.7,317.0,LINDA MORAN,IMO9398565,WDE4187,31.0,12.0,36.0,11.0,4.6,57.0,B
366889080,2019-05-08T14:52:07,39.4487,-75.55238,10.9,-91.2,319.0,ADVENTURER,IMO7507411,WBN3015,31.0,0.0,41.0,11.0,5.2,32.0,B
366914210,2019-05-08T14:52:12,38.94349,-75.00243,10.5,-194.0,209.0,DELAWARE,IMO8990304,WYU8553,60.0,0.0,91.0,20.0,,,B
367490480,2019-05-08T14:52:07,38.9436,-75.00868,9.2,-107.3,511.0,EVA MARIE,IMO8969408,WDH3461,30.0,,26.0,7.0,,,B
338312656,2019-05-08T14:50:36,39.44648,-75.56482,2.5,141.0,511.0,SEA REGALIS,IMO0000000,,90.0,,8.0,2.0,,,B
366914190,2019-05-08T14:53:14,38.78968,-75.11653,9.8,175.6,176.0,NEW JERSEY,IMO8643078,WYU8850,60.0,0.0,86.0,20.0,,,B
338019392,2019-05-08T14:52:29,39.41872,-75.50591,6.6,139.0,511.0,NORTHSTAR 10,,,90.0,0.0,15.0,6.0,2.0,90.0,B
369222000,2019-05-08T14:53:29,39.0396,-75.16053,11.0,-72.1,337.0,LIBERTY PASSION,IMO9777888,WLPI,70.0,0.0,,,,,B
538004030,2019-05-08T14:53:15,38.93116,-75.16245,0.1,-156.9,153.0,FRIO,IMO9596985,V7UU3,80.0,1.0,274.0,48.0,17.1,89.0,A
367349860,2019-05-08T14:54:11,39.43971,-75.54154,9.3,-91.7,317.0,LINDA MORAN,IMO9398565,WDE4187,31.0,12.0,36.0,11.0,4.6,57.0,B
367090580,2019-05-08T14:52:47,38.968,-75.20147,1.0,156.9,511.0,BIG STONE 5,,WSE3119,60.0,0.0,15.0,4.0,,50.0,B
367127000,2019-05-08T14:53:42,39.06886,-75.17583,15.1,-72.3,337.0,HOUSTON,IMO8220761,KCDK,80.0,0.0,187.0,27.0,11.0,,B
367120230,2019-05-08T14:53:11,38.98883,-75.21582,0.0,124.1,511.0,SONIE,IMO9373723,WDD2812,31.0,0.0,24.0,9.0,4.0,52.0,B
338019392,2019-05-08T14:51:17,39.42036,-75.50775,6.6,139.2,511.0,NORTHSTAR 10,,,90.0,0.0,15.0,6.0,2.0,90.0,B
338019392,2019-05-08T14:53:38,39.41714,-75.50413,6.6,138.2,511.0,NORTHSTAR 10,,,90.0,0.0,15.0,6.0,2.0,90.0,B
338447000,2019-05-08T14:53:11,38.96908,-75.20003,0.0,48.5,155.0,OSG HORIZON,IMO9436549,WDF6180,31.0,0.0,46.0,15.0,6.5,57.0,B
338233543,2019-05-08T14:53:07,39.12695,-74.90222,6.0,-100.2,511.0,R/V JAMES W. JOSEPH,IMO0000000,JOSEPH,37.0,,14.0,6.0,,,B
367539750,2019-05-08T14:53:22,39.02472,-74.99904,5.0,-172.2,511.0,ONNERED,,WDG4753,30.0,,18.0,6.0,,,B
366914210,2019-05-08T14:53:22,38.94071,-75.00522,11.5,-188.7,215.0,DELAWARE,IMO8990304,WYU8553,60.0,0.0,91.0,20.0,,,B
369222000,2019-05-08T14:54:48,39.04339,-75.16252,11.0,-72.1,337.0,LIBERTY PASSION,IMO9777888,WLPI,70.0,0.0,,,,,B
366889080,2019-05-08T14:53:28,39.45179,-75.55585,10.9,-90.0,320.0,ADVENTURER,IMO7507411,WBN3015,31.0,0.0,41.0,11.0,5.2,32.0,B
367490480,2019-05-08T14:53:36,38.94629,-75.01177,9.2,-68.7,511.0,EVA MARIE,IMO8969408,WDH3461,30.0,,26.0,7.0,,,B
369235000,2019-05-08T14:52:23,38.98911,-75.21635,0.0,37.2,143.0,OSG VISION,IMO9436537,WDF2493,31.0,0.0,46.0,15.0,6.5,57.0,B
367090580,2019-05-08T14:51:37,38.96798,-75.20144,0.6,-91.8,511.0,BIG STONE 5,,WSE3119,60.0,0.0,15.0,4.0,,50.0,B
367645750,2019-05-08T14:53:38,39.08015,-74.96783,1.2,9.4,511.0,EVENING STAR,IMO8853013,WDH7195,30.0,,24.0,7.0,,,B
367317410,2019-05-08T14:53:38,39.03356,-75.02031,9.6,-156.1,511.0,OPPORTUNE,,WDD9868,30.0,,16.0,5.0,,,B
367459570,2019-05-08T14:54:38,38.92917,-75.0885,10.4,-75.9,328.0,CORAL COAST,IMO7205087,WDF5120,31.0,0.0,34.0,9.0,3.9,52.0,B
369235000,2019-05-08T14:53:32,38.98914,-75.21636,0.0,37.2,143.0,OSG VISION,IMO9436537,WDF2493,31.0,0.0,46.0,15.0,6.5,57.0,B
311073800,2019-05-08T14:53:34,38.98878,-75.21679,0.0,-197.0,144.0,EURO,IMO9567702,C6AA5,84.0,1.0,274.0,48.0,-11.5,84.0,A
368051050,2019-05-08T14:53:46,38.94389,-75.10843,9.7,-72.2,337.0,,,,,0.0,,,,,B
367090580,2019-05-08T14:53:57,38.9679,-75.20147,0.5,-97.4,511.0,BIG STONE 5,,WSE3119,60.0,0.0,15.0,4.0,,50.0,B
367127000,2019-05-08T14:54:48,39.07318,-75.17819,15.1,-72.8,337.0,HOUSTON,IMO8220761,KCDK,80.0,0.0,187.0,27.0,11.0,,B
338447000,2019-05-08T14:54:21,38.96905,-75.20001,0.0,48.5,155.0,OSG HORIZON,IMO9436549,WDF6180,31.0,0.0,46.0,15.0,6.5,57.0,B
240463000,2019-05-08T14:52:04,38.94402,-75.17445,0.0,193.0,153.0,BOUBOULINA,IMO9298753,SZIS,80.0,1.0,274.0,50.0,17.0,80.0,A
367470320,2019-05-08T14:54:06,39.01291,-75.03094,1.1,-58.9,511.0,CHARISMA,,WDF6070,30.0,,13.0,,,,B
366914190,2019-05-08T14:54:15,38.7869,-75.11651,9.6,183.8,184.0,NEW JERSEY,IMO8643078,WYU8850,60.0,0.0,86.0,20.0,,,B
366907790,2019-05-08T14:53:45,38.98355,-74.98531,0.5,0.8,511.0,ATLANTIC STAR,,WDB5271,60.0,0.0,23.0,7.0,,,B
367120230,2019-05-08T14:54:22,38.98884,-75.21579,0.0,14.9,511.0,SONIE,IMO9373723,WDD2812,31.0,0.0,24.0,9.0,4.0,52.0,B
367317410,2019-05-08T14:54:39,39.03289,-75.02371,9.9,-156.9,511.0,OPPORTUNE,,WDD9868,30.0,,16.0,5.0,,,B
338447000,2019-05-08T14:55:32,38.96907,-75.20001,0.0,48.5,156.0,OSG HORIZON,IMO9436549,WDF6180,31.0,0.0,46.0,15.0,6.5,57.0,B
538006702,2019-05-08T14:54:32,38.96887,-75.20051,0.0,34.6,157.0,NAMSEN,IMO9761528,V7QJ6,80.0,1.0,,,,,A
366914210,2019-05-08T14:54:31,38.93807,-75.00857,11.3,-181.6,221.0,DELAWARE,IMO8990304,WYU8553,60.0,0.0,91.0,20.0,,,B
240463000,2019-05-08T14:55:03,38.944,-75.17445,0.0,193.0,153.0,BOUBOULINA,IMO9298753,SZIS,80.0,1.0,274.0,50.0,17.0,80.0,A
369235000,2019-05-08T14:54:42,38.98913,-75.2163,0.0,37.2,143.0,OSG VISION,IMO9436537,WDF2493,31.0,0.0,46.0,15.0,6.5,57.0,B
338233543,2019-05-08T14:55:07,39.13148,-74.90633,14.1,-79.3,511.0,R/V JAMES W. JOSEPH,IMO0000000,JOSEPH,37.0,,14.0,6.0,,,B
338312656,2019-05-08T14:55:36,39.44467,-75.56317,1.4,-62.0,511.0,SEA REGALIS,IMO0000000,,90.0,,8.0,2.0,,,B
338019392,2019-05-08T14:54:48,39.41555,-75.50231,6.5,139.4,511.0,NORTHSTAR 10,,,90.0,0.0,15.0,6.0,2.0,90.0,B
368051050,2019-05-08T14:54:55,38.94677,-75.10998,9.7,-72.5,336.0,,,,,0.0,,,,,B
367490480,2019-05-08T14:55:06,38.94992,-75.0136,9.0,-74.2,511.0,EVA MARIE,IMO8969408,WDH3461,30.0,,26.0,7.0,,,B
367120230,2019-05-08T14:55:31,38.98882,-75.21579,0.0,-187.0,511.0,SONIE,IMO9373723,WDD2812,31.0,0.0,24.0,9.0,4.0,52.0,B
367459570,2019-05-08T14:53:07,38.92483,-75.08583,11.7,-75.9,330.0,CORAL COAST,IMO7205087,WDF5120,31.0,0.0,34.0,9.0,3.9,52.0,B
366889080,2019-05-08T14:54:55,39.45553,-75.55886,10.7,-72.1,338.0,ADVENTURER,IMO7507411,WBN3015,31.0,0.0,41.0,11.0,5.2,32.0,A
366914190,2019-05-08T14:55:41,38.78415,-75.11768,5.7,-183.9,235.0,NEW JERSEY,IMO8643078,WYU8850,60.0,0.0,86.0,20.0,,,A
367090580,2019-05-08T14:55:18,38.96817,-75.20171,0.9,-80.7,511.0,BIG STONE 5,,WSE3119,60.0,0.0,15.0,4.0,,50.0,B
367539750,2019-05-08T14:54:52,39.02358,-75.00141,5.1,-173.5,511.0,ONNERED,,WDG4753,30.0,,18.0,6.0,,,B
366907790,2019-05-08T14:55:55,38.98408,-74.9855,1.2,-65.3,511.0,ATLANTIC STAR,,WDB5271,60.0,0.0,23.0,7.0,,,B
367349860,2019-05-08T14:56:01,39.44327,-75.54569,9.4,-91.5,317.0,LINDA MORAN,IMO9398565,WDE4187,31.0,12.0,36.0,11.0,4.6,57.0,B
367127000,2019-05-08T14:56:24,39.07938,-75.18156,15.2,-72.8,337.0,HOUSTON,IMO8220761,KCDK,80.0,0.0,187.0,27.0,11.0,,B
369222000,2019-05-08T14:56:29,39.04822,-75.16506,10.9,-72.1,338.0,LIBERTY PASSION,IMO9777888,WLPI,70.0,0.0,,,,,B
366914210,2019-05-08T14:55:52,38.93511,-75.01262,11.5,-182.3,221.0,DELAWARE,IMO8990304,WYU8553,60.0,0.0,91.0,20.0,,,B
366889080,2019-05-08T14:56:55,39.46125,-75.56105,10.9,-59.9,352.0,ADVENTURER,IMO7507411,WBN3015,31.0,0.0,41.0,11.0,5.2,32.0,A
367317410,2019-05-08T14:56:39,39.03198,-75.029,7.3,-153.0,511.0,OPPORTUNE,,WDD9868,30.0,,16.0,5.0,,,B
368051050,2019-05-08T14:55:56,38.9493,-75.11132,9.6,-72.2,337.0,,,,,0.0,,,,,B
367459570,2019-05-08T14:55:49,38.93217,-75.09033,9.4,-73.1,329.0,CORAL COAST,IMO7205087,WDF5120,31.0,0.0,34.0,9.0,3.9,52.0,B
338019392,2019-05-08T14:55:58,39.41394,-75.50052,6.5,139.6,511.0,NORTHSTAR 10,,,90.0,0.0,15.0,6.0,2.0,90.0,B
369235000,2019-05-08T14:55:53,38.98913,-75.21631,0.0,37.2,143.0,OSG VISION,IMO9436537,WDF2493,31.0,0.0,46.0,15.0,6.5,57.0,B
367349860,2019-05-08T14:57:11,39.44553,-75.54835,9.5,-91.6,317.0,LINDA MORAN,IMO9398565,WDE4187,31.0,12.0,36.0,11.0,4.6,57.0,B
367490480,2019-05-08T14:56:07,38.95227,-75.01506,9.3,-73.8,511.0,EVA MARIE,IMO8969408,WDH3461,30.0,,26.0,7.0,,,B
538004030,2019-05-08T14:56:16,38.93116,-75.16244,0.0,-180.2,152.0,FRIO,IMO9596985,V7UU3,80.0,1.0,274.0,48.0,17.1,89.0,A
367539750,2019-05-08T14:56:22,39.02244,-75.0038,5.4,-169.4,511.0,ONNERED,,WDG4753,30.0,,18.0,6.0,,,B
338191464,2019-05-08T14:56:30,39.51861,-75.55208,5.8,182.1,511.0,DAY DREAMER,,,37.0,,,,,,B
367645750,2019-05-08T14:56:23,39.08114,-74.9678,2.1,3.1,511.0,EVENING STAR,IMO8853013,WDH7195,30.0,,24.0,7.0,,,B
366914210,2019-05-08T14:57:42,38.93102,-75.01821,11.9,-182.8,221.0,DELAWARE,IMO8990304,WYU8553,60.0,0.0,91.0,20.0,,,B
311073800,2019-05-08T14:56:35,38.9888,-75.21675,0.0,107.3,144.0,EURO,IMO9567702,C6AA5,84.0,1.0,274.0,48.0,-11.5,84.0,A
338233543,2019-05-08T14:56:37,39.13716,-74.91012,16.0,-74.6,511.0,R/V JAMES W. JOSEPH,IMO0000000,JOSEPH,37.0,,14.0,6.0,,,B
367120230,2019-05-08T14:57:50,38.98884,-75.21576,0.0,-58.7,511.0,SONIE,IMO9373723,WDD2812,31.0,0.0,24.0,9.0,4.0,52.0,B
338447000,2019-05-08T14:56:40,38.96905,-75.20002,0.0,48.5,156.0,OSG HORIZON,IMO9436549,WDF6180,31.0,0.0,46.0,15.0,6.5,57.0,B
367090580,2019-05-08T14:57:27,38.96798,-75.20157,1.8,151.8,511.0,BIG STONE 5,,WSE3119,60.0,0.0,15.0,4.0,,50.0,B
367470320,2019-05-08T14:57:06,39.01394,-75.03101,1.1,-54.2,511.0,CHARISMA,,WDF6070,30.0,,13.0,,,,B
369235000,2019-05-08T14:57:03,38.98912,-75.21636,0.0,37.2,143.0,OSG VISION,IMO9436537,WDF2493,31.0,0.0,46.0,15.0,6.5,57.0,B
367459570,2019-05-08T14:56:58,38.93483,-75.092,9.6,-75.0,328.0,CORAL COAST,IMO7205087,WDF5120,31.0,0.0,34.0,9.0,3.9,52.0,B
338019392,2019-05-08T14:56:59,39.41256,-75.49899,6.4,139.4,511.0,NORTHSTAR 10,,,90.0,0.0,15.0,6.0,2.0,90.0,B
368051050,2019-05-08T14:57:06,38.95216,-75.11287,9.6,-72.9,337.0,,,,,0.0,,,,,B
366907790,2019-05-08T14:58:15,38.98461,-74.98583,0.8,-85.8,511.0,ATLANTIC STAR,,WDB5271,60.0,0.0,23.0,7.0,,,B
367349860,2019-05-08T14:58:22,39.44791,-75.55113,9.5,-90.9,318.0,LINDA MORAN,IMO9398565,WDE4187,31.0,12.0,36.0,11.0,4.6,57.0,B
366914190,2019-05-08T14:58:21,38.78372,-75.11883,0.8,112.3,3.0,NEW JERSEY,IMO8643078,WYU8850,60.0,0.0,86.0,20.0,,,A
338019392,2019-05-08T14:58:27,39.41058,-75.4968,6.3,139.2,511.0,NORTHSTAR 10,,,90.0,0.0,15.0,6.0,2.0,90.0,B
538006702,2019-05-08T14:57:26,38.96882,-75.20053,0.0,34.6,157.0,NAMSEN,IMO9761528,V7QJ6,80.0,1.0,,,,,A
367127000,2019-05-08T14:57:31,39.08353,-75.18414,15.0,-80.2,325.0,HOUSTON,IMO8220761,KCDK,80.0,0.0,187.0,27.0,11.0,,B
367645750,2019-05-08T14:58:48,39.08401,-74.96904,3.8,-116.9,511.0,EVENING STAR,IMO8853013,WDH7195,30.0,,24.0,7.0,,,B
338191464,2019-05-08T14:58:00,39.51604,-75.55212,6.5,180.7,511.0,DAY DREAMER,,,37.0,,,,,,B
367539750,2019-05-08T14:57:52,39.02135,-75.00625,5.0,-168.3,511.0,ONNERED,,WDG4753,30.0,,18.0,6.0,,,B
367490480,2019-05-08T14:57:36,38.95575,-75.01723,9.1,-77.2,511.0,EVA MARIE,IMO8969408,WDH3461,30.0,,26.0,7.0,,,B
338447000,2019-05-08T14:57:41,38.96906,-75.20005,0.0,48.5,156.0,OSG HORIZON,IMO9436549,WDF6180,31.0,0.0,46.0,15.0,6.5,57.0,B
369222000,2019-05-08T14:57:38,39.05151,-75.16679,10.8,-72.3,337.0,LIBERTY PASSION,IMO9777888,WLPI,70.0,0.0,,,,,B
367127000,2019-05-08T14:58:48,39.08781,-75.1881,14.8,-86.0,323.0,HOUSTON,IMO8220761,KCDK,80.0,0.0,187.0,27.0,11.0,,B
367317410,2019-05-08T14:58:09,39.03133,-75.03278,7.4,-153.6,511.0,OPPORTUNE,,WDD9868,30.0,,16.0,5.0,,,B
369222000,2019-05-08T14:59:18,39.0564,-75.16935,11.6,-72.6,337.0,LIBERTY PASSION,IMO9777888,WLPI,70.0,0.0,,,,,B
240463000,2019-05-08T14:58:04,38.94402,-75.17443,0.0,193.0,154.0,BOUBOULINA,IMO9298753,SZIS,80.0,1.0,274.0,50.0,17.0,80.0,A
366914210,2019-05-08T14:59:32,38.92688,-75.02368,11.7,-181.9,223.0,DELAWARE,IMO8990304,WYU8553,60.0,0.0,91.0,20.0,,,B
367090580,2019-05-08T14:59:18,38.96778,-75.20144,0.4,-74.2,511.0,BIG STONE 5,,WSE3119,60.0,0.0,15.0,4.0,,50.0,B
369235000,2019-05-08T14:58:12,38.98913,-75.21631,0.0,37.2,144.0,OSG VISION,IMO9436537,WDF2493,31.0,0.0,46.0,15.0,6.5,57.0,B
366889080,2019-05-08T14:58:06,39.46487,-75.56163,11.0,-55.4,357.0,ADVENTURER,IMO7507411,WBN3015,31.0,0.0,41.0,11.0,5.2,32.0,B
367459570,2019-05-08T14:58:38,38.93883,-75.0945,10.0,-76.4,329.0,CORAL COAST,IMO7205087,WDF5120,31.0,0.0,34.0,9.0,3.9,52.0,B
366907790,2019-05-08T14:59:54,38.98415,-74.98613,6.6,147.0,511.0,ATLANTIC STAR,,WDB5271,60.0,0.0,23.0,7.0,,,B
368051050,2019-05-08T14:59:26,38.95797,-75.11601,9.6,-72.0,337.0,,,,,0.0,,,,,B
367120230,2019-05-08T14:59:50,38.98885,-75.21574,0.0,154.8,511.0,SONIE,IMO9373723,WDD2812,31.0,0.0,24.0,9.0,4.0,52.0,B
338447000,2019-05-08T14:58:42,38.96905,-75.20002,0.0,48.5,156.0,OSG HORIZON,IMO9436549,WDF6180,31.0,0.0,46.0,15.0,6.5,57.0,B
338191464,2019-05-08T15:00:00,39.5124,-75.55218,6.5,180.8,511.0,DAY DREAMER,,,37.0,,,,,,B
367539750,2019-05-08T14:58:53,39.02067,-75.00787,5.1,-167.9,511.0,ONNERED,,WDG4753,30.0,,18.0,6.0,,,B
367490480,2019-05-08T14:59:06,38.95928,-75.01927,9.7,-72.3,511.0,EVA MARIE,IMO8969408,WDH3461,30.0,,26.0,7.0,,,B
366889080,2019-05-08T14:59:07,39.46801,-75.56195,11.1,-53.8,358.0,ADVENTURER,IMO7507411,WBN3015,31.0,0.0,41.0,11.0,5.2,32.0,B
367349860,2019-05-08T14:59:31,39.45016,-75.55362,9.4,-88.2,322.0,LINDA MORAN,IMO9398565,WDE4187,31.0,12.0,36.0,11.0,4.6,57.0,B
538004030,2019-05-08T14:59:15,38.93119,-75.16241,0.1,57.5,151.0,FRIO,IMO9596985,V7UU3,80.0,1.0,274.0,48.0,17.1,89.0,A
338019392,2019-05-08T14:59:38,39.40903,-75.49505,6.2,138.9,511.0,NORTHSTAR 10,,,90.0,0.0,15.0,6.0,2.0,90.0,B
369235000,2019-05-08T14:59:21,38.98916,-75.2163,0.0,37.2,144.0,OSG VISION,IMO9436537,WDF2493,31.0,0.0,46.0,15.0,6.5,57.0,B
338447000,2019-05-08T14:59:52,38.96905,-75.20001,0.0,48.5,156.0,OSG HORIZON,IMO9436549,WDF6180,31.0,0.0,46.0,15.0,6.5,57.0,B
311073800,2019-05-08T14:59:34,38.98883,-75.21671,0.0,112.4,145.0,EURO,IMO9567702,C6AA5,84.0,1.0,274.0,48.0,-11.5,84.0,A
338233543,2019-05-08T14:59:37,39.1488,-74.91787,15.7,-79.4,511.0,R/V JAMES W. JOSEPH,IMO0000000,JOSEPH,37.0,,14.0,6.0,,,B
367490480,2019-05-08T15:00:06,38.96161,-75.02074,9.9,-68.3,511.0,EVA MARIE,IMO8969408,WDH3461,30.0,,26.0,7.0,,,B
367459570,2019-05-08T14:59:47,38.94167,-75.09633,9.6,-76.5,329.0,CORAL COAST,IMO7205087,WDF5120,31.0,0.0,34.0,9.0,3.9,52.0,B
367127000,2019-05-08T14:59:54,39.09149,-75.19156,15.0,-85.8,323.0,HOUSTON,IMO8220761,KCDK,80.0,0.0,187.0,27.0,11.0,,B
338191464,2019-05-08T15:00:00,39.5124,-75.55218,6.5,180.8,511.0,DAY DREAMER,,,37.0,,,,,,B
367317410,2019-05-08T14:59:39,39.03048,-75.03629,6.6,-162.0,511.0,OPPORTUNE,,WDD9868,30.0,,16.0,5.0,,,B
367120230,2019-05-08T15:00:01,38.98884,-75.21574,0.0,67.1,511.0,SONIE,IMO9373723,WDD2812,31.0,0.0,24.0,9.0,4.0,52.0,B
367127000,2019-05-08T15:00:01,39.09189,-75.19193,15.0,-85.7,323.0,HOUSTON,IMO8220761,KCDK,80.0,0.0,187.0,27.0,11.0,,B
366914210,2019-05-08T15:00:02,38.9258,-75.02517,11.8,-183.9,219.0,DELAWARE,IMO8990304,WYU8553,60.0,0.0,91.0,20.0,,,B
367349860,2019-05-08T15:00:02,39.45123,-75.55472,9.4,-87.2,325.0,LINDA MORAN,IMO9398565,WDE4187,31.0,12.0,36.0,11.0,4.6,57.0,B
368051050,2019-05-08T15:00:05,38.9596,-75.11685,9.7,-72.3,336.0,,,,,0.0,,,,,B
366889080,2019-05-08T15:00:06,39.47102,-75.56225,11.2,-54.4,357.0,ADVENTURER,IMO7507411,WBN3015,31.0,0.0,41.0,11.0,5.2,32.0,B
369222000,2019-05-08T15:00:07,39.05897,-75.17079,12.2,-73.8,335.0,LIBERTY PASSION,IMO9777888,WLPI,70.0,0.0,,,,,B
367459570,2019-05-08T15:00:08,38.9425,-75.09683,9.7,-77.1,329.0,CORAL COAST,IMO7205087,WDF5120,31.0,0.0,34.0,9.0,3.9,52.0,B
338233543,2019-05-08T15:00:07,39.15078,-74.91924,15.7,-79.1,511.0,R/V JAMES W. JOSEPH,IMO0000000,JOSEPH,37.0,,14.0,6.0,,,B
367317410,2019-05-08T15:00:08,39.03005,-75.0373,6.2,-174.7,511.0,OPPORTUNE,,WDD9868,30.0,,16.0,5.0,,,B
338019392,2019-05-08T15:00:08,39.40839,-75.49434,6.2,139.2,511.0,NORTHSTAR 10,,,90.0,0.0,15.0,6.0,2.0,90.0,B
367645750,2019-05-08T15:00:18,39.0842,-74.97118,4.1,-121.0,511.0,EVENING STAR,IMO8853013,WDH7195,30.0,,24.0,7.0,,,B
367090580,2019-05-08T15:00:18,38.96777,-75.20142,0.4,-89.5,511.0,BIG STONE 5,,WSE3119,60.0,0.0,15.0,4.0,,50.0,B
367539750,2019-05-08T15:00:23,39.01963,-75.01029,5.1,-167.3,511.0,ONNERED,,WDG4753,30.0,,18.0,6.0,,,B
366907790,2019-05-08T15:00:03,38.98392,-74.98591,7.1,139.4,511.0,ATLANTIC STAR,,WDB5271,60.0,0.0,23.0,7.0,,,B
538006702,2019-05-08T15:00:31,38.96883,-75.2005,0.0,34.6,158.0,NAMSEN,IMO9761528,V7QJ6,80.0,1.0,,,,,A
368051050,2019-05-08T15:01:06,38.96205,-75.11821,9.7,-72.7,337.0,,,,,0.0,,,,,B
366907790,2019-05-08T15:01:05,38.98228,-74.98423,7.7,139.2,511.0,ATLANTIC STAR,,WDB5271,60.0,0.0,23.0,7.0,,,B
338233543,2019-05-08T15:01:08,39.15464,-74.92185,15.5,-77.0,511.0,R/V JAMES W. JOSEPH,IMO0000000,JOSEPH,37.0,,14.0,6.0,,,B
367127000,2019-05-08T15:01:07,39.09556,-75.19533,15.1,-85.3,323.0,HOUSTON,IMO8220761,KCDK,80.0,0.0,187.0,27.0,11.0,,B
240463000,2019-05-08T15:01:04,38.94402,-75.17442,0.0,193.0,154.0,BOUBOULINA,IMO9298753,SZIS,80.0,1.0,274.0,50.0,17.0,80.0,A
366889080,2019-05-08T15:01:07,39.47426,-75.5626,11.3,-53.9,357.0,ADVENTURER,IMO7507411,WBN3015,31.0,0.0,41.0,11.0,5.2,32.0,B
367317410,2019-05-08T15:01:09,39.02864,-75.03827,5.7,199.6,511.0,OPPORTUNE,,WDD9868,30.0,,16.0,5.0,,,B
367349860,2019-05-08T15:01:13,39.45372,-75.55702,9.3,-83.9,337.0,LINDA MORAN,IMO9398565,WDE4187,31.0,12.0,36.0,11.0,4.6,57.0,B
367120230,2019-05-08T15:01:11,38.98886,-75.21573,0.0,-54.8,511.0,SONIE,IMO9373723,WDD2812,31.0,0.0,24.0,9.0,4.0,52.0,B
338447000,2019-05-08T15:00:11,38.96905,-75.20001,0.0,48.5,156.0,OSG HORIZON,IMO9436549,WDF6180,31.0,0.0,46.0,15.0,6.5,57.0,B
367459570,2019-05-08T15:01:17,38.94533,-75.09867,10.3,-77.0,329.0,CORAL COAST,IMO7205087,WDF5120,31.0,0.0,34.0,9.0,3.9,52.0,B
369222000,2019-05-08T15:01:18,39.06282,-75.17299,12.5,-73.8,336.0,LIBERTY PASSION,IMO9777888,WLPI,70.0,0.0,,,,,B
338019392,2019-05-08T15:01:18,39.40686,-75.49264,6.2,139.6,511.0,NORTHSTAR 10,,,90.0,0.0,15.0,6.0,2.0,90.0,B
367090580,2019-05-08T15:01:28,38.96772,-75.20143,0.4,-93.7,511.0,BIG STONE 5,,WSE3119,60.0,0.0,15.0,4.0,,50.0,B
369235000,2019-05-08T15:00:03,38.98916,-75.21624,0.0,37.2,144.0,OSG VISION,IMO9436537,WDF2493,31.0,0.0,46.0,15.0,6.5,57.0,B
338447000,2019-05-08T15:01:21,38.96904,-75.19999,0.0,48.5,157.0,OSG HORIZON,IMO9436549,WDF6180,31.0,0.0,46.0,15.0,6.5,57.0,B
369235000,2019-05-08T15:01:22,38.98914,-75.21622,0.0,37.2,145.0,OSG VISION,IMO9436537,WDF2493,31.0,0.0,46.0,15.0,6.5,57.0,B
338191464,2019-05-08T15:01:30,39.50977,-75.55215,6.4,176.9,511.0,DAY DREAMER,,,37.0,,,,,,B
367490480,2019-05-08T15:02:07,38.9667,-75.02259,9.1,-66.0,511.0,EVA MARIE,IMO8969408,WDH3461,30.0,,26.0,7.0,,,B
367645750,2019-05-08T15:01:48,39.08546,-74.97172,4.1,36.6,511.0,EVENING STAR,IMO8853013,WDH7195,30.0,,24.0,7.0,,,B
367539750,2019-05-08T15:01:52,39.01861,-75.01267,4.0,-170.1,511.0,ONNERED,,WDG4753,30.0,,18.0,6.0,,,B
538004030,2019-05-08T15:02:14,38.93122,-75.16236,0.0,34.3,152.0,FRIO,IMO9596985,V7UU3,80.0,1.0,274.0,48.0,17.1,89.0,A
366907790,2019-05-08T15:02:14,38.98015,-74.98187,9.5,136.4,511.0,ATLANTIC STAR,,WDB5271,60.0,0.0,23.0,7.0,,,A
366914210,2019-05-08T15:02:21,38.92067,-75.03237,11.7,-181.4,222.0,DELAWARE,IMO8990304,WYU8553,60.0,0.0,91.0,20.0,,,B
367349860,2019-05-08T15:02:23,39.45639,-75.55866,8.9,-67.6,346.0,LINDA MORAN,IMO9398565,WDE4187,31.0,12.0,36.0,11.0,4.6,57.0,B
367127000,2019-05-08T15:02:18,39.09964,-75.19917,15.2,-85.6,324.0,HOUSTON,IMO8220761,KCDK,80.0,0.0,187.0,27.0,11.0,,B
366889080,2019-05-08T15:02:27,39.47843,-75.56292,11.3,-52.8,358.0,ADVENTURER,IMO7507411,WBN3015,31.0,0.0,41.0,11.0,5.2,32.0,A
367120230,2019-05-08T15:02:22,38.98886,-75.2157,0.0,-110.8,511.0,SONIE,IMO9373723,WDD2812,31.0,0.0,24.0,9.0,4.0,52.0,B
338019392,2019-05-08T15:02:27,39.40537,-75.4909,6.1,136.9,511.0,NORTHSTAR 10,,,90.0,0.0,15.0,6.0,2.0,90.0,B
369222000,2019-05-08T15:02:28,39.06681,-75.17528,13.0,-74.1,335.0,LIBERTY PASSION,IMO9777888,WLPI,70.0,0.0,,,,,B
338191464,2019-05-08T15:02:31,39.50793,-75.55211,6.2,179.5,511.0,DAY DREAMER,,,37.0,,,,,,B
338447000,2019-05-08T15:02:31,38.96905,-75.19999,0.0,48.5,157.0,OSG HORIZON,IMO9436549,WDF6180,31.0,0.0,46.0,15.0,6.5,57.0,B
367459570,2019-05-08T15:02:27,38.9485,-75.10067,9.3,-75.3,328.0,CORAL COAST,IMO7205087,WDF5120,31.0,0.0,34.0,9.0,3.9,52.0,B
311073800,2019-05-08T15:02:36,38.98886,-75.21669,0.0,90.2,147.0,EURO,IMO9567702,C6AA5,84.0,1.0,274.0,48.0,-11.5,84.0,A
369235000,2019-05-08T15:02:43,38.98916,-75.21622,0.0,37.2,146.0,OSG VISION,IMO9436537,WDF2493,31.0,0.0,46.0,15.0,6.5,57.0,B
338233543,2019-05-08T15:02:37,39.16042,-74.92576,15.7,-79.4,511.0,R/V JAMES W. JOSEPH,IMO0000000,JOSEPH,37.0,,14.0,6.0,,,B
367317410,2019-05-08T15:02:38,39.02644,-75.03778,5.9,196.1,511.0,OPPORTUNE,,WDD9868,30.0,,16.0,5.0,,,B
367090580,2019-05-08T15:02:37,38.9676,-75.2014,0.3,169.8,511.0,BIG STONE 5,,WSE3119,60.0,0.0,15.0,4.0,,50.0,B
366914210,2019-05-08T15:01:13,38.9232,-75.02882,11.7,-182.2,223.0,DELAWARE,IMO8990304,WYU8553,60.0,0.0,91.0,20.0,,,B
367470320,2019-05-08T15:03:07,39.0158,-75.03104,1.0,-54.3,511.0,CHARISMA,,WDF6070,30.0,,13.0,,,,B
538006702,2019-05-08T15:03:30,38.96887,-75.20048,0.0,34.6,158.0,NAMSEN,IMO9761528,V7QJ6,80.0,1.0,,,,,A
367539750,2019-05-08T15:02:53,39.01816,-75.01374,3.1,-168.0,511.0,ONNERED,,WDG4753,30.0,,18.0,6.0,,,B
367459570,2019-05-08T15:03:35,38.95117,-75.1025,9.7,-82.7,323.0,CORAL COAST,IMO7205087,WDF5120,31.0,0.0,34.0,9.0,3.9,52.0,A
367317410,2019-05-08T15:03:39,39.02485,-75.03775,5.8,174.3,511.0,OPPORTUNE,,WDD9868,30.0,,16.0,5.0,,,B
366914210,2019-05-08T15:03:42,38.91773,-75.03658,11.9,-182.0,219.0,DELAWARE,IMO8990304,WYU8553,60.0,0.0,91.0,20.0,,,B
366889080,2019-05-08T15:03:28,39.48163,-75.56275,11.2,6.6,9.0,ADVENTURER,IMO7507411,WBN3015,31.0,0.0,41.0,11.0,5.2,32.0,B
367127000,2019-05-08T15:03:30,39.1038,-75.20288,15.2,-84.1,325.0,HOUSTON,IMO8220761,KCDK,80.0,0.0,187.0,27.0,11.0,,B
366907790,2019-05-08T15:03:25,38.97772,-74.97935,9.5,137.3,511.0,ATLANTIC STAR,,WDB5271,60.0,0.0,23.0,7.0,,,B
367120230,2019-05-08T15:03:30,38.98885,-75.21569,0.1,51.4,511.0,SONIE,IMO9373723,WDD2812,31.0,0.0,24.0,9.0,4.0,52.0,B
367349860,2019-05-08T15:03:32,39.45911,-75.55956,9.1,-59.7,350.0,LINDA MORAN,IMO9398565,WDE4187,31.0,12.0,36.0,11.0,4.6,57.0,B
368051050,2019-05-08T15:03:26,38.96787,-75.12137,9.6,-72.8,336.0,,,,,0.0,,,,,B
338019392,2019-05-08T15:03:38,39.40395,-75.48914,6.1,136.4,511.0,NORTHSTAR 10,,,90.0,0.0,15.0,6.0,2.0,90.0,B
367490480,2019-05-08T15:03:36,38.9706,-75.02329,9.3,-56.0,511.0,EVA MARIE,IMO8969408,WDH3461,30.0,,26.0,7.0,,,B
367645750,2019-05-08T15:03:49,39.08561,-74.97093,0.7,-51.4,511.0,EVENING STAR,IMO8853013,WDH7195,30.0,,24.0,7.0,,,B
369235000,2019-05-08T15:03:52,38.98918,-75.2162,0.0,37.2,146.0,OSG VISION,IMO9436537,WDF2493,31.0,0.0,46.0,15.0,6.5,57.0,B
367090580,2019-05-08T15:03:48,38.96774,-75.20161,0.9,-94.3,511.0,BIG STONE 5,,WSE3119,60.0,0.0,15.0,4.0,,50.0,B
240463000,2019-05-08T15:04:04,38.94402,-75.17443,0.0,193.0,154.0,BOUBOULINA,IMO9298753,SZIS,80.0,1.0,274.0,50.0,17.0,80.0,A
367539750,2019-05-08T15:04:22,39.01754,-75.01524,3.2,-172.5,511.0,ONNERED,,WDG4753,30.0,,18.0,6.0,,,B
338233543,2019-05-08T15:04:09,39.16632,-74.92968,15.8,-75.9,511.0,R/V JAMES W. JOSEPH,IMO0000000,JOSEPH,37.0,,14.0,6.0,,,B
338447000,2019-05-08T15:03:32,38.96903,-75.19999,0.0,48.5,157.0,OSG HORIZON,IMO9436549,WDF6180,31.0,0.0,46.0,15.0,6.5,57.0,B
338191464,2019-05-08T15:04:00,39.50543,-75.55214,6.2,180.3,511.0,DAY DREAMER,,,37.0,,,,,,B
368051050,2019-05-08T15:02:16,38.965,-75.11979,9.7,-72.5,336.0,,,,,0.0,,,,,B
369222000,2019-05-08T15:03:38,39.07072,-75.17754,13.3,-73.8,335.0,LIBERTY PASSION,IMO9777888,WLPI,70.0,0.0,,,,,B
367127000,2019-05-08T15:04:36,39.10766,-75.20625,15.3,-83.9,325.0,HOUSTON,IMO8220761,KCDK,80.0,0.0,187.0,27.0,11.0,,B
369222000,2019-05-08T15:04:48,39.07484,-75.17996,13.6,-74.3,335.0,LIBERTY PASSION,IMO9777888,WLPI,70.0,0.0,,,,,B
366907790,2019-05-08T15:04:35,38.97511,-74.9767,10.4,144.9,511.0,ATLANTIC STAR,,WDB5271,60.0,0.0,23.0,7.0,,,B
338019392,2019-05-08T15:04:57,39.40232,-75.48714,6.1,136.5,511.0,NORTHSTAR 10,,,90.0,0.0,15.0,6.0,2.0,90.0,B
367459570,2019-05-08T15:04:37,38.95333,-75.10433,9.4,-82.7,322.0,CORAL COAST,IMO7205087,WDF5120,31.0,0.0,34.0,9.0,3.9,52.0,B
338447000,2019-05-08T15:04:42,38.96904,-75.19996,0.0,48.5,157.0,OSG HORIZON,IMO9436549,WDF6180,31.0,0.0,46.0,15.0,6.5,57.0,B
366889080,2019-05-08T15:04:46,39.48568,-75.56197,11.1,8.9,11.0,ADVENTURER,IMO7507411,WBN3015,31.0,0.0,41.0,11.0,5.2,32.0,A
367349860,2019-05-08T15:05:02,39.46299,-75.56041,9.5,-57.8,353.0,LINDA MORAN,IMO9398565,WDE4187,31.0,12.0,36.0,11.0,4.6,57.0,B
369235000,2019-05-08T15:05:13,38.98914,-75.21612,0.0,37.2,146.0,OSG VISION,IMO9436537,WDF2493,31.0,0.0,46.0,15.0,6.5,57.0,B
368051050,2019-05-08T15:04:45,38.97105,-75.12313,9.4,-72.8,337.0,,,,,0.0,,,,,B
367317410,2019-05-08T15:05:09,39.02239,-75.03785,6.0,165.0,511.0,OPPORTUNE,,WDD9868,30.0,,16.0,5.0,,,B
367090580,2019-05-08T15:05:27,38.96753,-75.2016,1.3,160.2,511.0,BIG STONE 5,,WSE3119,60.0,0.0,15.0,4.0,,50.0,B
367120230,2019-05-08T15:04:41,38.98884,-75.21569,0.0,170.2,511.0,SONIE,IMO9373723,WDD2812,31.0,0.0,24.0,9.0,4.0,52.0,B
367490480,2019-05-08T15:05:06,38.97453,-75.02366,9.7,-54.7,511.0,EVA MARIE,IMO8969408,WDH3461,30.0,,26.0,7.0,,,B
367645750,2019-05-08T15:05:18,39.08601,-74.97102,1.0,-63.1,511.0,EVENING STAR,IMO8853013,WDH7195,30.0,,24.0,7.0,,,B
311073800,2019-05-08T15:05:35,38.9889,-75.21666,0.1,155.9,148.0,EURO,IMO9567702,C6AA5,84.0,1.0,274.0,48.0,-11.5,84.0,A
538004030,2019-05-08T15:05:15,38.93124,-75.16227,0.1,78.2,152.0,FRIO,IMO9596985,V7UU3,80.0,1.0,274.0,48.0,17.1,89.0,A
369222000,2019-05-08T15:05:57,39.07898,-75.18237,13.9,-74.3,335.0,LIBERTY PASSION,IMO9777888,WLPI,70.0,0.0,,,,,B
338233543,2019-05-08T15:05:39,39.17213,-74.93366,15.7,-75.4,511.0,R/V JAMES W. JOSEPH,IMO0000000,JOSEPH,37.0,,14.0,6.0,,,B
366914210,2019-05-08T15:04:51,38.91516,-75.04003,11.4,-183.1,221.0,DELAWARE,IMO8990304,WYU8553,60.0,0.0,91.0,20.0,,,B
366914210,2019-05-08T15:06:12,38.91217,-75.04413,11.2,-185.0,215.0,DELAWARE,IMO8990304,WYU8553,60.0,0.0,91.0,20.0,,,B
366889080,2019-05-08T15:05:49,39.48883,-75.56125,11.1,10.5,12.0,ADVENTURER,IMO7507411,WBN3015,31.0,0.0,41.0,11.0,5.2,32.0,B
367120230,2019-05-08T15:05:42,38.98883,-75.21567,0.0,-145.1,511.0,SONIE,IMO9373723,WDD2812,31.0,0.0,24.0,9.0,4.0,52.0,B
338447000,2019-05-08T15:05:51,38.96907,-75.19999,0.0,48.5,157.0,OSG HORIZON,IMO9436549,WDF6180,31.0,0.0,46.0,15.0,6.5,57.0,B
367459570,2019-05-08T15:05:58,38.95617,-75.10717,9.2,-86.3,317.0,CORAL COAST,IMO7205087,WDF5120,31.0,0.0,34.0,9.0,3.9,52.0,B
338191464,2019-05-08T15:06:01,39.50177,-75.55204,6.2,179.8,511.0,DAY DREAMER,,,37.0,,,,,,B
366907790,2019-05-08T15:05:54,38.97213,-74.97358,10.4,140.0,511.0,ATLANTIC STAR,,WDB5271,60.0,0.0,23.0,7.0,,,B
367349860,2019-05-08T15:06:13,39.46611,-75.56096,9.7,-56.0,355.0,LINDA MORAN,IMO9398565,WDE4187,31.0,12.0,36.0,11.0,4.6,57.0,B
369235000,2019-05-08T15:06:22,38.98919,-75.21614,0.0,37.2,147.0,OSG VISION,IMO9436537,WDF2493,31.0,0.0,46.0,15.0,6.5,57.0,B
367539750,2019-05-08T15:06:22,39.01672,-75.01716,3.2,-174.6,511.0,ONNERED,,WDG4753,30.0,,18.0,6.0,,,B
367127000,2019-05-08T15:05:42,39.11156,-75.20961,15.3,-83.4,325.0,HOUSTON,IMO8220761,KCDK,80.0,0.0,187.0,27.0,11.0,,B
368051050,2019-05-08T15:05:55,38.97391,-75.12468,9.4,-73.4,336.0,,,,,0.0,,,,,B
367090580,2019-05-08T15:06:37,38.9678,-75.20161,5.7,34.0,511.0,BIG STONE 5,,WSE3119,60.0,0.0,15.0,4.0,,50.0,B
367317410,2019-05-08T15:06:38,39.02002,-75.03662,6.1,150.9,511.0,OPPORTUNE,,WDD9868,30.0,,16.0,5.0,,,B
369222000,2019-05-08T15:07:15,39.08361,-75.1851,13.7,-74.4,335.0,LIBERTY PASSION,IMO9777888,WLPI,70.0,0.0,,,,,A
367127000,2019-05-08T15:06:49,39.11551,-75.213,15.2,-83.5,325.0,HOUSTON,IMO8220761,KCDK,80.0,0.0,187.0,27.0,11.0,,B
538006702,2019-05-08T15:06:31,38.96889,-75.2005,0.0,34.6,159.0,NAMSEN,IMO9761528,V7QJ6,80.0,1.0,,,,,A
367120230,2019-05-08T15:06:51,38.98884,-75.21566,0.0,147.7,511.0,SONIE,IMO9373723,WDD2812,31.0,0.0,24.0,9.0,4.0,52.0,B
367490480,2019-05-08T15:07:06,38.97988,-75.02397,9.5,-55.8,511.0,EVA MARIE,IMO8969408,WDH3461,30.0,,26.0,7.0,,,B
366907790,2019-05-08T15:06:55,38.96978,-74.97125,10.4,139.7,511.0,ATLANTIC STAR,,WDB5271,60.0,0.0,23.0,7.0,,,B
338233543,2019-05-08T15:07:09,39.178,-74.93763,15.8,-81.1,511.0,R/V JAMES W. JOSEPH,IMO0000000,JOSEPH,37.0,,14.0,6.0,,,B
338019392,2019-05-08T15:06:08,39.40084,-75.48531,6.3,135.9,511.0,NORTHSTAR 10,,,90.0,0.0,15.0,6.0,2.0,90.0,B
240463000,2019-05-08T15:07:04,38.94402,-75.17447,0.0,193.0,154.0,BOUBOULINA,IMO9298753,SZIS,80.0,1.0,274.0,50.0,17.0,80.0,A
338019392,2019-05-08T15:07:18,39.39941,-75.48348,6.3,135.8,511.0,NORTHSTAR 10,,,90.0,0.0,15.0,6.0,2.0,90.0,B
368051050,2019-05-08T15:07:06,38.9768,-75.12626,9.5,-72.5,336.0,,,,,0.0,,,,,B
367459570,2019-05-08T15:07:08,38.95867,-75.1095,9.6,-88.1,317.0,CORAL COAST,IMO7205087,WDF5120,31.0,0.0,34.0,9.0,3.9,52.0,B
338447000,2019-05-08T15:07:02,38.96907,-75.19998,0.0,48.5,157.0,OSG HORIZON,IMO9436549,WDF6180,31.0,0.0,46.0,15.0,6.5,57.0,B
338312656,2019-05-08T15:07:05,39.44528,-75.56528,1.0,-122.2,511.0,SEA REGALIS,IMO0000000,,90.0,,8.0,2.0,,,B
367349860,2019-05-08T15:07:22,39.46924,-75.56145,9.9,-56.5,354.0,LINDA MORAN,IMO9398565,WDE4187,31.0,12.0,36.0,11.0,4.6,57.0,B
338447000,2019-05-08T15:08:12,38.96907,-75.19998,0.0,48.5,157.0,OSG HORIZON,IMO9436549,WDF6180,31.0,0.0,46.0,15.0,6.5,57.0,B
369235000,2019-05-08T15:07:53,38.98917,-75.21613,0.0,37.2,147.0,OSG VISION,IMO9436537,WDF2493,31.0,0.0,46.0,15.0,6.5,57.0,B
367090580,2019-05-08T15:07:48,38.96852,-75.20062,1.7,142.4,511.0,BIG STONE 5,,WSE3119,60.0,0.0,15.0,4.0,,50.0,B
338019392,2019-05-08T15:08:28,39.39795,-75.48164,6.3,136.2,511.0,NORTHSTAR 10,,,90.0,0.0,15.0,6.0,2.0,90.0,B
338191464,2019-05-08T15:08:01,39.49848,-75.55201,5.9,179.6,511.0,DAY DREAMER,,,37.0,,,,,,B
366907790,2019-05-08T15:08:05,38.96742,-74.96811,10.4,118.1,511.0,ATLANTIC STAR,,WDB5271,60.0,0.0,23.0,7.0,,,A
366889080,2019-05-08T15:08:06,39.49566,-75.55909,11.0,13.7,14.0,ADVENTURER,IMO7507411,WBN3015,31.0,0.0,41.0,11.0,5.2,32.0,B
311073800,2019-05-08T15:08:32,38.98888,-75.21662,0.0,182.5,148.0,EURO,IMO9567702,C6AA5,84.0,1.0,274.0,48.0,-11.5,84.0,A
538004030,2019-05-08T15:08:15,38.93127,-75.16219,0.0,93.1,154.0,FRIO,IMO9596985,V7UU3,80.0,1.0,274.0,48.0,17.1,89.0,A
367459570,2019-05-08T15:08:19,38.96133,-75.11217,10.2,-88.0,317.0,CORAL COAST,IMO7205087,WDF5120,31.0,0.0,34.0,9.0,3.9,52.0,B
368051050,2019-05-08T15:08:15,38.9796,-75.12787,9.7,-73.3,337.0,,,,,0.0,,,,,B
369222000,2019-05-08T15:08:57,39.08925,-75.1895,13.8,-83.9,325.0,LIBERTY PASSION,IMO9777888,WLPI,70.0,0.0,,,,,B
367120230,2019-05-08T15:08:12,38.98884,-75.21566,0.0,157.1,511.0,SONIE,IMO9373723,WDD2812,31.0,0.0,24.0,9.0,4.0,52.0,B
338233543,2019-05-08T15:08:38,39.18231,-74.94236,8.0,-92.9,511.0,R/V JAMES W. JOSEPH,IMO0000000,JOSEPH,37.0,,14.0,6.0,,,B
367539750,2019-05-08T15:08:52,39.01498,-75.01685,2.8,158.4,511.0,ONNERED,,WDG4753,30.0,,18.0,6.0,,,B
367349860,2019-05-08T15:08:32,39.4725,-75.56195,9.9,-56.7,354.0,LINDA MORAN,IMO9398565,WDE4187,31.0,12.0,36.0,11.0,4.6,57.0,B
367490480,2019-05-08T15:09:06,38.98501,-75.02457,9.2,-56.5,511.0,EVA MARIE,IMO8969408,WDH3461,30.0,,26.0,7.0,,,B
366889080,2019-05-08T15:07:05,39.49263,-75.56009,11.0,14.0,15.0,ADVENTURER,IMO7507411,WBN3015,31.0,0.0,41.0,11.0,5.2,32.0,B
366914210,2019-05-08T15:08:32,38.90638,-75.04993,11.5,-192.2,210.0,DELAWARE,IMO8990304,WYU8553,60.0,0.0,91.0,20.0,,,B
367317410,2019-05-08T15:07:39,39.01844,-75.03581,6.1,162.7,511.0,OPPORTUNE,,WDD9868,30.0,,16.0,5.0,,,B
338447000,2019-05-08T15:09:22,38.96907,-75.19996,0.0,48.5,157.0,OSG HORIZON,IMO9436549,WDF6180,31.0,0.0,46.0,15.0,6.5,57.0,B
367090580,2019-05-08T15:08:57,38.96805,-75.20061,8.5,145.9,511.0,BIG STONE 5,,WSE3119,60.0,0.0,15.0,4.0,,50.0,B
367349860,2019-05-08T15:09:42,39.47571,-75.5624,10.0,-56.3,355.0,LINDA MORAN,IMO9398565,WDE4187,31.0,12.0,36.0,11.0,4.6,57.0,B
369235000,2019-05-08T15:09:02,38.98917,-75.21615,0.0,37.2,147.0,OSG VISION,IMO9436537,WDF2493,31.0,0.0,46.0,15.0,6.5,57.0,B
367317410,2019-05-08T15:09:09,39.01596,-75.0353,6.2,189.2,511.0,OPPORTUNE,,WDD9868,30.0,,16.0,5.0,,,B
368051050,2019-05-08T15:09:16,38.98213,-75.12926,9.8,-73.6,336.0,,,,,0.0,,,,,B
366889080,2019-05-08T15:09:08,39.49874,-75.55807,11.1,15.3,16.0,ADVENTURER,IMO7507411,WBN3015,31.0,0.0,41.0,11.0,5.2,32.0,B
366914210,2019-05-08T15:07:22,38.90928,-75.04708,11.3,-190.7,213.0,DELAWARE,IMO8990304,WYU8553,60.0,0.0,91.0,20.0,,,B
367539750,2019-05-08T15:07:23,39.0161,-75.01731,2.7,166.9,511.0,ONNERED,,WDG4753,30.0,,18.0,6.0,,,B
366907790,2019-05-08T15:09:14,38.96706,-74.96411,9.6,91.1,511.0,ATLANTIC STAR,,WDB5271,60.0,0.0,23.0,7.0,,,B
367127000,2019-05-08T15:10:36,39.12864,-75.2246,15.1,-84.5,324.0,HOUSTON,IMO8220761,KCDK,80.0,0.0,187.0,27.0,11.0,,B
338191464,2019-05-08T15:09:30,39.49603,-75.55192,5.7,179.4,511.0,DAY DREAMER,,,37.0,,,,,,B
338019392,2019-05-08T15:09:29,39.39658,-75.4801,6.4,139.7,511.0,NORTHSTAR 10,,,90.0,0.0,15.0,6.0,2.0,90.0,B
369235000,2019-05-08T15:10:22,38.98916,-75.21614,0.0,37.2,147.0,OSG VISION,IMO9436537,WDF2493,31.0,0.0,46.0,15.0,6.5,57.0,B
367459570,2019-05-08T15:09:28,38.964,-75.11483,9.8,-87.7,317.0,CORAL COAST,IMO7205087,WDF5120,31.0,0.0,34.0,9.0,3.9,52.0,B
367539750,2019-05-08T15:10:22,39.01387,-75.01613,3.1,157.1,511.0,ONNERED,,WDG4753,30.0,,18.0,6.0,,,B
366914210,2019-05-08T15:09:42,38.90384,-75.05267,6.7,-182.9,215.0,DELAWARE,IMO8990304,WYU8553,60.0,0.0,91.0,20.0,,,B
367127000,2019-05-08T15:07:55,39.11942,-75.21638,15.2,-83.2,325.0,HOUSTON,IMO8220761,KCDK,80.0,0.0,187.0,27.0,11.0,,B
369222000,2019-05-08T15:10:46,39.09499,-75.19464,13.7,-84.8,324.0,LIBERTY PASSION,IMO9777888,WLPI,70.0,0.0,,,,,B
338233543,2019-05-08T15:10:08,39.18474,-74.94299,4.1,26.3,511.0,R/V JAMES W. JOSEPH,IMO0000000,JOSEPH,37.0,,14.0,6.0,,,B
240463000,2019-05-08T15:10:03,38.944,-75.1745,0.0,193.0,152.0,BOUBOULINA,IMO9298753,SZIS,80.0,1.0,274.0,50.0,17.0,80.0,A
366889080,2019-05-08T15:11:09,39.50472,-75.55586,11.0,15.6,16.0,ADVENTURER,IMO7507411,WBN3015,31.0,0.0,41.0,11.0,5.2,32.0,B
338447000,2019-05-08T15:10:32,38.96908,-75.19995,0.0,48.5,157.0,OSG HORIZON,IMO9436549,WDF6180,31.0,0.0,46.0,15.0,6.5,57.0,B
367349860,2019-05-08T15:10:43,39.47843,-75.56274,9.8,-52.8,0.0,LINDA MORAN,IMO9398565,WDE4187,31.0,12.0,36.0,11.0,4.6,57.0,B
367127000,2019-05-08T15:09:06,39.12347,-75.21995,15.1,-84.5,324.0,HOUSTON,IMO8220761,KCDK,80.0,0.0,187.0,27.0,11.0,,B
367645750,2019-05-08T15:10:48,39.0878,-74.97159,1.1,-59.9,511.0,EVENING STAR,IMO8853013,WDH7195,30.0,,24.0,7.0,,,B
367459570,2019-05-08T15:10:38,38.9665,-75.11733,10.4,-86.5,318.0,CORAL COAST,IMO7205087,WDF5120,31.0,0.0,34.0,9.0,3.9,52.0,B
338019392,2019-05-08T15:10:37,39.39503,-75.4784,6.3,139.2,511.0,NORTHSTAR 10,,,90.0,0.0,15.0,6.0,2.0,90.0,B
367090580,2019-05-08T15:11:37,38.95486,-75.18898,22.5,144.6,511.0,BIG STONE 5,,WSE3119,60.0,0.0,15.0,4.0,,50.0,B
367317410,2019-05-08T15:10:39,39.01339,-75.03571,6.2,179.1,511.0,OPPORTUNE,,WDD9868,30.0,,16.0,5.0,,,B
367490480,2019-05-08T15:11:36,38.99126,-75.02522,8.4,4.5,511.0,EVA MARIE,IMO8969408,WDH3461,30.0,,26.0,7.0,,,B
338191464,2019-05-08T15:11:00,39.49368,-75.55191,5.4,179.6,511.0,DAY DREAMER,,,37.0,,,,,,B
338019392,2019-05-08T15:11:57,39.39327,-75.4764,6.3,139.8,511.0,NORTHSTAR 10,,,90.0,0.0,15.0,6.0,2.0,90.0,B
538004030,2019-05-08T15:11:13,38.9313,-75.16217,0.0,-158.8,156.0,FRIO,IMO9596985,V7UU3,80.0,1.0,274.0,48.0,17.1,89.0,A
367120230,2019-05-08T15:11:01,38.98884,-75.21567,0.0,-111.1,511.0,SONIE,IMO9373723,WDD2812,31.0,0.0,24.0,9.0,4.0,52.0,B
369235000,2019-05-08T15:11:32,38.98916,-75.21614,0.0,37.2,148.0,OSG VISION,IMO9436537,WDF2493,31.0,0.0,46.0,15.0,6.5,57.0,B
367470320,2019-05-08T15:09:06,39.01763,-75.03132,1.0,-58.8,511.0,CHARISMA,,WDF6070,30.0,,13.0,,,,B
367120230,2019-05-08T15:09:52,38.98884,-75.21567,0.0,188.0,511.0,SONIE,IMO9373723,WDD2812,31.0,0.0,24.0,9.0,4.0,52.0,B
338233543,2019-05-08T15:11:38,39.18532,-74.94214,1.6,103.5,511.0,R/V JAMES W. JOSEPH,IMO0000000,JOSEPH,37.0,,14.0,6.0,,,B
311073800,2019-05-08T15:11:35,38.98887,-75.21665,0.0,186.5,149.0,EURO,IMO9567702,C6AA5,84.0,1.0,274.0,48.0,-11.5,84.0,A
367459570,2019-05-08T15:11:47,38.96917,-75.11983,10.0,-86.3,318.0,CORAL COAST,IMO7205087,WDF5120,31.0,0.0,34.0,9.0,3.9,52.0,B
338447000,2019-05-08T15:11:42,38.9691,-75.19994,0.0,48.5,157.0,OSG HORIZON,IMO9436549,WDF6180,31.0,0.0,46.0,15.0,6.5,57.0,B
368051050,2019-05-08T15:11:36,38.98811,-75.13265,10.0,-73.8,336.0,,,,,0.0,,,,,B
367349860,2019-05-08T15:11:52,39.4816,-75.56264,9.7,5.4,9.0,LINDA MORAN,IMO9398565,WDE4187,31.0,12.0,36.0,11.0,4.6,57.0,B
367127000,2019-05-08T15:11:43,39.13251,-75.22805,15.1,-84.6,324.0,HOUSTON,IMO8220761,KCDK,80.0,0.0,187.0,27.0,11.0,,B
369235000,2019-05-08T15:12:52,38.98919,-75.21617,0.0,37.2,148.0,OSG VISION,IMO9436537,WDF2493,31.0,0.0,46.0,15.0,6.5,57.0,B
367539750,2019-05-08T15:11:52,39.01278,-75.01537,2.8,159.1,511.0,ONNERED,,WDG4753,30.0,,18.0,6.0,,,B
538006702,2019-05-08T15:09:31,38.96888,-75.20046,0.0,34.6,159.0,NAMSEN,IMO9761528,V7QJ6,80.0,1.0,,,,,A
338447000,2019-05-08T15:12:51,38.96909,-75.19995,0.0,48.5,158.0,OSG HORIZON,IMO9436549,WDF6180,31.0,0.0,46.0,15.0,6.5,57.0,B
367317410,2019-05-08T15:12:09,39.01085,-75.03516,6.1,166.8,511.0,OPPORTUNE,,WDD9868,30.0,,16.0,5.0,,,B
367470320,2019-05-08T15:12:07,39.01852,-75.03156,1.1,-58.5,511.0,CHARISMA,,WDF6070,30.0,,13.0,,,,B
367120230,2019-05-08T15:12:12,38.98884,-75.21567,0.1,-164.9,511.0,SONIE,IMO9373723,WDD2812,31.0,0.0,24.0,9.0,4.0,52.0,B
538006702,2019-05-08T15:12:32,38.96893,-75.20048,0.0,34.6,159.0,NAMSEN,IMO9761528,V7QJ6,80.0,1.0,,,,,A
366889080,2019-05-08T15:12:27,39.50858,-75.55447,11.1,15.2,16.0,ADVENTURER,IMO7507411,WBN3015,31.0,0.0,41.0,11.0,5.2,32.0,B
367090580,2019-05-08T15:10:02,38.96281,-75.19654,22.7,143.1,511.0,BIG STONE 5,,WSE3119,60.0,0.0,15.0,4.0,,50.0,A
368051050,2019-05-08T15:12:45,38.9911,-75.13432,10.1,-72.6,336.0,,,,,0.0,,,,,B
367090580,2019-05-08T15:12:49,38.94893,-75.18311,22.4,141.2,511.0,BIG STONE 5,,WSE3119,60.0,0.0,15.0,4.0,,50.0,B
367127000,2019-05-08T15:12:49,39.13628,-75.23145,15.1,-84.5,324.0,HOUSTON,IMO8220761,KCDK,80.0,0.0,187.0,27.0,11.0,,B
367490480,2019-05-08T15:10:07,38.98752,-75.02474,9.3,-52.6,511.0,EVA MARIE,IMO8969408,WDH3461,30.0,,26.0,7.0,,,B
338191464,2019-05-08T15:13:01,39.49046,-75.55174,5.9,177.4,511.0,DAY DREAMER,,,37.0,,,,,,B
240463000,2019-05-08T15:13:06,38.94402,-75.17453,0.0,193.0,152.0,BOUBOULINA,IMO9298753,SZIS,80.0,1.0,274.0,50.0,17.0,80.0,A
367490480,2019-05-08T15:13:06,38.99306,-75.02378,4.8,130.5,511.0,EVA MARIE,IMO8969408,WDH3461,30.0,,26.0,7.0,,,B
367349860,2019-05-08T15:13:03,39.48461,-75.562,9.6,13.0,14.0,LINDA MORAN,IMO9398565,WDE4187,31.0,12.0,36.0,11.0,4.6,57.0,B
367120230,2019-05-08T15:13:21,38.98884,-75.21567,0.1,-195.3,511.0,SONIE,IMO9373723,WDD2812,31.0,0.0,24.0,9.0,4.0,52.0,B
367539750,2019-05-08T15:12:53,39.01231,-75.01506,1.2,137.8,511.0,ONNERED,,WDG4753,30.0,,18.0,6.0,,,B
366914210,2019-05-08T15:11:12,38.90181,-75.0552,9.6,-188.8,211.0,DELAWARE,IMO8990304,WYU8553,60.0,0.0,91.0,20.0,,,B
368051050,2019-05-08T15:10:26,38.98513,-75.13096,9.9,-72.8,337.0,,,,,0.0,,,,,B
338233543,2019-05-08T15:13:39,39.18514,-74.94065,2.2,102.5,511.0,R/V JAMES W. JOSEPH,IMO0000000,JOSEPH,37.0,,14.0,6.0,,,B
369222000,2019-05-08T15:12:10,39.09948,-75.19869,13.8,-84.6,324.0,LIBERTY PASSION,IMO9777888,WLPI,70.0,0.0,,,,,B
366914210,2019-05-08T15:12:22,38.89904,-75.05798,11.4,-192.0,211.0,DELAWARE,IMO8990304,WYU8553,60.0,0.0,91.0,20.0,,,B
367317410,2019-05-08T15:13:39,39.00838,-75.03418,6.2,165.8,511.0,OPPORTUNE,,WDD9868,30.0,,16.0,5.0,,,B
369222000,2019-05-08T15:13:54,39.10509,-75.20372,13.9,-84.7,324.0,LIBERTY PASSION,IMO9777888,WLPI,70.0,0.0,,,,,B
369235000,2019-05-08T15:14:03,38.98919,-75.21615,0.0,37.2,147.0,OSG VISION,IMO9436537,WDF2493,31.0,0.0,46.0,15.0,6.5,57.0,B
367349860,2019-05-08T15:14:13,39.48763,-75.56094,9.6,14.7,14.0,LINDA MORAN,IMO9398565,WDE4187,31.0,12.0,36.0,11.0,4.6,57.0,B
366914210,2019-05-08T15:13:31,38.89608,-75.06084,11.5,-192.7,211.0,DELAWARE,IMO8990304,WYU8553,60.0,0.0,91.0,20.0,,,B
366889080,2019-05-08T15:13:29,39.51165,-75.5534,11.0,15.1,16.0,ADVENTURER,IMO7507411,WBN3015,31.0,0.0,41.0,11.0,5.2,32.0,B
338019392,2019-05-08T15:13:09,39.39171,-75.47466,6.3,139.0,511.0,NORTHSTAR 10,,,90.0,0.0,15.0,6.0,2.0,90.0,B
367459570,2019-05-08T15:13:58,38.97433,-75.12433,10.4,-80.2,324.0,CORAL COAST,IMO7205087,WDF5120,31.0,0.0,34.0,9.0,3.9,52.0,B
338019392,2019-05-08T15:14:47,39.38956,-75.47221,6.3,138.6,511.0,NORTHSTAR 10,,,90.0,0.0,15.0,6.0,2.0,90.0,B
367090580,2019-05-08T15:14:19,38.94155,-75.17561,22.6,141.8,511.0,BIG STONE 5,,WSE3119,60.0,0.0,15.0,4.0,,50.0,B
367645750,2019-05-08T15:13:48,39.08884,-74.97194,1.1,-56.7,511.0,EVENING STAR,IMO8853013,WDH7195,30.0,,24.0,7.0,,,B
367127000,2019-05-08T15:13:54,39.1401,-75.23486,15.2,-84.4,324.0,HOUSTON,IMO8220761,KCDK,80.0,0.0,187.0,27.0,11.0,,B
368051050,2019-05-08T15:13:55,38.99405,-75.13593,10.1,-72.5,337.0,,,,,0.0,,,,,B
538004030,2019-05-08T15:14:14,38.9313,-75.1622,0.1,-177.4,156.0,FRIO,IMO9596985,V7UU3,80.0,1.0,274.0,48.0,17.1,89.0,A
338447000,2019-05-08T15:14:01,38.96907,-75.19995,0.0,48.5,158.0,OSG HORIZON,IMO9436549,WDF6180,31.0,0.0,46.0,15.0,6.5,57.0,B
366889080,2019-05-08T15:15:07,39.5165,-75.55161,11.0,16.4,17.0,ADVENTURER,IMO7507411,WBN3015,31.0,0.0,41.0,11.0,5.2,32.0,B
369235000,2019-05-08T15:15:12,38.98916,-75.21622,0.0,37.2,147.0,OSG VISION,IMO9436537,WDF2493,31.0,0.0,46.0,15.0,6.5,57.0,B
367539750,2019-05-08T15:14:22,39.0119,-75.01472,1.8,164.2,511.0,ONNERED,,WDG4753,30.0,,18.0,6.0,,,B
369222000,2019-05-08T15:15:17,39.10959,-75.20776,14.0,-84.8,324.0,LIBERTY PASSION,IMO9777888,WLPI,70.0,0.0,,,,,B
367490480,2019-05-08T15:14:36,38.99073,-75.02462,7.2,-188.9,511.0,EVA MARIE,IMO8969408,WDH3461,30.0,,26.0,7.0,,,B
311073800,2019-05-08T15:14:36,38.98889,-75.21667,0.0,200.5,149.0,EURO,IMO9567702,C6AA5,84.0,1.0,274.0,48.0,-11.5,84.0,A
366914210,2019-05-08T15:14:42,38.89303,-75.06383,12.0,-191.7,211.0,DELAWARE,IMO8990304,WYU8553,60.0,0.0,91.0,20.0,,,B
338191464,2019-05-08T15:14:31,39.48817,-75.5516,5.3,177.8,511.0,DAY DREAMER,,,37.0,,,,,,B
367127000,2019-05-08T15:15:01,39.14394,-75.23826,15.2,-84.5,324.0,HOUSTON,IMO8220761,KCDK,80.0,0.0,187.0,27.0,11.0,,B
368051050,2019-05-08T15:16:16,39.0001,-75.13924,9.9,-72.7,336.0,,,,,0.0,,,,,B
367317410,2019-05-08T15:15:09,39.00687,-75.03164,6.9,106.2,511.0,OPPORTUNE,,WDD9868,30.0,,16.0,5.0,,,B
367470320,2019-05-08T15:15:07,39.01937,-75.03178,0.9,-66.7,511.0,CHARISMA,,WDF6070,30.0,,13.0,,,,B
367349860,2019-05-08T15:15:52,39.49198,-75.55951,9.7,15.0,14.0,LINDA MORAN,IMO9398565,WDE4187,31.0,12.0,36.0,11.0,4.6,57.0,B
338447000,2019-05-08T15:15:10,38.96909,-75.19994,0.0,48.5,158.0,OSG HORIZON,IMO9436549,WDF6180,31.0,0.0,46.0,15.0,6.5,57.0,B
367127000,2019-05-08T15:16:24,39.14873,-75.24253,15.1,-84.4,324.0,HOUSTON,IMO8220761,KCDK,80.0,0.0,187.0,27.0,11.0,,B
338233543,2019-05-08T15:15:08,39.18518,-74.93946,2.6,62.8,511.0,R/V JAMES W. JOSEPH,IMO0000000,JOSEPH,37.0,,14.0,6.0,,,B
367090580,2019-05-08T15:16:25,38.93151,-75.16456,20.3,131.4,511.0,BIG STONE 5,,WSE3119,60.0,0.0,15.0,4.0,,50.0,B
367120230,2019-05-08T15:15:12,38.98884,-75.21568,0.1,-171.5,511.0,SONIE,IMO9373723,WDD2812,31.0,0.0,24.0,9.0,4.0,52.0,B
538006702,2019-05-08T15:15:32,38.96891,-75.20043,0.0,34.6,159.0,NAMSEN,IMO9761528,V7QJ6,80.0,1.0,,,,,A
367490480,2019-05-08T15:15:37,38.98967,-75.02697,8.0,-158.7,511.0,EVA MARIE,IMO8969408,WDH3461,30.0,,26.0,7.0,,,B
369235000,2019-05-08T15:17:02,38.98917,-75.21616,0.0,37.2,147.0,OSG VISION,IMO9436537,WDF2493,31.0,0.0,46.0,15.0,6.5,57.0,B
338019392,2019-05-08T15:15:59,39.38802,-75.47048,6.3,140.0,511.0,NORTHSTAR 10,,,90.0,0.0,15.0,6.0,2.0,90.0,B
367459570,2019-05-08T15:16:29,38.98083,-75.12867,10.4,-71.9,334.0,CORAL COAST,IMO7205087,WDF5120,31.0,0.0,34.0,9.0,3.9,52.0,B
240463000,2019-05-08T15:16:02,38.94405,-75.17452,0.0,193.0,152.0,BOUBOULINA,IMO9298753,SZIS,80.0,1.0,274.0,50.0,17.0,80.0,A
338191464,2019-05-08T15:16:03,39.48584,-75.5515,5.1,180.0,511.0,DAY DREAMER,,,37.0,,,,,,B
366889080,2019-05-08T15:16:08,39.51946,-75.55059,11.0,14.0,14.0,ADVENTURER,IMO7507411,WBN3015,31.0,0.0,41.0,11.0,5.2,32.0,B
367120230,2019-05-08T15:17:02,38.98883,-75.21569,0.0,-193.7,511.0,SONIE,IMO9373723,WDD2812,31.0,0.0,24.0,9.0,4.0,52.0,B
367539750,2019-05-08T15:16:52,39.01018,-75.01473,2.5,190.7,511.0,ONNERED,,WDG4753,30.0,,18.0,6.0,,,B
311073800,2019-05-08T15:17:34,38.98887,-75.21667,0.1,-199.1,148.0,EURO,IMO9567702,C6AA5,84.0,1.0,274.0,48.0,-11.5,84.0,A
338447000,2019-05-08T15:16:21,38.96909,-75.19991,0.0,48.5,158.0,OSG HORIZON,IMO9436549,WDF6180,31.0,0.0,46.0,15.0,6.5,57.0,B
367317410,2019-05-08T15:16:38,39.00641,-75.02787,7.3,98.7,511.0,OPPORTUNE,,WDD9868,30.0,,16.0,5.0,,,B
366914210,2019-05-08T15:15:51,38.88999,-75.06692,12.1,-191.8,210.0,DELAWARE,IMO8990304,WYU8553,60.0,0.0,91.0,20.0,,,B
338019392,2019-05-08T15:17:09,39.38645,-75.46882,6.3,140.6,511.0,NORTHSTAR 10,,,90.0,0.0,15.0,6.0,2.0,90.0,B
367349860,2019-05-08T15:17:03,39.49496,-75.55843,9.8,15.4,14.0,LINDA MORAN,IMO9398565,WDE4187,31.0,12.0,36.0,11.0,4.6,57.0,B
366914210,2019-05-08T15:17:02,38.8869,-75.06998,11.8,-189.8,214.0,DELAWARE,IMO8990304,WYU8553,60.0,0.0,91.0,20.0,,,B
367645750,2019-05-08T15:16:48,39.08985,-74.97234,1.2,-66.7,511.0,EVENING STAR,IMO8853013,WDH7195,30.0,,24.0,7.0,,,B
369222000,2019-05-08T15:18:24,39.11981,-75.21687,14.3,-83.9,325.0,LIBERTY PASSION,IMO9777888,WLPI,70.0,0.0,,,,,B
367090580,2019-05-08T15:18:38,38.93068,-75.16239,2.4,195.2,511.0,BIG STONE 5,,WSE3119,60.0,0.0,15.0,4.0,,50.0,B
338019392,2019-05-08T15:18:47,39.38427,-75.4664,6.4,139.4,511.0,NORTHSTAR 10,,,90.0,0.0,15.0,6.0,2.0,90.0,B
338447000,2019-05-08T15:18:51,38.96912,-75.19991,0.0,48.5,159.0,OSG HORIZON,IMO9436549,WDF6180,31.0,0.0,46.0,15.0,6.5,57.0,B
538004030,2019-05-08T15:17:16,38.93127,-75.16226,0.1,-185.0,156.0,FRIO,IMO9596985,V7UU3,80.0,1.0,274.0,48.0,17.1,89.0,A
369222000,2019-05-08T15:16:23,39.11325,-75.21104,14.0,-84.7,325.0,LIBERTY PASSION,IMO9777888,WLPI,70.0,0.0,,,,,B
367317410,2019-05-08T15:17:39,39.00638,-75.02557,6.7,64.3,511.0,OPPORTUNE,,WDD9868,30.0,,16.0,5.0,,,B
367459570,2019-05-08T15:17:38,38.984,-75.1305,11.3,-73.1,334.0,CORAL COAST,IMO7205087,WDF5120,31.0,0.0,34.0,9.0,3.9,52.0,B
367127000,2019-05-08T15:17:30,39.15259,-75.24596,15.1,-84.6,324.0,HOUSTON,IMO8220761,KCDK,80.0,0.0,187.0,27.0,11.0,,B
367120230,2019-05-08T15:19:02,38.98883,-75.21571,0.1,198.1,511.0,SONIE,IMO9373723,WDD2812,31.0,0.0,24.0,9.0,4.0,52.0,B
367490480,2019-05-08T15:17:07,38.99155,-75.03015,9.2,-65.1,511.0,EVA MARIE,IMO8969408,WDH3461,30.0,,26.0,7.0,,,B
338233543,2019-05-08T15:16:38,39.18508,-74.93835,2.3,139.7,511.0,R/V JAMES W. JOSEPH,IMO0000000,JOSEPH,37.0,,14.0,6.0,,,B
367470320,2019-05-08T15:18:07,39.0201,-75.032,0.8,-66.7,511.0,CHARISMA,,WDF6070,30.0,,13.0,,,,B
367539750,2019-05-08T15:18:22,39.00919,-75.01481,1.8,180.3,511.0,ONNERED,,WDG4753,30.0,,18.0,6.0,,,B
367459570,2019-05-08T15:19:29,38.98917,-75.13333,10.7,-72.7,334.0,CORAL COAST,IMO7205087,WDF5120,31.0,0.0,34.0,9.0,3.9,52.0,B
538006702,2019-05-08T15:18:33,38.96891,-75.20043,0.0,34.6,160.0,NAMSEN,IMO9761528,V7QJ6,80.0,1.0,,,,,A
367127000,2019-05-08T15:18:37,39.15635,-75.24934,15.1,-84.6,324.0,HOUSTON,IMO8220761,KCDK,80.0,0.0,187.0,27.0,11.0,,B
366914210,2019-05-08T15:18:11,38.88398,-75.07308,11.8,-190.0,212.0,DELAWARE,IMO8990304,WYU8553,60.0,0.0,91.0,20.0,,,B
338191464,2019-05-08T15:18:31,39.48228,-75.55144,5.1,178.2,511.0,DAY DREAMER,,,37.0,,,,,,B
369235000,2019-05-08T15:18:23,38.98916,-75.21619,0.0,37.2,147.0,OSG VISION,IMO9436537,WDF2493,31.0,0.0,46.0,15.0,6.5,57.0,B
338312656,2019-05-08T15:19:05,39.44617,-75.56946,1.0,-128.4,511.0,SEA REGALIS,IMO0000000,,90.0,,8.0,2.0,,,B
367317410,2019-05-08T15:19:08,39.00714,-75.02276,5.9,155.1,511.0,OPPORTUNE,,WDD9868,30.0,,16.0,5.0,,,B
338233543,2019-05-08T15:18:41,39.18395,-74.93756,2.2,151.4,511.0,R/V JAMES W. JOSEPH,IMO0000000,JOSEPH,37.0,,14.0,6.0,,,B
367490480,2019-05-08T15:19:07,38.99672,-75.03145,9.3,-61.7,511.0,EVA MARIE,IMO8969408,WDH3461,30.0,,26.0,7.0,,,B
368051050,2019-05-08T15:17:25,39.00301,-75.14076,9.7,-71.6,336.0,,,,,0.0,,,,,B
367349860,2019-05-08T15:18:52,39.49984,-75.5567,9.9,15.6,12.0,LINDA MORAN,IMO9398565,WDE4187,31.0,12.0,36.0,11.0,4.6,57.0,B
367539750,2019-05-08T15:19:23,39.00887,-75.01482,0.9,177.5,511.0,ONNERED,,WDG4753,30.0,,18.0,6.0,,,B
338191464,2019-05-08T15:17:30,39.48372,-75.55145,5.3,179.3,511.0,DAY DREAMER,,,37.0,,,,,,B
366914210,2019-05-08T15:20:31,38.87809,-75.07902,11.5,-192.5,211.0,DELAWARE,IMO8990304,WYU8553,60.0,0.0,91.0,20.0,,,B
240463000,2019-05-08T15:19:02,38.94408,-75.17448,0.0,193.0,152.0,BOUBOULINA,IMO9298753,SZIS,80.0,1.0,274.0,50.0,17.0,80.0,A
369235000,2019-05-08T15:19:32,38.98918,-75.21619,0.0,37.2,147.0,OSG VISION,IMO9436537,WDF2493,31.0,0.0,46.0,15.0,6.5,57.0,B
369222000,2019-05-08T15:19:30,39.12344,-75.22004,14.3,-83.9,326.0,LIBERTY PASSION,IMO9777888,WLPI,70.0,0.0,,,,,B
367090580,2019-05-08T15:21:08,38.93024,-75.16367,1.3,-127.8,511.0,BIG STONE 5,,WSE3119,60.0,0.0,15.0,4.0,,50.0,B
367127000,2019-05-08T15:19:43,39.1601,-75.25268,15.1,-84.8,324.0,HOUSTON,IMO8220761,KCDK,80.0,0.0,187.0,27.0,11.0,,B
368051050,2019-05-08T15:19:46,39.00884,-75.14387,9.7,-72.2,336.0,,,,,0.0,,,,,B
367349860,2019-05-08T15:20:02,39.50281,-75.5557,9.9,14.2,12.0,LINDA MORAN,IMO9398565,WDE4187,31.0,12.0,36.0,11.0,4.6,57.0,B
367120230,2019-05-08T15:21:41,38.98883,-75.21573,0.0,-180.8,511.0,SONIE,IMO9373723,WDD2812,31.0,0.0,24.0,9.0,4.0,52.0,B
338019392,2019-05-08T15:19:58,39.38267,-75.46467,6.4,138.9,511.0,NORTHSTAR 10,,,90.0,0.0,15.0,6.0,2.0,90.0,B
338191464,2019-05-08T15:20:00,39.48013,-75.5514,5.8,176.8,511.0,DAY DREAMER,,,37.0,,,,,,B
338447000,2019-05-08T15:20:01,38.96912,-75.19994,0.0,48.5,159.0,OSG HORIZON,IMO9436549,WDF6180,31.0,0.0,46.0,15.0,6.5,57.0,B
538004030,2019-05-08T15:20:16,38.93123,-75.16235,0.0,-199.7,155.0,FRIO,IMO9596985,V7UU3,80.0,1.0,274.0,48.0,17.1,89.0,A
367317410,2019-05-08T15:20:09,39.00552,-75.022,6.8,154.1,511.0,OPPORTUNE,,WDD9868,30.0,,16.0,5.0,,,B
369235000,2019-05-08T15:22:11,38.98915,-75.21621,0.0,37.2,147.0,OSG VISION,IMO9436537,WDF2493,31.0,0.0,46.0,15.0,6.5,57.0,B
367127000,2019-05-08T15:20:49,39.16398,-75.25612,15.0,-85.1,324.0,HOUSTON,IMO8220761,KCDK,80.0,0.0,187.0,27.0,11.0,,B
368051050,2019-05-08T15:18:36,39.00593,-75.14233,9.7,-71.8,337.0,,,,,0.0,,,,,B
338233543,2019-05-08T15:20:08,39.18335,-74.93671,2.1,107.6,511.0,R/V JAMES W. JOSEPH,IMO0000000,JOSEPH,37.0,,14.0,6.0,,,B
366914190,2019-05-08T15:22:35,38.78575,-75.11766,7.6,23.6,25.0,NEW JERSEY,IMO8643078,WYU8850,60.0,0.0,86.0,20.0,,,B
368051050,2019-05-08T15:20:55,39.01169,-75.14535,9.5,-71.9,337.0,,,,,0.0,,,,,B
338019392,2019-05-08T15:22:38,39.37906,-75.46065,6.3,140.1,511.0,NORTHSTAR 10,,,90.0,0.0,15.0,6.0,2.0,90.0,B
338233543,2019-05-08T15:21:10,39.18341,-74.93584,2.5,79.6,511.0,R/V JAMES W. JOSEPH,IMO0000000,JOSEPH,37.0,,14.0,6.0,,,B
366914210,2019-05-08T15:22:52,38.87219,-75.08506,11.5,-190.9,212.0,DELAWARE,IMO8990304,WYU8553,60.0,0.0,91.0,20.0,,,B
367349860,2019-05-08T15:21:12,39.50602,-75.55464,9.9,13.8,13.0,LINDA MORAN,IMO9398565,WDE4187,31.0,12.0,36.0,11.0,4.6,57.0,B
311073800,2019-05-08T15:20:35,38.98883,-75.21668,0.0,-178.3,148.0,EURO,IMO9567702,C6AA5,84.0,1.0,274.0,48.0,-11.5,84.0,A
367490480,2019-05-08T15:20:36,39.0006,-75.03249,9.3,-61.3,511.0,EVA MARIE,IMO8969408,WDH3461,30.0,,26.0,7.0,,,B
367317410,2019-05-08T15:21:39,39.00286,-75.02185,7.2,-203.6,511.0,OPPORTUNE,,WDD9868,30.0,,16.0,5.0,,,B
538006702,2019-05-08T15:21:33,38.96893,-75.20046,0.0,34.6,160.0,NAMSEN,IMO9761528,V7QJ6,80.0,1.0,,,,,A
367127000,2019-05-08T15:21:55,39.16778,-75.25952,15.0,-84.8,324.0,HOUSTON,IMO8220761,KCDK,80.0,0.0,187.0,27.0,11.0,,B
367459570,2019-05-08T15:23:29,39.0005,-75.1395,10.6,-70.1,336.0,CORAL COAST,IMO7205087,WDF5120,31.0,0.0,34.0,9.0,3.9,52.0,B
368051050,2019-05-08T15:22:05,39.01458,-75.14688,9.4,-71.5,336.0,,,,,0.0,,,,,B
338191464,2019-05-08T15:21:30,39.47763,-75.55136,5.8,183.2,511.0,DAY DREAMER,,,37.0,,,,,,B
367539750,2019-05-08T15:21:41,39.00843,-75.01475,2.1,195.4,511.0,ONNERED,,WDG4753,30.0,,18.0,6.0,,,B
367645750,2019-05-08T15:22:49,39.09192,-74.97321,1.2,-68.7,511.0,EVENING STAR,IMO8853013,WDH7195,30.0,,24.0,7.0,,,B
240463000,2019-05-08T15:22:04,38.94407,-75.1745,0.0,193.0,152.0,BOUBOULINA,IMO9298753,SZIS,80.0,1.0,274.0,50.0,17.0,80.0,A
367490480,2019-05-08T15:22:06,39.0045,-75.03356,9.4,-60.9,511.0,EVA MARIE,IMO8969408,WDH3461,30.0,,26.0,7.0,,,B
367317410,2019-05-08T15:23:08,38.99986,-75.02241,7.5,177.9,511.0,OPPORTUNE,,WDD9868,30.0,,16.0,5.0,,,B
338191464,2019-05-08T15:23:00,39.47526,-75.55156,5.6,183.3,511.0,DAY DREAMER,,,37.0,,,,,,B
367120230,2019-05-08T15:22:50,38.98883,-75.21574,0.0,154.8,511.0,SONIE,IMO9373723,WDD2812,31.0,0.0,24.0,9.0,4.0,52.0,B
367539750,2019-05-08T15:23:07,39.00776,-75.01536,3.5,-94.9,511.0,ONNERED,,WDG4753,30.0,,18.0,6.0,,,B
538004030,2019-05-08T15:23:15,38.93121,-75.16242,0.0,-160.7,154.0,FRIO,IMO9596985,V7UU3,80.0,1.0,274.0,48.0,17.1,89.0,A
367349860,2019-05-08T15:22:22,39.50912,-75.55365,9.9,14.9,14.0,LINDA MORAN,IMO9398565,WDE4187,31.0,12.0,36.0,11.0,4.6,57.0,B
367349860,2019-05-08T15:23:31,39.51208,-75.55259,9.8,15.4,15.0,LINDA MORAN,IMO9398565,WDE4187,31.0,12.0,36.0,11.0,4.6,57.0,B
369222000,2019-05-08T15:21:41,39.13066,-75.22639,14.4,-84.2,325.0,LIBERTY PASSION,IMO9777888,WLPI,70.0,0.0,,,,,B
367490480,2019-05-08T15:23:36,39.00848,-75.0343,9.6,-57.5,511.0,EVA MARIE,IMO8969408,WDH3461,30.0,,26.0,7.0,,,B
368051050,2019-05-08T15:23:16,39.01746,-75.14838,9.5,-71.9,337.0,,,,,0.0,,,,,B
367459570,2019-05-08T15:20:38,38.99233,-75.13517,11.0,-73.6,334.0,CORAL COAST,IMO7205087,WDF5120,31.0,0.0,34.0,9.0,3.9,52.0,B
338447000,2019-05-08T15:21:02,38.9691,-75.19992,0.0,48.5,159.0,OSG HORIZON,IMO9436549,WDF6180,31.0,0.0,46.0,15.0,6.5,57.0,B
338447000,2019-05-08T15:22:11,38.96909,-75.1999,0.0,48.5,159.0,OSG HORIZON,IMO9436549,WDF6180,31.0,0.0,46.0,15.0,6.5,57.0,B
367090580,2019-05-08T15:22:18,38.92979,-75.16378,1.9,160.9,511.0,BIG STONE 5,,WSE3119,60.0,0.0,15.0,4.0,,50.0,B
338447000,2019-05-08T15:23:21,38.96908,-75.19991,0.0,48.5,159.0,OSG HORIZON,IMO9436549,WDF6180,31.0,0.0,46.0,15.0,6.5,57.0,B
311073800,2019-05-08T15:23:33,38.98884,-75.21672,0.0,-204.0,148.0,EURO,IMO9567702,C6AA5,84.0,1.0,274.0,48.0,-11.5,84.0,A
366914190,2019-05-08T15:23:38,38.78793,-75.11675,7.7,6.6,358.0,NEW JERSEY,IMO8643078,WYU8850,60.0,0.0,86.0,20.0,,,A
369222000,2019-05-08T15:23:41,39.13726,-75.23217,14.1,-83.9,326.0,LIBERTY PASSION,IMO9777888,WLPI,70.0,0.0,,,,,A
367127000,2019-05-08T15:23:43,39.1739,-75.2651,15.1,-84.7,324.0,HOUSTON,IMO8220761,KCDK,80.0,0.0,187.0,27.0,11.0,,B
367090580,2019-05-08T15:23:38,38.9296,-75.16382,0.3,-194.1,511.0,BIG STONE 5,,WSE3119,60.0,0.0,15.0,4.0,,50.0,B
338019392,2019-05-08T15:24:37,39.37638,-75.45775,6.3,139.6,511.0,NORTHSTAR 10,,,90.0,0.0,15.0,6.0,2.0,90.0,B
369235000,2019-05-08T15:24:32,38.98917,-75.21623,0.0,37.2,146.0,OSG VISION,IMO9436537,WDF2493,31.0,0.0,46.0,15.0,6.5,57.0,B
366914210,2019-05-08T15:24:52,38.86716,-75.08978,11.3,-197.6,202.0,DELAWARE,IMO8990304,WYU8553,60.0,0.0,91.0,20.0,,,B
367459570,2019-05-08T15:25:29,39.00617,-75.1425,10.9,-70.0,334.0,CORAL COAST,IMO7205087,WDF5120,31.0,0.0,34.0,9.0,3.9,52.0,B
369222000,2019-05-08T15:25:06,39.1419,-75.23628,14.2,-84.9,324.0,LIBERTY PASSION,IMO9777888,WLPI,70.0,0.0,,,,,B
367127000,2019-05-08T15:25:42,39.18083,-75.27123,15.3,-81.2,330.0,HOUSTON,IMO8220761,KCDK,80.0,0.0,187.0,27.0,11.0,,B
367645750,2019-05-08T15:23:51,39.09222,-74.97335,2.1,-51.7,511.0,EVENING STAR,IMO8853013,WDH7195,30.0,,24.0,7.0,,,B
367120230,2019-05-08T15:24:02,38.98883,-75.21573,0.1,105.6,511.0,SONIE,IMO9373723,WDD2812,31.0,0.0,24.0,9.0,4.0,52.0,B
338191464,2019-05-08T15:24:01,39.47365,-75.55169,5.6,184.0,511.0,DAY DREAMER,,,37.0,,,,,,B
338233543,2019-05-08T15:24:09,39.18307,-74.93544,0.3,-133.2,511.0,R/V JAMES W. JOSEPH,IMO0000000,JOSEPH,37.0,,14.0,6.0,,,B
368051050,2019-05-08T15:24:25,39.02028,-75.14985,9.4,-72.2,337.0,,,,,0.0,,,,,B
367470320,2019-05-08T15:24:07,39.02146,-75.03252,0.8,-64.9,511.0,CHARISMA,,WDF6070,30.0,,13.0,,,,B
338447000,2019-05-08T15:24:31,38.96907,-75.19992,0.0,48.5,159.0,OSG HORIZON,IMO9436549,WDF6180,31.0,0.0,46.0,15.0,6.5,57.0,B
367349860,2019-05-08T15:25:42,39.518,-75.55049,9.8,16.0,15.0,LINDA MORAN,IMO9398565,WDE4187,31.0,12.0,36.0,11.0,4.6,57.0,B
538006702,2019-05-08T15:24:31,38.96891,-75.20042,0.0,34.6,160.0,NAMSEN,IMO9761528,V7QJ6,80.0,1.0,,,,,A
367539750,2019-05-08T15:24:36,39.00883,-75.01608,2.7,-149.4,511.0,ONNERED,,WDG4753,30.0,,18.0,6.0,,,B
367090580,2019-05-08T15:24:48,38.92954,-75.16392,0.3,-155.3,511.0,BIG STONE 5,,WSE3119,60.0,0.0,15.0,4.0,,50.0,B
367317410,2019-05-08T15:24:09,38.99774,-75.02223,7.4,178.6,511.0,OPPORTUNE,,WDD9868,30.0,,16.0,5.0,,,B
338312656,2019-05-08T15:25:06,39.44615,-75.57167,1.2,-146.5,511.0,SEA REGALIS,IMO0000000,,90.0,,8.0,2.0,,,B
367645750,2019-05-08T15:25:16,39.09317,-74.97283,1.5,28.2,511.0,EVENING STAR,IMO8853013,WDH7195,30.0,,24.0,7.0,,,B
367490480,2019-05-08T15:25:36,39.01384,-75.03523,9.7,-56.2,511.0,EVA MARIE,IMO8969408,WDH3461,30.0,,26.0,7.0,,,B
366914190,2019-05-08T15:24:41,38.79012,-75.11724,7.9,-63.1,345.0,NEW JERSEY,IMO8643078,WYU8850,60.0,0.0,86.0,20.0,,,A
367317410,2019-05-08T15:25:39,38.99453,-75.02191,8.0,178.5,511.0,OPPORTUNE,,WDD9868,30.0,,16.0,5.0,,,B
338191464,2019-05-08T15:25:30,39.47145,-75.55197,5.2,186.0,511.0,DAY DREAMER,,,37.0,,,,,,B
367459570,2019-05-08T15:27:29,39.01167,-75.14533,10.6,-70.8,334.0,CORAL COAST,IMO7205087,WDF5120,31.0,0.0,34.0,9.0,3.9,52.0,B
368051050,2019-05-08T15:25:36,39.02315,-75.15137,9.4,-72.0,337.0,,,,,0.0,,,,,B
369235000,2019-05-08T15:25:41,38.98916,-75.21623,0.0,37.2,146.0,OSG VISION,IMO9436537,WDF2493,31.0,0.0,46.0,15.0,6.5,57.0,B
338447000,2019-05-08T15:25:42,38.96909,-75.19992,0.0,48.5,159.0,OSG HORIZON,IMO9436549,WDF6180,31.0,0.0,46.0,15.0,6.5,57.0,B
338019392,2019-05-08T15:25:59,39.37459,-75.45577,6.3,140.8,511.0,NORTHSTAR 10,,,90.0,0.0,15.0,6.0,2.0,90.0,B
367090580,2019-05-08T15:25:57,38.92958,-75.16402,1.0,128.2,511.0,BIG STONE 5,,WSE3119,60.0,0.0,15.0,4.0,,50.0,B
367539750,2019-05-08T15:26:06,39.00868,-75.01715,1.7,-181.0,511.0,ONNERED,,WDG4753,30.0,,18.0,6.0,,,B
338233543,2019-05-08T15:25:10,39.18311,-74.93563,0.7,-115.7,511.0,R/V JAMES W. JOSEPH,IMO0000000,JOSEPH,37.0,,14.0,6.0,,,B
367120230,2019-05-08T15:25:10,38.98883,-75.21575,0.0,-62.8,511.0,SONIE,IMO9373723,WDD2812,31.0,0.0,24.0,9.0,4.0,52.0,B
369222000,2019-05-08T15:26:12,39.14556,-75.23958,14.2,-85.0,324.0,LIBERTY PASSION,IMO9777888,WLPI,70.0,0.0,,,,,B
338447000,2019-05-08T15:28:22,38.96906,-75.19996,0.0,48.5,159.0,OSG HORIZON,IMO9436549,WDF6180,31.0,0.0,46.0,15.0,6.5,57.0,B
367120230,2019-05-08T15:26:21,38.98884,-75.21574,0.1,161.2,511.0,SONIE,IMO9373723,WDD2812,31.0,0.0,24.0,9.0,4.0,52.0,B
369235000,2019-05-08T15:28:32,38.98918,-75.2162,0.0,37.2,147.0,OSG VISION,IMO9436537,WDF2493,31.0,0.0,46.0,15.0,6.5,57.0,B
367645750,2019-05-08T15:26:46,39.09363,-74.97274,0.9,-59.7,511.0,EVENING STAR,IMO8853013,WDH7195,30.0,,24.0,7.0,,,B
366914190,2019-05-08T15:28:56,38.79975,-75.12058,10.1,-61.4,358.0,NEW JERSEY,IMO8643078,WYU8850,60.0,0.0,86.0,20.0,,,A
311073800,2019-05-08T15:26:35,38.98886,-75.21671,0.0,203.3,147.0,EURO,IMO9567702,C6AA5,84.0,1.0,274.0,48.0,-11.5,84.0,A
367127000,2019-05-08T15:26:48,39.18498,-75.2743,15.5,-78.6,333.0,HOUSTON,IMO8220761,KCDK,80.0,0.0,187.0,27.0,11.0,,B
369222000,2019-05-08T15:29:00,39.15464,-75.24781,14.0,-85.1,324.0,LIBERTY PASSION,IMO9777888,WLPI,70.0,0.0,,,,,B
366914190,2019-05-08T15:25:46,38.79246,-75.11793,8.2,-62.8,345.0,NEW JERSEY,IMO8643078,WYU8850,60.0,0.0,86.0,20.0,,,B
367127000,2019-05-08T15:29:00,39.19363,-75.27926,15.8,-71.2,339.0,HOUSTON,IMO8220761,KCDK,80.0,0.0,187.0,27.0,11.0,,B
338191464,2019-05-08T15:27:00,39.46927,-75.55172,5.2,176.7,511.0,DAY DREAMER,,,37.0,,,,,,B
366914210,2019-05-08T15:29:11,38.85495,-75.09721,11.2,203.8,197.0,DELAWARE,IMO8990304,WYU8553,60.0,0.0,91.0,20.0,,,B
368051050,2019-05-08T15:28:46,39.03108,-75.15551,9.8,-72.1,337.0,,,,,0.0,,,,,B
367317410,2019-05-08T15:27:09,38.99136,-75.02188,7.5,195.2,511.0,OPPORTUNE,,WDD9868,30.0,,16.0,5.0,,,B
367490480,2019-05-08T15:27:06,39.01791,-75.03571,9.7,2.4,511.0,EVA MARIE,IMO8969408,WDH3461,30.0,,26.0,7.0,,,B
367470320,2019-05-08T15:27:07,39.02208,-75.03269,0.7,-59.9,511.0,CHARISMA,,WDF6070,30.0,,13.0,,,,B
338019392,2019-05-08T15:27:09,39.37296,-75.45408,6.4,140.9,511.0,NORTHSTAR 10,,,90.0,0.0,15.0,6.0,2.0,90.0,B
366914210,2019-05-08T15:26:02,38.864,-75.09189,11.1,203.6,196.0,DELAWARE,IMO8990304,WYU8553,60.0,0.0,91.0,20.0,,,B
367120230,2019-05-08T15:29:41,38.98884,-75.21572,0.0,-148.0,511.0,SONIE,IMO9373723,WDD2812,31.0,0.0,24.0,9.0,4.0,52.0,B
538004030,2019-05-08T15:26:17,38.93121,-75.16246,0.0,-181.9,152.0,FRIO,IMO9596985,V7UU3,80.0,1.0,274.0,48.0,17.1,89.0,A
367090580,2019-05-08T15:27:18,38.92953,-75.16371,1.0,77.8,511.0,BIG STONE 5,,WSE3119,60.0,0.0,15.0,4.0,,50.0,B
338191464,2019-05-08T15:30:00,39.46491,-75.55116,5.3,175.6,511.0,DAY DREAMER,,,37.0,,,,,,B
366914190,2019-05-08T15:29:58,38.80237,-75.11946,10.3,45.2,56.0,NEW JERSEY,IMO8643078,WYU8850,60.0,0.0,86.0,20.0,,,A
338447000,2019-05-08T15:30:01,38.96906,-75.19994,0.0,48.5,159.0,OSG HORIZON,IMO9436549,WDF6180,31.0,0.0,46.0,15.0,6.5,57.0,B
538006702,2019-05-08T15:27:33,38.96888,-75.20045,0.0,34.6,160.0,NAMSEN,IMO9761528,V7QJ6,80.0,1.0,,,,,A
367539750,2019-05-08T15:27:36,39.00842,-75.01762,0.8,-187.8,511.0,ONNERED,,WDG4753,30.0,,18.0,6.0,,,B
240463000,2019-05-08T15:28:06,38.9441,-75.17445,0.0,193.0,151.0,BOUBOULINA,IMO9298753,SZIS,80.0,1.0,274.0,50.0,17.0,80.0,A
338019392,2019-05-08T15:28:19,39.37136,-75.4524,6.3,139.0,511.0,NORTHSTAR 10,,,90.0,0.0,15.0,6.0,2.0,90.0,B
338233543,2019-05-08T15:30:39,39.18214,-74.94022,6.1,-147.7,511.0,R/V JAMES W. JOSEPH,IMO0000000,JOSEPH,37.0,,14.0,6.0,,,B
338233543,2019-05-08T15:28:08,39.18335,-74.93623,0.8,-95.5,511.0,R/V JAMES W. JOSEPH,IMO0000000,JOSEPH,37.0,,14.0,6.0,,,B
369222000,2019-05-08T15:30:18,39.15888,-75.25167,14.1,-85.4,324.0,LIBERTY PASSION,IMO9777888,WLPI,70.0,0.0,,,,,B
368051050,2019-05-08T15:30:45,39.03618,-75.15815,9.9,-71.5,337.0,,,,,0.0,,,,,B
338312656,2019-05-08T15:28:05,39.44717,-75.57156,3.6,29.8,511.0,SEA REGALIS,IMO0000000,,90.0,,8.0,2.0,,,B
367490480,2019-05-08T15:28:36,39.02119,-75.0354,5.0,2.3,511.0,EVA MARIE,IMO8969408,WDH3461,30.0,,26.0,7.0,,,B
367090580,2019-05-08T15:28:48,38.92941,-75.16361,0.1,-162.1,511.0,BIG STONE 5,,WSE3119,60.0,0.0,15.0,4.0,,50.0,B
367459570,2019-05-08T15:31:09,39.02183,-75.1505,10.4,-73.8,332.0,CORAL COAST,IMO7205087,WDF5120,31.0,0.0,34.0,9.0,3.9,52.0,B
338191464,2019-05-08T15:31:30,39.46263,-75.55083,5.7,170.3,511.0,DAY DREAMER,,,37.0,,,,,,B
367317410,2019-05-08T15:28:39,38.98915,-75.02487,7.6,-178.8,511.0,OPPORTUNE,,WDD9868,30.0,,16.0,5.0,,,B
367127000,2019-05-08T15:31:42,39.20461,-75.28497,15.5,-72.4,337.0,HOUSTON,IMO8220761,KCDK,80.0,0.0,187.0,27.0,11.0,,B
367645750,2019-05-08T15:29:23,39.09409,-74.97309,2.2,193.4,511.0,EVENING STAR,IMO8853013,WDH7195,30.0,,24.0,7.0,,,B
311073800,2019-05-08T15:29:34,38.98888,-75.21671,0.0,203.3,148.0,EURO,IMO9567702,C6AA5,84.0,1.0,274.0,48.0,-11.5,84.0,A
369235000,2019-05-08T15:29:42,38.98918,-75.21619,0.0,37.2,147.0,OSG VISION,IMO9436537,WDF2493,31.0,0.0,46.0,15.0,6.5,57.0,B
367317410,2019-05-08T15:30:09,38.98701,-75.02795,7.5,-184.7,511.0,OPPORTUNE,,WDD9868,30.0,,16.0,5.0,,,B
367090580,2019-05-08T15:29:57,38.9294,-75.16379,0.8,-128.8,511.0,BIG STONE 5,,WSE3119,60.0,0.0,15.0,4.0,,50.0,B
367120230,2019-05-08T15:31:41,38.98885,-75.21573,0.1,70.8,511.0,SONIE,IMO9373723,WDD2812,31.0,0.0,24.0,9.0,4.0,52.0,B
367490480,2019-05-08T15:30:06,39.02357,-75.03434,4.3,56.4,511.0,EVA MARIE,IMO8969408,WDH3461,30.0,,26.0,7.0,,,B
338019392,2019-05-08T15:29:27,39.36982,-75.45068,6.3,138.6,511.0,NORTHSTAR 10,,,90.0,0.0,15.0,6.0,2.0,90.0,B
366914210,2019-05-08T15:30:22,38.85162,-75.09915,11.5,204.2,194.0,DELAWARE,IMO8990304,WYU8553,60.0,0.0,91.0,20.0,,,B
367470320,2019-05-08T15:30:07,39.02268,-75.03287,0.7,-67.7,511.0,CHARISMA,,WDF6070,30.0,,13.0,,,,B
538006702,2019-05-08T15:30:31,38.96888,-75.20044,0.0,34.6,160.0,NAMSEN,IMO9761528,V7QJ6,80.0,1.0,,,,,A
369235000,2019-05-08T15:30:53,38.98919,-75.2162,0.0,37.2,146.0,OSG VISION,IMO9436537,WDF2493,31.0,0.0,46.0,15.0,6.5,57.0,B
338019392,2019-05-08T15:32:27,39.36588,-75.44619,6.3,139.0,511.0,NORTHSTAR 10,,,90.0,0.0,15.0,6.0,2.0,90.0,B
369222000,2019-05-08T15:33:00,39.16775,-75.25981,14.0,-85.4,324.0,LIBERTY PASSION,IMO9777888,WLPI,70.0,0.0,,,,,B
367490480,2019-05-08T15:33:06,39.02315,-75.03291,0.4,-72.8,511.0,EVA MARIE,IMO8969408,WDH3461,30.0,,26.0,7.0,,,B
367459570,2019-05-08T15:28:38,39.015,-75.14683,11.3,-71.9,334.0,CORAL COAST,IMO7205087,WDF5120,31.0,0.0,34.0,9.0,3.9,52.0,B
367317410,2019-05-08T15:33:09,38.9812,-75.03018,7.3,199.5,511.0,OPPORTUNE,,WDD9868,30.0,,16.0,5.0,,,B
368051050,2019-05-08T15:33:06,39.04221,-75.16125,9.9,-71.3,336.0,,,,,0.0,,,,,B
338447000,2019-05-08T15:31:12,38.96907,-75.19997,0.0,48.5,158.0,OSG HORIZON,IMO9436549,WDF6180,31.0,0.0,46.0,15.0,6.5,57.0,B
367459570,2019-05-08T15:33:09,39.02717,-75.15367,11.1,-75.2,331.0,CORAL COAST,IMO7205087,WDF5120,31.0,0.0,34.0,9.0,3.9,52.0,B
367090580,2019-05-08T15:33:17,38.92948,-75.16326,0.4,51.0,511.0,BIG STONE 5,,WSE3119,60.0,0.0,15.0,4.0,,50.0,B
240463000,2019-05-08T15:31:05,38.94413,-75.17438,0.0,193.0,151.0,BOUBOULINA,IMO9298753,SZIS,80.0,1.0,274.0,50.0,17.0,80.0,A
366914210,2019-05-08T15:31:33,38.84819,-75.10117,11.5,203.9,196.0,DELAWARE,IMO8990304,WYU8553,60.0,0.0,91.0,20.0,,,B
338312656,2019-05-08T15:32:05,39.45217,-75.56791,5.5,44.3,511.0,SEA REGALIS,IMO0000000,,90.0,,8.0,2.0,,,B
338019392,2019-05-08T15:33:48,39.3641,-75.44421,6.3,139.2,511.0,NORTHSTAR 10,,,90.0,0.0,15.0,6.0,2.0,90.0,B
367090580,2019-05-08T15:34:27,38.92951,-75.16335,1.2,-113.3,511.0,BIG STONE 5,,WSE3119,60.0,0.0,15.0,4.0,,50.0,B
338233543,2019-05-08T15:32:08,39.18208,-74.94341,6.1,-144.3,511.0,R/V JAMES W. JOSEPH,IMO0000000,JOSEPH,37.0,,14.0,6.0,,,B
366914190,2019-05-08T15:32:15,38.80564,-75.11126,11.6,64.9,66.0,NEW JERSEY,IMO8643078,WYU8850,60.0,0.0,86.0,20.0,,,B
538004030,2019-05-08T15:32:14,38.9312,-75.16244,0.1,93.6,150.0,FRIO,IMO9596985,V7UU3,80.0,1.0,274.0,48.0,17.1,89.0,A
367645750,2019-05-08T15:32:18,39.09067,-74.97406,4.5,190.0,511.0,EVENING STAR,IMO8853013,WDH7195,30.0,,24.0,7.0,,,B
311073800,2019-05-08T15:32:33,38.98889,-75.21667,0.0,203.3,147.0,EURO,IMO9567702,C6AA5,84.0,1.0,274.0,48.0,-11.5,84.0,A
338447000,2019-05-08T15:32:22,38.96906,-75.19998,0.0,48.5,158.0,OSG HORIZON,IMO9436549,WDF6180,31.0,0.0,46.0,15.0,6.5,57.0,B
369222000,2019-05-08T15:34:24,39.17228,-75.26398,14.1,-85.4,325.0,LIBERTY PASSION,IMO9777888,WLPI,70.0,0.0,,,,,B
367127000,2019-05-08T15:32:48,39.20892,-75.28741,15.4,-73.4,337.0,HOUSTON,IMO8220761,KCDK,80.0,0.0,187.0,27.0,11.0,,B
366914210,2019-05-08T15:32:42,38.84475,-75.10318,11.5,-203.5,198.0,DELAWARE,IMO8990304,WYU8553,60.0,0.0,91.0,20.0,,,B
367470320,2019-05-08T15:33:07,39.02322,-75.03307,0.8,2.7,511.0,CHARISMA,,WDF6070,30.0,,13.0,,,,B
366914190,2019-05-08T15:33:24,38.80721,-75.10698,11.5,63.3,63.0,NEW JERSEY,IMO8643078,WYU8850,60.0,0.0,86.0,20.0,,,B
338191464,2019-05-08T15:32:32,39.46146,-75.5495,5.1,137.6,511.0,DAY DREAMER,,,37.0,,,,,,B
367645750,2019-05-08T15:30:48,39.09253,-74.97355,4.5,193.0,511.0,EVENING STAR,IMO8853013,WDH7195,30.0,,24.0,7.0,,,B
538006702,2019-05-08T15:33:35,38.96891,-75.20054,0.0,34.6,159.0,NAMSEN,IMO9761528,V7QJ6,80.0,1.0,,,,,A
240463000,2019-05-08T15:34:03,38.94417,-75.17428,0.0,193.0,153.0,BOUBOULINA,IMO9298753,SZIS,80.0,1.0,274.0,50.0,17.0,80.0,A
366914190,2019-05-08T15:31:05,38.80406,-75.11565,11.5,65.1,65.0,NEW JERSEY,IMO8643078,WYU8850,60.0,0.0,86.0,20.0,,,B
367539750,2019-05-08T15:34:06,39.00826,-75.01802,0.3,-128.0,511.0,ONNERED,,WDG4753,30.0,,18.0,6.0,,,B
367459570,2019-05-08T15:34:19,39.03033,-75.1555,10.4,-74.0,331.0,CORAL COAST,IMO7205087,WDF5120,31.0,0.0,34.0,9.0,3.9,52.0,B
369235000,2019-05-08T15:33:52,38.98918,-75.21615,0.0,37.2,146.0,OSG VISION,IMO9436537,WDF2493,31.0,0.0,46.0,15.0,6.5,57.0,B
338447000,2019-05-08T15:33:32,38.96903,-75.19998,0.0,48.5,158.0,OSG HORIZON,IMO9436549,WDF6180,31.0,0.0,46.0,15.0,6.5,57.0,B
368051050,2019-05-08T15:34:36,39.04604,-75.16318,9.9,-70.7,336.0,,,,,0.0,,,,,B
367120230,2019-05-08T15:34:41,38.98888,-75.21567,0.1,45.2,511.0,SONIE,IMO9373723,WDD2812,31.0,0.0,24.0,9.0,4.0,52.0,B
367490480,2019-05-08T15:34:36,39.02333,-75.03305,0.5,-82.7,511.0,EVA MARIE,IMO8969408,WDH3461,30.0,,26.0,7.0,,,B
338233543,2019-05-08T15:33:38,39.18189,-74.94674,6.3,-142.0,511.0,R/V JAMES W. JOSEPH,IMO0000000,JOSEPH,37.0,,14.0,6.0,,,B
366914210,2019-05-08T15:35:41,38.8362,-75.10774,11.4,200.3,195.0,DELAWARE,IMO8990304,WYU8553,60.0,0.0,91.0,20.0,,,B
367090580,2019-05-08T15:35:47,38.92948,-75.16359,1.2,-119.4,511.0,BIG STONE 5,,WSE3119,60.0,0.0,15.0,4.0,,50.0,B
367127000,2019-05-08T15:35:48,39.22073,-75.29397,15.3,-72.6,337.0,HOUSTON,IMO8220761,KCDK,80.0,0.0,187.0,27.0,11.0,,B
338019392,2019-05-08T15:35:48,39.36148,-75.44124,6.3,137.8,511.0,NORTHSTAR 10,,,90.0,0.0,15.0,6.0,2.0,90.0,B
367645750,2019-05-08T15:35:18,39.08693,-74.97478,4.5,188.1,511.0,EVENING STAR,IMO8853013,WDH7195,30.0,,24.0,7.0,,,B
369235000,2019-05-08T15:36:33,38.9892,-75.21614,0.0,37.2,147.0,OSG VISION,IMO9436537,WDF2493,31.0,0.0,46.0,15.0,6.5,57.0,B
368051050,2019-05-08T15:36:46,39.05161,-75.16599,9.9,-71.2,336.0,,,,,0.0,,,,,B
366914190,2019-05-08T15:34:34,38.80887,-75.10265,11.6,65.8,72.0,NEW JERSEY,IMO8643078,WYU8850,60.0,0.0,86.0,20.0,,,A
338312656,2019-05-08T15:34:35,39.45417,-75.56589,2.5,168.8,511.0,SEA REGALIS,IMO0000000,,90.0,,8.0,2.0,,,B
367317410,2019-05-08T15:34:39,38.98043,-75.03314,5.1,-172.8,511.0,OPPORTUNE,,WDD9868,30.0,,16.0,5.0,,,B
338447000,2019-05-08T15:34:41,38.96901,-75.2,0.0,48.5,157.0,OSG HORIZON,IMO9436549,WDF6180,31.0,0.0,46.0,15.0,6.5,57.0,B
366914210,2019-05-08T15:37:22,38.83111,-75.10987,11.4,194.4,192.0,DELAWARE,IMO8990304,WYU8553,60.0,0.0,91.0,20.0,,,B
369222000,2019-05-08T15:37:24,39.18242,-75.27244,14.2,-74.8,337.0,LIBERTY PASSION,IMO9777888,WLPI,70.0,0.0,,,,,B
538004030,2019-05-08T15:35:14,38.9312,-75.16238,0.1,120.7,150.0,FRIO,IMO9596985,V7UU3,80.0,1.0,274.0,48.0,17.1,89.0,A
338191464,2019-05-08T15:35:03,39.45864,-75.5468,5.8,151.0,511.0,DAY DREAMER,,,37.0,,,,,,B
366914190,2019-05-08T15:37:24,38.81196,-75.09215,11.3,67.7,77.0,NEW JERSEY,IMO8643078,WYU8850,60.0,0.0,86.0,20.0,,,B
367459570,2019-05-08T15:37:48,39.0395,-75.16067,10.5,-74.0,331.0,CORAL COAST,IMO7205087,WDF5120,31.0,0.0,34.0,9.0,3.9,52.0,B
338233543,2019-05-08T15:35:10,39.18163,-74.9501,6.2,-145.9,511.0,R/V JAMES W. JOSEPH,IMO0000000,JOSEPH,37.0,,14.0,6.0,,,B
338447000,2019-05-08T15:35:42,38.96905,-75.19999,0.0,48.5,157.0,OSG HORIZON,IMO9436549,WDF6180,31.0,0.0,46.0,15.0,6.5,57.0,B
367120230,2019-05-08T15:35:50,38.98886,-75.21565,0.1,76.1,511.0,SONIE,IMO9373723,WDD2812,31.0,0.0,24.0,9.0,4.0,52.0,B
368051050,2019-05-08T15:38:36,39.05634,-75.1684,9.9,-71.4,336.0,,,,,0.0,,,,,B
255805987,2019-05-08T15:38:45,39.51048,-75.55427,16.5,195.3,195.0,WIDUKIND,IMO9252735,CQIK7,70.0,0.0,220.0,32.0,12.2,71.0,A
367317410,2019-05-08T15:36:09,38.97884,-75.03299,5.6,-195.8,511.0,OPPORTUNE,,WDD9868,30.0,,16.0,5.0,,,B
338019392,2019-05-08T15:38:58,39.35743,-75.43655,6.2,137.8,511.0,NORTHSTAR 10,,,90.0,0.0,15.0,6.0,2.0,90.0,B
538006702,2019-05-08T15:36:29,38.9689,-75.20053,0.0,34.6,158.0,NAMSEN,IMO9761528,V7QJ6,80.0,1.0,,,,,A
367090580,2019-05-08T15:36:59,38.92932,-75.16322,0.6,141.8,511.0,BIG STONE 5,,WSE3119,60.0,0.0,15.0,4.0,,50.0,B
338233543,2019-05-08T15:36:38,39.18142,-74.95336,6.1,-145.4,511.0,R/V JAMES W. JOSEPH,IMO0000000,JOSEPH,37.0,,14.0,6.0,,,B
366914190,2019-05-08T15:38:41,38.8146,-75.0886,11.8,28.3,35.0,NEW JERSEY,IMO8643078,WYU8850,60.0,0.0,86.0,20.0,,,A
367470320,2019-05-08T15:36:07,39.02367,-75.03339,0.8,-83.8,511.0,CHARISMA,,WDF6070,30.0,,13.0,,,,B
367120230,2019-05-08T15:39:31,38.98887,-75.21559,0.1,111.9,511.0,SONIE,IMO9373723,WDD2812,31.0,0.0,24.0,9.0,4.0,52.0,B
367645750,2019-05-08T15:36:48,39.08505,-74.97509,4.6,187.9,511.0,EVENING STAR,IMO8853013,WDH7195,30.0,,24.0,7.0,,,B
367127000,2019-05-08T15:36:55,39.22506,-75.29632,15.3,-72.9,337.0,HOUSTON,IMO8220761,KCDK,80.0,0.0,187.0,27.0,11.0,,B
368051050,2019-05-08T15:39:46,39.05929,-75.16992,9.9,-70.9,337.0,,,,,0.0,,,,,B
338447000,2019-05-08T15:36:51,38.96906,-75.19998,0.0,48.5,157.0,OSG HORIZON,IMO9436549,WDF6180,31.0,0.0,46.0,15.0,6.5,57.0,B
338191464,2019-05-08T15:37:03,39.45604,-75.54395,6.1,144.0,511.0,DAY DREAMER,,,37.0,,,,,,B
367539750,2019-05-08T15:37:07,39.00838,-75.01837,0.2,-122.1,511.0,ONNERED,,WDG4753,30.0,,18.0,6.0,,,B
367090580,2019-05-08T15:39:47,38.92997,-75.1635,2.9,117.6,511.0,BIG STONE 5,,WSE3119,60.0,0.0,15.0,4.0,,50.0,B
367459570,2019-05-08T15:40:08,39.04583,-75.16417,10.2,-72.6,332.0,CORAL COAST,IMO7205087,WDF5120,31.0,0.0,34.0,9.0,3.9,52.0,B
338312656,2019-05-08T15:37:07,39.45238,-75.56445,3.1,155.2,511.0,SEA REGALIS,IMO0000000,,90.0,,8.0,2.0,,,B
240463000,2019-05-08T15:37:03,38.94417,-75.17428,0.0,193.0,155.0,BOUBOULINA,IMO9298753,SZIS,80.0,1.0,274.0,50.0,17.0,80.0,A
338019392,2019-05-08T15:40:18,39.35573,-75.43453,6.1,137.6,511.0,NORTHSTAR 10,,,90.0,0.0,15.0,6.0,2.0,90.0,B
367490480,2019-05-08T15:37:36,39.02387,-75.03348,0.9,-75.3,511.0,EVA MARIE,IMO8969408,WDH3461,30.0,,26.0,7.0,,,B
367317410,2019-05-08T15:37:39,38.97693,-75.03419,5.2,170.2,511.0,OPPORTUNE,,WDD9868,30.0,,16.0,5.0,,,B
369235000,2019-05-08T15:37:43,38.98922,-75.21611,0.0,37.2,147.0,OSG VISION,IMO9436537,WDF2493,31.0,0.0,46.0,15.0,6.5,57.0,B
367127000,2019-05-08T15:40:12,39.23615,-75.30652,14.9,-90.3,319.0,HOUSTON,IMO8220761,KCDK,80.0,0.0,187.0,27.0,11.0,,B
338447000,2019-05-08T15:40:52,38.9691,-75.20004,0.0,48.5,156.0,OSG HORIZON,IMO9436549,WDF6180,31.0,0.0,46.0,15.0,6.5,57.0,B
338233543,2019-05-08T15:37:39,39.18128,-74.95557,6.1,-143.9,511.0,R/V JAMES W. JOSEPH,IMO0000000,JOSEPH,37.0,,14.0,6.0,,,B
538004030,2019-05-08T15:38:16,38.93121,-75.16231,0.0,94.8,150.0,FRIO,IMO9596985,V7UU3,80.0,1.0,274.0,48.0,17.1,89.0,A
366914210,2019-05-08T15:38:32,38.8276,-75.11127,11.3,197.7,190.0,DELAWARE,IMO8990304,WYU8553,60.0,0.0,91.0,20.0,,,B
367645750,2019-05-08T15:40:48,39.07925,-74.97608,5.7,188.4,511.0,EVENING STAR,IMO8853013,WDH7195,30.0,,24.0,7.0,,,B
367317410,2019-05-08T15:41:09,38.97147,-75.0351,6.4,-194.1,511.0,OPPORTUNE,,WDD9868,30.0,,16.0,5.0,,,B
338447000,2019-05-08T15:37:52,38.96907,-75.20001,0.0,48.5,157.0,OSG HORIZON,IMO9436549,WDF6180,31.0,0.0,46.0,15.0,6.5,57.0,B
369222000,2019-05-08T15:38:30,39.18648,-75.27476,14.3,-73.8,338.0,LIBERTY PASSION,IMO9777888,WLPI,70.0,0.0,,,,,B
338312656,2019-05-08T15:38:35,39.45117,-75.56389,3.0,156.1,511.0,SEA REGALIS,IMO0000000,,90.0,,8.0,2.0,,,B
369235000,2019-05-08T15:41:43,38.98924,-75.216,0.0,37.2,148.0,OSG VISION,IMO9436537,WDF2493,31.0,0.0,46.0,15.0,6.5,57.0,B
338191464,2019-05-08T15:38:31,39.4541,-75.54191,6.1,145.8,511.0,DAY DREAMER,,,37.0,,,,,,B
367539750,2019-05-08T15:41:19,39.00814,-75.01881,3.2,189.5,511.0,ONNERED,,WDG4753,30.0,,18.0,6.0,,,B
338233543,2019-05-08T15:39:08,39.18108,-74.95934,9.7,-145.6,511.0,R/V JAMES W. JOSEPH,IMO0000000,JOSEPH,37.0,,14.0,6.0,,,B
338019392,2019-05-08T15:41:58,39.35366,-75.43207,6.1,136.9,511.0,NORTHSTAR 10,,,90.0,0.0,15.0,6.0,2.0,90.0,B
366914210,2019-05-08T15:41:41,38.81827,-75.11534,11.8,201.1,192.0,DELAWARE,IMO8990304,WYU8553,60.0,0.0,91.0,20.0,,,B
367470320,2019-05-08T15:39:07,39.02434,-75.03382,0.9,-74.6,511.0,CHARISMA,,WDF6070,30.0,,13.0,,,,B
311073800,2019-05-08T15:38:33,38.98891,-75.21658,0.0,95.9,148.0,EURO,IMO9567702,C6AA5,84.0,1.0,274.0,48.0,-11.5,84.0,A
369222000,2019-05-08T15:39:36,39.1906,-75.27709,14.6,-73.2,337.0,LIBERTY PASSION,IMO9777888,WLPI,70.0,0.0,,,,,B
338191464,2019-05-08T15:42:30,39.44878,-75.53635,6.2,141.3,511.0,DAY DREAMER,,,37.0,,,,,,B
538006702,2019-05-08T15:39:34,38.96891,-75.20056,0.0,34.6,158.0,NAMSEN,IMO9761528,V7QJ6,80.0,1.0,,,,,A
255805987,2019-05-08T15:39:51,39.5057,-75.55586,16.5,194.6,195.0,WIDUKIND,IMO9252735,CQIK7,70.0,0.0,220.0,32.0,12.2,71.0,A
367490480,2019-05-08T15:43:36,39.02528,-75.03446,1.0,-83.1,511.0,EVA MARIE,IMO8969408,WDH3461,30.0,,26.0,7.0,,,B
240463000,2019-05-08T15:40:05,38.94412,-75.17435,0.0,-203.6,156.0,BOUBOULINA,IMO9298753,SZIS,80.0,1.0,274.0,50.0,17.0,80.0,A
368051050,2019-05-08T15:42:16,39.0657,-75.17318,9.9,-71.0,337.0,,,,,0.0,,,,,B
366914190,2019-05-08T15:39:46,38.81781,-75.08639,12.3,31.3,40.0,NEW JERSEY,IMO8643078,WYU8850,60.0,0.0,86.0,20.0,,,B
367120230,2019-05-08T15:40:40,38.98888,-75.21558,0.1,200.8,511.0,SONIE,IMO9373723,WDD2812,31.0,0.0,24.0,9.0,4.0,52.0,B
338233543,2019-05-08T15:40:40,39.18065,-74.96703,15.6,-143.2,511.0,R/V JAMES W. JOSEPH,IMO0000000,JOSEPH,37.0,,14.0,6.0,,,B
367090580,2019-05-08T15:40:59,38.9299,-75.16303,1.5,120.3,511.0,BIG STONE 5,,WSE3119,60.0,0.0,15.0,4.0,,50.0,B
366914190,2019-05-08T15:40:56,38.82128,-75.08365,12.5,31.5,42.0,NEW JERSEY,IMO8643078,WYU8850,60.0,0.0,86.0,20.0,,,B
255805987,2019-05-08T15:40:56,39.50081,-75.55752,16.5,195.6,196.0,WIDUKIND,IMO9252735,CQIK7,70.0,0.0,220.0,32.0,12.2,71.0,A
538004030,2019-05-08T15:41:16,38.93123,-75.16222,0.1,100.2,151.0,FRIO,IMO9596985,V7UU3,80.0,1.0,274.0,48.0,17.1,89.0,A
366914210,2019-05-08T15:44:51,38.8081,-75.11901,12.3,192.6,185.0,DELAWARE,IMO8990304,WYU8553,60.0,0.0,91.0,20.0,,,B
367459570,2019-05-08T15:41:18,39.04883,-75.16583,10.2,-71.4,332.0,CORAL COAST,IMO7205087,WDF5120,31.0,0.0,34.0,9.0,3.9,52.0,B
369222000,2019-05-08T15:41:48,39.19888,-75.28191,14.6,-74.2,336.0,LIBERTY PASSION,IMO9777888,WLPI,70.0,0.0,,,,,B
367645750,2019-05-08T15:41:49,39.07764,-74.97635,5.8,186.9,511.0,EVENING STAR,IMO8853013,WDH7195,30.0,,24.0,7.0,,,B
366914190,2019-05-08T15:42:04,38.82471,-75.08092,12.7,29.1,40.0,NEW JERSEY,IMO8643078,WYU8850,60.0,0.0,86.0,20.0,,,B
367120230,2019-05-08T15:41:41,38.98887,-75.21553,0.1,79.8,511.0,SONIE,IMO9373723,WDD2812,31.0,0.0,24.0,9.0,4.0,52.0,B
367470320,2019-05-08T15:42:06,39.02502,-75.03434,0.9,-84.1,511.0,CHARISMA,,WDF6070,30.0,,13.0,,,,B
367127000,2019-05-08T15:41:18,39.2396,-75.31034,14.9,-90.6,318.0,HOUSTON,IMO8220761,KCDK,80.0,0.0,187.0,27.0,11.0,,B
368051050,2019-05-08T15:43:36,39.06911,-75.17495,9.8,-71.1,337.0,,,,,0.0,,,,,B
311073800,2019-05-08T15:41:34,38.98895,-75.21654,0.0,82.6,149.0,EURO,IMO9567702,C6AA5,84.0,1.0,274.0,48.0,-11.5,84.0,A
367090580,2019-05-08T15:42:08,38.93021,-75.16316,4.5,28.8,511.0,BIG STONE 5,,WSE3119,60.0,0.0,15.0,4.0,,50.0,B
338233543,2019-05-08T15:42:09,39.1802,-74.97521,15.5,-143.3,511.0,R/V JAMES W. JOSEPH,IMO0000000,JOSEPH,37.0,,14.0,6.0,,,B
369222000,2019-05-08T15:40:43,39.19472,-75.27949,14.5,-74.0,336.0,LIBERTY PASSION,IMO9777888,WLPI,70.0,0.0,,,,,B
538006702,2019-05-08T15:42:31,38.96892,-75.20052,0.0,34.6,157.0,NAMSEN,IMO9761528,V7QJ6,80.0,1.0,,,,,A
338447000,2019-05-08T15:42:01,38.96912,-75.20003,0.0,48.5,156.0,OSG HORIZON,IMO9436549,WDF6180,31.0,0.0,46.0,15.0,6.5,57.0,B
367090580,2019-05-08T15:45:43,38.93635,-75.17076,24.7,-101.4,511.0,BIG STONE 5,,WSE3119,60.0,0.0,15.0,4.0,,50.0,A
255805987,2019-05-08T15:42:03,39.49591,-75.55922,16.2,194.2,195.0,WIDUKIND,IMO9252735,CQIK7,70.0,0.0,220.0,32.0,12.2,71.0,A
369235000,2019-05-08T15:42:52,38.98923,-75.21602,0.0,37.2,149.0,OSG VISION,IMO9436537,WDF2493,31.0,0.0,46.0,15.0,6.5,57.0,B
367317410,2019-05-08T15:42:39,38.96948,-75.03342,6.5,138.3,511.0,OPPORTUNE,,WDD9868,30.0,,16.0,5.0,,,B
367459570,2019-05-08T15:43:38,39.05517,-75.16917,10.5,-73.4,332.0,CORAL COAST,IMO7205087,WDF5120,31.0,0.0,34.0,9.0,3.9,52.0,B
367120230,2019-05-08T15:43:01,38.98886,-75.21554,0.0,-170.5,511.0,SONIE,IMO9373723,WDD2812,31.0,0.0,24.0,9.0,4.0,52.0,B
338019392,2019-05-08T15:45:58,39.34871,-75.42627,5.9,139.4,511.0,NORTHSTAR 10,,,90.0,0.0,15.0,6.0,2.0,90.0,B
367127000,2019-05-08T15:42:19,39.24277,-75.31396,15.0,-91.2,319.0,HOUSTON,IMO8220761,KCDK,80.0,0.0,187.0,27.0,11.0,,B
367539750,2019-05-08T15:42:20,39.00717,-75.01917,4.3,199.8,511.0,ONNERED,,WDG4753,30.0,,18.0,6.0,,,B
240463000,2019-05-08T15:43:04,38.94403,-75.1744,0.1,-196.6,155.0,BOUBOULINA,IMO9298753,SZIS,80.0,1.0,274.0,50.0,17.0,80.0,A
255805987,2019-05-08T15:43:09,39.49122,-75.56087,16.1,195.0,195.0,WIDUKIND,IMO9252735,CQIK7,70.0,0.0,220.0,32.0,12.2,71.0,A
367645750,2019-05-08T15:43:18,39.07522,-74.97678,5.9,186.8,511.0,EVENING STAR,IMO8853013,WDH7195,30.0,,24.0,7.0,,,B
366914190,2019-05-08T15:43:25,38.82878,-75.07769,12.8,31.3,41.0,NEW JERSEY,IMO8643078,WYU8850,60.0,0.0,86.0,20.0,,,B
338191464,2019-05-08T15:43:31,39.44741,-75.53489,6.1,146.1,511.0,DAY DREAMER,,,37.0,,,,,,B
369222000,2019-05-08T15:42:54,39.20307,-75.2844,14.6,-74.8,336.0,LIBERTY PASSION,IMO9777888,WLPI,70.0,0.0,,,,,B
367539750,2019-05-08T15:43:50,39.00558,-75.01982,3.9,197.9,511.0,ONNERED,,WDG4753,30.0,,18.0,6.0,,,B
369222000,2019-05-08T15:43:59,39.20705,-75.28678,14.6,-74.8,336.0,LIBERTY PASSION,IMO9777888,WLPI,70.0,0.0,,,,,B
367317410,2019-05-08T15:45:09,38.97008,-75.02891,6.0,162.7,511.0,OPPORTUNE,,WDD9868,30.0,,16.0,5.0,,,B
338312656,2019-05-08T15:44:08,39.4475,-75.5607,2.6,152.9,511.0,SEA REGALIS,IMO0000000,,90.0,,8.0,2.0,,,B
367317410,2019-05-08T15:44:08,38.96981,-75.03092,7.6,48.0,511.0,OPPORTUNE,,WDD9868,30.0,,16.0,5.0,,,B
538004030,2019-05-08T15:44:14,38.93127,-75.1622,0.0,122.3,152.0,FRIO,IMO9596985,V7UU3,80.0,1.0,274.0,48.0,17.1,89.0,A
338233543,2019-05-08T15:45:08,39.1793,-74.99164,15.6,-144.3,511.0,R/V JAMES W. JOSEPH,IMO0000000,JOSEPH,37.0,,14.0,6.0,,,B
311073800,2019-05-08T15:44:33,38.98893,-75.21652,0.0,94.2,150.0,EURO,IMO9567702,C6AA5,84.0,1.0,274.0,48.0,-11.5,84.0,A
366914190,2019-05-08T15:45:45,38.83597,-75.07207,13.1,30.2,41.0,NEW JERSEY,IMO8643078,WYU8850,60.0,0.0,86.0,20.0,,,B
366914190,2019-05-08T15:44:35,38.8323,-75.07487,13.1,31.6,39.0,NEW JERSEY,IMO8643078,WYU8850,60.0,0.0,86.0,20.0,,,A
338191464,2019-05-08T15:45:01,39.44546,-75.53278,6.3,136.8,511.0,DAY DREAMER,,,37.0,,,,,,B
338447000,2019-05-08T15:45:22,38.96911,-75.20005,0.0,48.5,156.0,OSG HORIZON,IMO9436549,WDF6180,31.0,0.0,46.0,15.0,6.5,57.0,B
538006702,2019-05-08T15:45:33,38.96892,-75.20052,0.0,34.6,157.0,NAMSEN,IMO9761528,V7QJ6,80.0,1.0,,,,,A
367645750,2019-05-08T15:44:48,39.07275,-74.97719,5.9,187.0,511.0,EVENING STAR,IMO8853013,WDH7195,30.0,,24.0,7.0,,,B
367459570,2019-05-08T15:42:28,39.052,-75.1675,10.6,-73.2,332.0,CORAL COAST,IMO7205087,WDF5120,31.0,0.0,34.0,9.0,3.9,52.0,B
338233543,2019-05-08T15:43:38,39.17979,-74.98337,15.4,-142.8,511.0,R/V JAMES W. JOSEPH,IMO0000000,JOSEPH,37.0,,14.0,6.0,,,B
255805987,2019-05-08T15:44:15,39.48647,-75.5625,16.1,195.7,195.0,WIDUKIND,IMO9252735,CQIK7,70.0,0.0,220.0,32.0,12.2,71.0,A
367127000,2019-05-08T15:46:24,39.25567,-75.32854,15.1,-90.9,318.0,HOUSTON,IMO8220761,KCDK,80.0,0.0,187.0,27.0,11.0,,B
367539750,2019-05-08T15:45:20,39.00396,-75.0204,4.2,196.4,511.0,ONNERED,,WDG4753,30.0,,18.0,6.0,,,B
367120230,2019-05-08T15:46:32,38.98884,-75.21553,0.0,172.6,511.0,SONIE,IMO9373723,WDD2812,31.0,0.0,24.0,9.0,4.0,52.0,B
369235000,2019-05-08T15:46:53,38.98926,-75.21599,0.0,37.2,149.0,OSG VISION,IMO9436537,WDF2493,31.0,0.0,46.0,15.0,6.5,57.0,B
368051050,2019-05-08T15:46:56,39.07755,-75.17935,9.8,-70.9,337.0,,,,,0.0,,,,,B
367090580,2019-05-08T15:47:03,38.9428,-75.17925,25.0,-92.4,511.0,BIG STONE 5,,WSE3119,60.0,0.0,15.0,4.0,,50.0,B
338447000,2019-05-08T15:47:41,38.96914,-75.20004,0.0,48.5,155.0,OSG HORIZON,IMO9436549,WDF6180,31.0,0.0,46.0,15.0,6.5,57.0,B
367120230,2019-05-08T15:47:41,38.98886,-75.21552,0.1,92.4,511.0,SONIE,IMO9373723,WDD2812,31.0,0.0,24.0,9.0,4.0,52.0,B
369222000,2019-05-08T15:47:54,39.22171,-75.29555,14.6,-74.4,336.0,LIBERTY PASSION,IMO9777888,WLPI,70.0,0.0,,,,,B
255805987,2019-05-08T15:47:56,39.4704,-75.56262,16.0,174.3,174.0,WIDUKIND,IMO9252735,CQIK7,70.0,0.0,220.0,32.0,12.2,71.0,A
367459570,2019-05-08T15:47:58,39.0665,-75.1755,10.4,-73.9,331.0,CORAL COAST,IMO7205087,WDF5120,31.0,0.0,34.0,9.0,3.9,52.0,B
366914210,2019-05-08T15:48:22,38.79666,-75.11916,10.1,169.0,165.0,DELAWARE,IMO8990304,WYU8553,60.0,0.0,91.0,20.0,,,B
367090580,2019-05-08T15:48:29,38.95026,-75.18782,25.3,-91.2,511.0,BIG STONE 5,,WSE3119,60.0,0.0,15.0,4.0,,50.0,B
367127000,2019-05-08T15:49:12,39.26458,-75.33859,15.3,-90.8,318.0,HOUSTON,IMO8220761,KCDK,80.0,0.0,187.0,27.0,11.0,,B
369235000,2019-05-08T15:49:31,38.98924,-75.21599,0.0,37.2,149.0,OSG VISION,IMO9436537,WDF2493,31.0,0.0,46.0,15.0,6.5,57.0,B
338233543,2019-05-08T15:49:09,39.18053,-75.01306,15.7,-115.0,511.0,R/V JAMES W. JOSEPH,IMO0000000,JOSEPH,37.0,,14.0,6.0,,,B
369222000,2019-05-08T15:49:36,39.22811,-75.29934,14.7,-74.8,336.0,LIBERTY PASSION,IMO9777888,WLPI,70.0,0.0,,,,,B
240463000,2019-05-08T15:49:06,38.9439,-75.1746,0.0,203.0,152.0,BOUBOULINA,IMO9298753,SZIS,80.0,1.0,274.0,50.0,17.0,80.0,A
367459570,2019-05-08T15:49:48,39.07133,-75.17833,10.1,-72.5,332.0,CORAL COAST,IMO7205087,WDF5120,31.0,0.0,34.0,9.0,3.9,52.0,B
367090580,2019-05-08T15:49:53,38.95829,-75.19521,25.6,-81.1,511.0,BIG STONE 5,,WSE3119,60.0,0.0,15.0,4.0,,50.0,B
367645750,2019-05-08T15:46:19,39.07028,-74.97763,6.0,187.0,511.0,EVENING STAR,IMO8853013,WDH7195,30.0,,24.0,7.0,,,B
367317410,2019-05-08T15:46:39,38.96751,-75.02765,6.8,157.4,511.0,OPPORTUNE,,WDD9868,30.0,,16.0,5.0,,,B
338191464,2019-05-08T15:46:30,39.44351,-75.53064,6.2,138.3,511.0,DAY DREAMER,,,37.0,,,,,,B
366914190,2019-05-08T15:46:55,38.83963,-75.06914,13.2,31.3,41.0,NEW JERSEY,IMO8643078,WYU8850,60.0,0.0,86.0,20.0,,,B
338019392,2019-05-08T15:47:08,39.34727,-75.42468,5.8,139.0,511.0,NORTHSTAR 10,,,90.0,0.0,15.0,6.0,2.0,90.0,B
366914190,2019-05-08T15:50:44,38.84992,-75.05889,11.5,40.8,44.0,NEW JERSEY,IMO8643078,WYU8850,60.0,0.0,86.0,20.0,,,B
311073800,2019-05-08T15:47:35,38.98893,-75.2165,0.0,189.0,150.0,EURO,IMO9567702,C6AA5,84.0,1.0,274.0,48.0,-11.5,84.0,A
538004030,2019-05-08T15:47:13,38.9313,-75.16212,0.0,102.6,153.0,FRIO,IMO9596985,V7UU3,80.0,1.0,274.0,48.0,17.1,89.0,A
338312656,2019-05-08T15:47:37,39.44728,-75.56093,1.3,-126.1,511.0,SEA REGALIS,IMO0000000,,90.0,,8.0,2.0,,,B
255805987,2019-05-08T15:51:21,39.45536,-75.55916,16.0,155.4,149.0,WIDUKIND,IMO9252735,CQIK7,70.0,0.0,220.0,32.0,12.2,71.0,A
367127000,2019-05-08T15:51:18,39.27129,-75.34624,15.3,-91.5,317.0,HOUSTON,IMO8220761,KCDK,80.0,0.0,187.0,27.0,11.0,,B
368051050,2019-05-08T15:48:05,39.08046,-75.18083,9.8,-72.2,337.0,,,,,0.0,,,,,B
367090580,2019-05-08T15:51:43,38.96796,-75.20061,7.7,-62.5,511.0,BIG STONE 5,,WSE3119,60.0,0.0,15.0,4.0,,50.0,B
369222000,2019-05-08T15:51:36,39.23489,-75.30501,14.2,-90.4,317.0,LIBERTY PASSION,IMO9777888,WLPI,70.0,0.0,,,,,B
367470320,2019-05-08T15:48:07,39.02652,-75.03558,1.2,-87.3,511.0,CHARISMA,,WDF6070,30.0,,13.0,,,,B
367317410,2019-05-08T15:48:09,38.96496,-75.02615,6.7,154.9,511.0,OPPORTUNE,,WDD9868,30.0,,16.0,5.0,,,B
338191464,2019-05-08T15:48:01,39.44149,-75.52847,6.4,144.2,511.0,DAY DREAMER,,,37.0,,,,,,B
368051050,2019-05-08T15:51:45,39.08931,-75.18645,9.6,-81.1,325.0,,,,,0.0,,,,,B
338019392,2019-05-08T15:48:19,39.34587,-75.42307,5.7,138.1,511.0,NORTHSTAR 10,,,90.0,0.0,15.0,6.0,2.0,90.0,B
366914190,2019-05-08T15:52:04,38.85316,-75.05529,11.3,39.8,40.0,NEW JERSEY,IMO8643078,WYU8850,60.0,0.0,86.0,20.0,,,B
367645750,2019-05-08T15:48:18,39.06696,-74.97827,6.0,195.6,511.0,EVENING STAR,IMO8853013,WDH7195,30.0,,24.0,7.0,,,B
367539750,2019-05-08T15:47:19,39.00183,-75.02056,3.9,176.4,511.0,ONNERED,,WDG4753,30.0,,18.0,6.0,,,B
538006702,2019-05-08T15:48:31,38.96893,-75.20055,0.0,34.6,157.0,NAMSEN,IMO9761528,V7QJ6,80.0,1.0,,,,,A
367539750,2019-05-08T15:48:50,39.00023,-75.02045,3.9,176.0,511.0,ONNERED,,WDG4753,30.0,,18.0,6.0,,,B
338447000,2019-05-08T15:48:51,38.96915,-75.20004,0.0,48.5,155.0,OSG HORIZON,IMO9436549,WDF6180,31.0,0.0,46.0,15.0,6.5,57.0,B
367459570,2019-05-08T15:53:08,39.08017,-75.18317,10.3,-72.0,333.0,CORAL COAST,IMO7205087,WDF5120,31.0,0.0,34.0,9.0,3.9,52.0,B
338019392,2019-05-08T15:49:28,39.3445,-75.4215,5.8,139.4,511.0,NORTHSTAR 10,,,90.0,0.0,15.0,6.0,2.0,90.0,B
367090580,2019-05-08T15:53:11,38.96855,-75.20065,0.0,-190.2,511.0,BIG STONE 5,,WSE3119,60.0,0.0,15.0,4.0,,50.0,B
369222000,2019-05-08T15:53:12,39.23958,-75.31047,13.6,-92.0,319.0,LIBERTY PASSION,IMO9777888,WLPI,70.0,0.0,,,,,B
338191464,2019-05-08T15:49:32,39.43939,-75.52639,6.2,144.3,511.0,DAY DREAMER,,,37.0,,,,,,B
368051050,2019-05-08T15:53:45,39.09383,-75.19019,9.7,-82.8,325.0,,,,,0.0,,,,,B
366914210,2019-05-08T15:53:24,38.78435,-75.11732,5.2,-193.6,226.0,DELAWARE,IMO8990304,WYU8553,60.0,0.0,91.0,20.0,,,A
367127000,2019-05-08T15:53:18,39.27761,-75.3536,15.3,-92.4,317.0,HOUSTON,IMO8220761,KCDK,80.0,0.0,187.0,27.0,11.0,,B
367490480,2019-05-08T15:49:36,39.02683,-75.03576,1.2,-85.2,511.0,EVA MARIE,IMO8969408,WDH3461,30.0,,26.0,7.0,,,B
367645750,2019-05-08T15:49:48,39.06462,-74.9795,6.1,204.0,511.0,EVENING STAR,IMO8853013,WDH7195,30.0,,24.0,7.0,,,B
367317410,2019-05-08T15:49:39,38.96239,-75.02459,6.7,152.6,511.0,OPPORTUNE,,WDD9868,30.0,,16.0,5.0,,,B
538004030,2019-05-08T15:50:14,38.93128,-75.16205,0.0,120.0,154.0,FRIO,IMO9596985,V7UU3,80.0,1.0,274.0,48.0,17.1,89.0,A
369235000,2019-05-08T15:54:02,38.98926,-75.21601,0.0,37.2,149.0,OSG VISION,IMO9436537,WDF2493,31.0,0.0,46.0,15.0,6.5,57.0,B
367539750,2019-05-08T15:50:19,38.99862,-75.02036,3.9,175.1,511.0,ONNERED,,WDG4753,30.0,,18.0,6.0,,,B
338447000,2019-05-08T15:50:01,38.96913,-75.20006,0.0,48.5,155.0,OSG HORIZON,IMO9436549,WDF6180,31.0,0.0,46.0,15.0,6.5,57.0,B
338447000,2019-05-08T15:54:11,38.96911,-75.20006,0.0,48.5,155.0,OSG HORIZON,IMO9436549,WDF6180,31.0,0.0,46.0,15.0,6.5,57.0,B
311073800,2019-05-08T15:50:33,38.98896,-75.21649,0.0,197.5,150.0,EURO,IMO9567702,C6AA5,84.0,1.0,274.0,48.0,-11.5,84.0,A
338019392,2019-05-08T15:54:19,39.33843,-75.41488,6.0,136.5,511.0,NORTHSTAR 10,,,90.0,0.0,15.0,6.0,2.0,90.0,B
367120230,2019-05-08T15:48:50,38.98887,-75.21551,0.0,110.1,511.0,SONIE,IMO9373723,WDD2812,31.0,0.0,24.0,9.0,4.0,52.0,B
338191464,2019-05-08T15:51:00,39.43735,-75.52438,6.4,144.9,511.0,DAY DREAMER,,,37.0,,,,,,B
367090580,2019-05-08T15:54:49,38.96854,-75.20068,0.1,-153.4,511.0,BIG STONE 5,,WSE3119,60.0,0.0,15.0,4.0,,50.0,B
338233543,2019-05-08T15:50:39,39.18321,-75.02075,15.9,-115.2,511.0,R/V JAMES W. JOSEPH,IMO0000000,JOSEPH,37.0,,14.0,6.0,,,B
366914190,2019-05-08T15:54:54,38.86107,-75.04917,11.5,25.4,30.0,NEW JERSEY,IMO8643078,WYU8850,60.0,0.0,86.0,20.0,,,B
366914210,2019-05-08T15:54:34,38.78368,-75.11869,2.7,-158.0,264.0,DELAWARE,IMO8990304,WYU8553,60.0,0.0,91.0,20.0,,,A
369222000,2019-05-08T15:54:36,39.24355,-75.31496,13.0,-91.1,319.0,LIBERTY PASSION,IMO9777888,WLPI,70.0,0.0,,,,,B
367470320,2019-05-08T15:51:07,39.02736,-75.03629,1.1,-81.8,511.0,CHARISMA,,WDF6070,30.0,,13.0,,,,B
367317410,2019-05-08T15:51:09,38.95982,-75.02314,6.5,157.1,511.0,OPPORTUNE,,WDD9868,30.0,,16.0,5.0,,,B
367120230,2019-05-08T15:55:01,38.98886,-75.21548,0.2,-168.9,511.0,SONIE,IMO9373723,WDD2812,31.0,0.0,24.0,9.0,4.0,52.0,B
367120230,2019-05-08T15:53:01,38.98885,-75.21551,0.1,147.5,511.0,SONIE,IMO9373723,WDD2812,31.0,0.0,24.0,9.0,4.0,52.0,B
367645750,2019-05-08T15:51:18,39.06237,-74.98116,6.2,-200.6,511.0,EVENING STAR,IMO8853013,WDH7195,30.0,,24.0,7.0,,,B
538006702,2019-05-08T15:51:33,38.96899,-75.20057,0.0,34.6,157.0,NAMSEN,IMO9761528,V7QJ6,80.0,1.0,,,,,A
366914210,2019-05-08T15:49:31,38.79368,-75.11804,9.5,161.5,161.0,DELAWARE,IMO8990304,WYU8553,60.0,0.0,91.0,20.0,,,B
367127000,2019-05-08T15:55:30,39.28452,-75.3617,15.3,-92.5,317.0,HOUSTON,IMO8220761,KCDK,80.0,0.0,187.0,27.0,11.0,,B
368051050,2019-05-08T15:55:45,39.09837,-75.19397,9.7,-82.9,324.0,,,,,0.0,,,,,B
367645750,2019-05-08T15:55:18,39.05628,-74.98563,6.3,-199.5,511.0,EVENING STAR,IMO8853013,WDH7195,30.0,,24.0,7.0,,,B
338191464,2019-05-08T15:52:30,39.43527,-75.52228,6.4,139.4,511.0,DAY DREAMER,,,37.0,,,,,,B
338233543,2019-05-08T15:54:40,39.18954,-75.03018,8.7,155.0,511.0,R/V JAMES W. JOSEPH,IMO0000000,JOSEPH,37.0,,14.0,6.0,,,B
369222000,2019-05-08T15:56:22,39.24822,-75.3202,12.3,-91.1,318.0,LIBERTY PASSION,IMO9777888,WLPI,70.0,0.0,,,,,A
255805987,2019-05-08T15:52:27,39.45151,-75.55565,15.3,140.1,139.0,WIDUKIND,IMO9252735,CQIK7,70.0,0.0,220.0,32.0,12.2,71.0,A
369235000,2019-05-08T15:56:43,38.98924,-75.21593,0.0,37.2,149.0,OSG VISION,IMO9436537,WDF2493,31.0,0.0,46.0,15.0,6.5,57.0,B
367490480,2019-05-08T15:52:36,39.0277,-75.03647,1.2,-79.8,511.0,EVA MARIE,IMO8969408,WDH3461,30.0,,26.0,7.0,,,B
366914210,2019-05-08T15:57:11,38.78374,-75.11881,0.7,102.3,11.0,DELAWARE,IMO8990304,WYU8553,60.0,0.0,91.0,20.0,,,B
538004030,2019-05-08T15:53:16,38.93129,-75.16203,0.0,120.0,155.0,FRIO,IMO9596985,V7UU3,80.0,1.0,274.0,48.0,17.1,89.0,A
367090580,2019-05-08T15:57:09,38.96838,-75.20355,23.7,-154.6,511.0,BIG STONE 5,,WSE3119,60.0,0.0,15.0,4.0,,50.0,A
368051050,2019-05-08T15:57:05,39.10134,-75.1966,9.7,-83.6,324.0,,,,,0.0,,,,,B
367459570,2019-05-08T15:54:19,39.08333,-75.18483,10.0,-77.5,327.0,CORAL COAST,IMO7205087,WDF5120,31.0,0.0,34.0,9.0,3.9,52.0,B
369222000,2019-05-08T15:57:32,39.25118,-75.3236,11.9,-91.6,318.0,LIBERTY PASSION,IMO9777888,WLPI,70.0,0.0,,,,,B
255805987,2019-05-08T15:53:33,39.44804,-75.5516,15.3,137.2,138.0,WIDUKIND,IMO9252735,CQIK7,70.0,0.0,220.0,32.0,12.2,71.0,A
367539750,2019-05-08T15:53:19,38.99592,-75.02017,2.6,174.5,511.0,ONNERED,,WDG4753,30.0,,18.0,6.0,,,B
338447000,2019-05-08T15:57:21,38.96912,-75.20008,0.0,48.5,154.0,OSG HORIZON,IMO9436549,WDF6180,31.0,0.0,46.0,15.0,6.5,57.0,B
311073800,2019-05-08T15:53:35,38.98893,-75.21648,0.0,186.1,150.0,EURO,IMO9567702,C6AA5,84.0,1.0,274.0,48.0,-11.5,84.0,A
338191464,2019-05-08T15:54:00,39.43316,-75.52031,6.0,146.2,511.0,DAY DREAMER,,,37.0,,,,,,B
367120230,2019-05-08T15:57:41,38.98887,-75.21549,0.2,-145.3,511.0,SONIE,IMO9373723,WDD2812,31.0,0.0,24.0,9.0,4.0,52.0,B
367127000,2019-05-08T15:57:36,39.29112,-75.36962,15.3,-92.6,319.0,HOUSTON,IMO8220761,KCDK,80.0,0.0,187.0,27.0,11.0,,B
538006702,2019-05-08T15:54:30,38.96894,-75.20057,0.0,34.6,157.0,NAMSEN,IMO9761528,V7QJ6,80.0,1.0,,,,,A
367539750,2019-05-08T15:54:49,38.99464,-75.0181,6.4,114.9,511.0,ONNERED,,WDG4753,30.0,,18.0,6.0,,,B
367317410,2019-05-08T15:54:09,38.95469,-75.02006,7.0,149.1,511.0,OPPORTUNE,,WDD9868,30.0,,16.0,5.0,,,B
338019392,2019-05-08T15:55:27,39.33702,-75.41314,6.1,136.5,511.0,NORTHSTAR 10,,,90.0,0.0,15.0,6.0,2.0,90.0,B
338233543,2019-05-08T15:55:41,39.18751,-75.02876,8.2,127.7,511.0,R/V JAMES W. JOSEPH,IMO0000000,JOSEPH,37.0,,14.0,6.0,,,B
367490480,2019-05-08T15:55:36,39.02857,-75.03711,1.1,-80.0,511.0,EVA MARIE,IMO8969408,WDH3461,30.0,,26.0,7.0,,,B
311073800,2019-05-08T15:56:35,38.98898,-75.21649,0.0,201.2,150.0,EURO,IMO9567702,C6AA5,84.0,1.0,274.0,48.0,-11.5,84.0,A
367539750,2019-05-08T15:51:50,38.99698,-75.02028,3.6,175.6,511.0,ONNERED,,WDG4753,30.0,,18.0,6.0,,,B
338312656,2019-05-08T15:56:05,39.44672,-75.56305,2.4,89.9,511.0,SEA REGALIS,IMO0000000,,90.0,,8.0,2.0,,,B
240463000,2019-05-08T15:55:06,38.94387,-75.17463,0.0,203.0,150.0,BOUBOULINA,IMO9298753,SZIS,80.0,1.0,274.0,50.0,17.0,80.0,A
367317410,2019-05-08T15:55:39,38.95221,-75.01815,7.0,141.3,511.0,OPPORTUNE,,WDD9868,30.0,,16.0,5.0,,,B
366914190,2019-05-08T15:55:55,38.86407,-75.0474,11.8,20.7,27.0,NEW JERSEY,IMO8643078,WYU8850,60.0,0.0,86.0,20.0,,,B
240463000,2019-05-08T15:52:02,38.94388,-75.17462,0.0,203.0,151.0,BOUBOULINA,IMO9298753,SZIS,80.0,1.0,274.0,50.0,17.0,80.0,A
538004030,2019-05-08T15:56:15,38.93133,-75.162,0.0,51.4,156.0,FRIO,IMO9596985,V7UU3,80.0,1.0,274.0,48.0,17.1,89.0,A
367539750,2019-05-08T15:55:50,38.99393,-75.01586,6.8,109.0,511.0,ONNERED,,WDG4753,30.0,,18.0,6.0,,,B
338019392,2019-05-08T15:56:57,39.33517,-75.41095,6.0,138.2,511.0,NORTHSTAR 10,,,90.0,0.0,15.0,6.0,2.0,90.0,B
367459570,2019-05-08T15:56:19,39.088,-75.18883,10.2,-81.5,323.0,CORAL COAST,IMO7205087,WDF5120,31.0,0.0,34.0,9.0,3.9,52.0,B
366914190,2019-05-08T15:57:06,38.86758,-75.04564,11.9,17.3,20.0,NEW JERSEY,IMO8643078,WYU8850,60.0,0.0,86.0,20.0,,,B
367317410,2019-05-08T15:52:39,38.95726,-75.02166,6.8,159.1,511.0,OPPORTUNE,,WDD9868,30.0,,16.0,5.0,,,B
367470320,2019-05-08T15:54:07,39.02821,-75.0371,1.3,-101.9,511.0,CHARISMA,,WDF6070,30.0,,13.0,,,,B
255805987,2019-05-08T15:58:03,39.43329,-75.53523,15.7,139.0,139.0,WIDUKIND,IMO9252735,CQIK7,70.0,0.0,220.0,32.0,12.2,71.0,A
367317410,2019-05-08T15:57:09,38.95023,-75.01518,7.8,160.2,511.0,OPPORTUNE,,WDD9868,30.0,,16.0,5.0,,,B
369235000,2019-05-08T15:58:43,38.98922,-75.21599,0.0,37.2,149.0,OSG VISION,IMO9436537,WDF2493,31.0,0.0,46.0,15.0,6.5,57.0,B
368051050,2019-05-08T15:58:46,39.10512,-75.19994,9.8,-84.0,324.0,,,,,0.0,,,,,B
367470320,2019-05-08T15:59:07,39.02629,-75.03699,6.2,170.0,511.0,CHARISMA,,WDF6070,30.0,,13.0,,,,B
338447000,2019-05-08T15:59:22,38.96912,-75.20011,0.0,48.5,153.0,OSG HORIZON,IMO9436549,WDF6180,31.0,0.0,46.0,15.0,6.5,57.0,B
367459570,2019-05-08T15:59:27,39.09567,-75.19517,10.5,-82.1,321.0,CORAL COAST,IMO7205087,WDF5120,31.0,0.0,34.0,9.0,3.9,52.0,B
338191464,2019-05-08T15:59:30,39.42594,-75.51314,5.7,142.9,511.0,DAY DREAMER,,,37.0,,,,,,B
367090580,2019-05-08T15:59:59,38.96081,-75.2262,24.4,-164.7,511.0,BIG STONE 5,,WSE3119,60.0,0.0,15.0,4.0,,50.0,B
240463000,2019-05-08T15:58:04,38.94382,-75.17468,0.0,203.0,148.0,BOUBOULINA,IMO9298753,SZIS,80.0,1.0,274.0,50.0,17.0,80.0,A
338019392,2019-05-08T15:58:08,39.33374,-75.40922,6.0,136.0,511.0,NORTHSTAR 10,,,90.0,0.0,15.0,6.0,2.0,90.0,B
338233543,2019-05-08T15:58:09,39.18973,-75.02532,3.5,-104.0,511.0,R/V JAMES W. JOSEPH,IMO0000000,JOSEPH,37.0,,14.0,6.0,,,B
366914190,2019-05-08T15:58:14,38.87124,-75.04425,12.1,18.0,19.0,NEW JERSEY,IMO8643078,WYU8850,60.0,0.0,86.0,20.0,,,B
367645750,2019-05-08T15:59:48,39.04977,-74.99184,6.4,-187.4,511.0,EVENING STAR,IMO8853013,WDH7195,30.0,,24.0,7.0,,,B
367490480,2019-05-08T15:58:36,39.02936,-75.03778,1.1,-79.1,511.0,EVA MARIE,IMO8969408,WDH3461,30.0,,26.0,7.0,,,B
367317410,2019-05-08T15:58:38,38.94738,-75.01341,7.6,135.0,511.0,OPPORTUNE,,WDD9868,30.0,,16.0,5.0,,,B
367127000,2019-05-08T15:58:43,39.29457,-75.37358,15.3,-91.4,318.0,HOUSTON,IMO8220761,KCDK,80.0,0.0,187.0,27.0,11.0,,B
367539750,2019-05-08T15:58:19,38.99182,-75.01038,6.9,120.5,511.0,ONNERED,,WDG4753,30.0,,18.0,6.0,,,B
538004030,2019-05-08T15:59:16,38.93131,-75.162,0.0,-180.0,157.0,FRIO,IMO9596985,V7UU3,80.0,1.0,274.0,48.0,17.1,89.0,A
367120230,2019-05-08T15:58:51,38.98886,-75.21553,0.1,-113.3,511.0,SONIE,IMO9373723,WDD2812,31.0,0.0,24.0,9.0,4.0,52.0,B
338233543,2019-05-08T15:59:10,39.19032,-75.02653,3.9,-111.8,511.0,R/V JAMES W. JOSEPH,IMO0000000,JOSEPH,37.0,,14.0,6.0,,,B
338019392,2019-05-08T15:59:18,39.33234,-75.40745,6.1,136.3,511.0,NORTHSTAR 10,,,90.0,0.0,15.0,6.0,2.0,90.0,B
366914190,2019-05-08T15:59:25,38.875,-75.04296,11.9,13.8,19.0,NEW JERSEY,IMO8643078,WYU8850,60.0,0.0,86.0,20.0,,,B
367127000,2019-05-08T15:59:54,39.29844,-75.37806,15.4,-91.4,319.0,HOUSTON,IMO8220761,KCDK,80.0,0.0,187.0,27.0,11.0,,B
369222000,2019-05-08T15:58:41,39.25405,-75.32688,11.8,-91.3,319.0,LIBERTY PASSION,IMO9777888,WLPI,70.0,0.0,,,,,B
311073800,2019-05-08T15:59:34,38.98895,-75.21649,0.0,181.4,150.0,EURO,IMO9567702,C6AA5,84.0,1.0,274.0,48.0,-11.5,84.0,A
369235000,2019-05-08T15:59:52,38.98927,-75.21599,0.0,37.2,149.0,OSG VISION,IMO9436537,WDF2493,31.0,0.0,46.0,15.0,6.5,57.0,B
367127000,2019-05-08T16:00:00,39.29871,-75.37836,15.4,-91.0,319.0,HOUSTON,IMO8220761,KCDK,80.0,0.0,187.0,27.0,11.0,,B
367090580,2019-05-08T15:59:59,38.96081,-75.2262,24.4,-164.7,511.0,BIG STONE 5,,WSE3119,60.0,0.0,15.0,4.0,,50.0,B
367120230,2019-05-08T16:00:02,38.98885,-75.21551,0.1,58.4,511.0,SONIE,IMO9373723,WDD2812,31.0,0.0,24.0,9.0,4.0,52.0,B
369222000,2019-05-08T15:59:52,39.25697,-75.3302,11.5,-91.1,319.0,LIBERTY PASSION,IMO9777888,WLPI,70.0,0.0,,,,,B
255805987,2019-05-08T16:00:03,39.42659,-75.52791,15.9,139.7,139.0,WIDUKIND,IMO9252735,CQIK7,70.0,0.0,220.0,32.0,12.2,71.0,A
369222000,2019-05-08T16:00:01,39.25733,-75.33061,11.6,-91.1,319.0,LIBERTY PASSION,IMO9777888,WLPI,70.0,0.0,,,,,B
368051050,2019-05-08T15:59:56,39.10773,-75.20228,9.8,-84.2,324.0,,,,,0.0,,,,,B
366914190,2019-05-08T16:00:06,38.87716,-75.04225,11.7,11.4,19.0,NEW JERSEY,IMO8643078,WYU8850,60.0,0.0,86.0,20.0,,,B
368051050,2019-05-08T16:00:05,39.10809,-75.20258,9.8,-83.9,324.0,,,,,0.0,,,,,B
338312656,2019-05-08T16:00:05,39.44888,-75.55049,15.4,80.6,511.0,SEA REGALIS,IMO0000000,,90.0,,8.0,2.0,,,B
367470320,2019-05-08T16:00:07,39.02458,-75.03658,6.4,168.9,511.0,CHARISMA,,WDF6070,30.0,,13.0,,,,B
369235000,2019-05-08T16:00:02,38.98926,-75.21599,0.0,37.2,149.0,OSG VISION,IMO9436537,WDF2493,31.0,0.0,46.0,15.0,6.5,57.0,B
367539750,2019-05-08T16:00:19,38.99007,-75.00602,6.7,117.8,511.0,ONNERED,,WDG4753,30.0,,18.0,6.0,,,B
367317410,2019-05-08T16:00:09,38.94659,-75.00964,7.4,98.0,511.0,OPPORTUNE,,WDD9868,30.0,,16.0,5.0,,,B
255805987,2019-05-08T15:59:08,39.42963,-75.53119,15.8,139.3,139.0,WIDUKIND,IMO9252735,CQIK7,70.0,0.0,220.0,32.0,12.2,71.0,A
367645750,2019-05-08T16:00:18,39.04908,-74.99261,6.3,-189.2,511.0,EVENING STAR,IMO8853013,WDH7195,30.0,,24.0,7.0,,,B
367127000,2019-05-08T16:01:06,39.30225,-75.38239,15.4,-91.1,318.0,HOUSTON,IMO8220761,KCDK,80.0,0.0,187.0,27.0,11.0,,B
338019392,2019-05-08T16:00:19,39.33117,-75.40588,5.9,132.9,511.0,NORTHSTAR 10,,,90.0,0.0,15.0,6.0,2.0,90.0,B
367459570,2019-05-08T16:00:08,39.09733,-75.1965,10.8,-83.4,321.0,CORAL COAST,IMO7205087,WDF5120,31.0,0.0,34.0,9.0,3.9,52.0,B
538006702,2019-05-08T16:00:30,38.96887,-75.20063,0.0,34.6,154.0,NAMSEN,IMO9761528,V7QJ6,80.0,1.0,,,,,A
367317410,2019-05-08T15:59:39,38.94666,-75.01093,7.6,89.1,511.0,OPPORTUNE,,WDD9868,30.0,,16.0,5.0,,,B
367090580,2019-05-08T16:01:01,38.95798,-75.23445,25.0,-166.0,511.0,BIG STONE 5,,WSE3119,60.0,0.0,15.0,4.0,,50.0,B
369222000,2019-05-08T16:01:12,39.26027,-75.33392,11.4,-91.1,318.0,LIBERTY PASSION,IMO9777888,WLPI,70.0,0.0,,,,,B
366914190,2019-05-08T16:01:14,38.88078,-75.04107,11.5,13.1,20.0,NEW JERSEY,IMO8643078,WYU8850,60.0,0.0,86.0,20.0,,,B
240463000,2019-05-08T16:01:03,38.94383,-75.17468,0.0,203.0,148.0,BOUBOULINA,IMO9298753,SZIS,80.0,1.0,274.0,50.0,17.0,80.0,A
367470320,2019-05-08T16:01:08,39.02266,-75.03639,8.1,184.0,511.0,CHARISMA,,WDF6070,30.0,,13.0,,,,B
367120230,2019-05-08T16:01:11,38.98888,-75.21546,0.2,-167.3,511.0,SONIE,IMO9373723,WDD2812,31.0,0.0,24.0,9.0,4.0,52.0,B
338447000,2019-05-08T16:01:11,38.96911,-75.20017,0.0,48.5,152.0,OSG HORIZON,IMO9436549,WDF6180,31.0,0.0,46.0,15.0,6.5,57.0,B
369235000,2019-05-08T16:01:22,38.98923,-75.21596,0.0,37.2,149.0,OSG VISION,IMO9436537,WDF2493,31.0,0.0,46.0,15.0,6.5,57.0,B
368051050,2019-05-08T16:01:15,39.11074,-75.20493,9.9,-84.5,324.0,,,,,0.0,,,,,B
367645750,2019-05-08T16:01:19,39.04768,-74.99408,6.4,-191.1,511.0,EVENING STAR,IMO8853013,WDH7195,30.0,,24.0,7.0,,,B
367459570,2019-05-08T16:01:18,39.10033,-75.199,10.7,-82.6,322.0,CORAL COAST,IMO7205087,WDF5120,31.0,0.0,34.0,9.0,3.9,52.0,B
338019392,2019-05-08T16:01:38,39.32968,-75.40389,5.9,135.2,511.0,NORTHSTAR 10,,,90.0,0.0,15.0,6.0,2.0,90.0,B
367317410,2019-05-08T16:01:39,38.94658,-75.00565,7.7,83.4,511.0,OPPORTUNE,,WDD9868,30.0,,16.0,5.0,,,B
338191464,2019-05-08T16:00:02,39.4253,-75.51244,5.8,142.0,511.0,DAY DREAMER,,,37.0,,,,,,B
338447000,2019-05-08T16:00:02,38.96911,-75.20015,0.0,48.5,153.0,OSG HORIZON,IMO9436549,WDF6180,31.0,0.0,46.0,15.0,6.5,57.0,B
338191464,2019-05-08T16:01:30,39.42346,-75.51047,6.0,139.7,511.0,DAY DREAMER,,,37.0,,,,,,B
367490480,2019-05-08T16:01:37,39.03017,-75.03843,1.1,-87.5,511.0,EVA MARIE,IMO8969408,WDH3461,30.0,,26.0,7.0,,,B
367090580,2019-05-08T16:02:05,38.95536,-75.24327,24.6,-160.3,511.0,BIG STONE 5,,WSE3119,60.0,0.0,15.0,4.0,,50.0,B
338233543,2019-05-08T16:02:11,39.19118,-75.02893,2.3,-112.9,511.0,R/V JAMES W. JOSEPH,IMO0000000,JOSEPH,37.0,,14.0,6.0,,,B
367539750,2019-05-08T16:01:49,38.98872,-75.0028,6.8,117.2,511.0,ONNERED,,WDG4753,30.0,,18.0,6.0,,,B
367127000,2019-05-08T16:02:18,39.30611,-75.3868,15.4,-90.8,318.0,HOUSTON,IMO8220761,KCDK,80.0,0.0,187.0,27.0,11.0,,B
255805987,2019-05-08T16:02:14,39.41931,-75.5197,15.8,137.0,137.0,WIDUKIND,IMO9252735,CQIK7,70.0,0.0,220.0,32.0,12.2,71.0,A
369222000,2019-05-08T16:02:22,39.26318,-75.33719,12.1,-91.0,319.0,LIBERTY PASSION,IMO9777888,WLPI,70.0,0.0,,,,,B
367120230,2019-05-08T16:02:21,38.98884,-75.21556,0.1,109.6,511.0,SONIE,IMO9373723,WDD2812,31.0,0.0,24.0,9.0,4.0,52.0,B
311073800,2019-05-08T16:02:34,38.98895,-75.21649,0.0,198.7,150.0,EURO,IMO9567702,C6AA5,84.0,1.0,274.0,48.0,-11.5,84.0,A
366914190,2019-05-08T16:02:25,38.88445,-75.03981,11.6,14.0,19.0,NEW JERSEY,IMO8643078,WYU8850,60.0,0.0,86.0,20.0,,,A
538004030,2019-05-08T16:02:15,38.93131,-75.16205,0.0,-173.7,157.0,FRIO,IMO9596985,V7UU3,80.0,1.0,274.0,48.0,17.1,89.0,A
367459570,2019-05-08T16:02:28,39.10333,-75.20167,11.0,-84.6,321.0,CORAL COAST,IMO7205087,WDF5120,31.0,0.0,34.0,9.0,3.9,52.0,B
368051050,2019-05-08T16:02:26,39.11345,-75.20731,10.0,-84.3,323.0,,,,,0.0,,,,,B
369235000,2019-05-08T16:02:32,38.98926,-75.21598,0.0,37.2,149.0,OSG VISION,IMO9436537,WDF2493,31.0,0.0,46.0,15.0,6.5,57.0,B
367090580,2019-05-08T16:03:08,38.9522,-75.25137,24.8,-162.1,511.0,BIG STONE 5,,WSE3119,60.0,0.0,15.0,4.0,,50.0,B
367645750,2019-05-08T16:02:48,39.04556,-74.99627,6.5,-191.4,511.0,EVENING STAR,IMO8853013,WDH7195,30.0,,24.0,7.0,,,B
338019392,2019-05-08T16:02:49,39.32831,-75.40215,5.8,135.7,511.0,NORTHSTAR 10,,,90.0,0.0,15.0,6.0,2.0,90.0,B
367470320,2019-05-08T16:02:36,39.01958,-75.03544,7.4,160.7,511.0,CHARISMA,,WDF6070,30.0,,13.0,,,,B
255805987,2019-05-08T16:01:08,39.42291,-75.52384,15.8,138.3,138.0,WIDUKIND,IMO9252735,CQIK7,70.0,0.0,220.0,32.0,12.2,71.0,A
367127000,2019-05-08T16:03:36,39.31029,-75.39154,15.4,-91.3,318.0,HOUSTON,IMO8220761,KCDK,80.0,0.0,187.0,27.0,11.0,,B
255805987,2019-05-08T16:03:21,39.41579,-75.51549,15.7,137.0,137.0,WIDUKIND,IMO9252735,CQIK7,70.0,0.0,220.0,32.0,12.2,71.0,A
538006702,2019-05-08T16:03:32,38.9689,-75.20068,0.0,34.6,152.0,NAMSEN,IMO9761528,V7QJ6,80.0,1.0,,,,,A
367120230,2019-05-08T16:03:31,38.98886,-75.21548,0.1,48.6,511.0,SONIE,IMO9373723,WDD2812,31.0,0.0,24.0,9.0,4.0,52.0,B
338447000,2019-05-08T16:03:32,38.96909,-75.20019,0.0,48.5,151.0,OSG HORIZON,IMO9436549,WDF6180,31.0,0.0,46.0,15.0,6.5,57.0,B
368051050,2019-05-08T16:03:35,39.11609,-75.20962,10.0,-83.6,323.0,,,,,0.0,,,,,B
366914190,2019-05-08T16:03:36,38.8882,-75.03847,11.9,16.8,20.0,NEW JERSEY,IMO8643078,WYU8850,60.0,0.0,86.0,20.0,,,B
367459570,2019-05-08T16:03:38,39.10633,-75.20417,11.1,-83.3,322.0,CORAL COAST,IMO7205087,WDF5120,31.0,0.0,34.0,9.0,3.9,52.0,B
367317410,2019-05-08T16:03:39,38.94819,-75.00079,6.9,68.8,511.0,OPPORTUNE,,WDD9868,30.0,,16.0,5.0,,,B
369235000,2019-05-08T16:03:42,38.98924,-75.21598,0.0,37.2,149.0,OSG VISION,IMO9436537,WDF2493,31.0,0.0,46.0,15.0,6.5,57.0,B
367539750,2019-05-08T16:03:50,38.98694,-74.99846,7.1,118.3,511.0,ONNERED,,WDG4753,30.0,,18.0,6.0,,,B
338312656,2019-05-08T16:04:05,39.45107,-75.53893,0.8,-121.7,511.0,SEA REGALIS,IMO0000000,,90.0,,8.0,2.0,,,B
338019392,2019-05-08T16:03:59,39.32695,-75.40048,5.9,137.2,511.0,NORTHSTAR 10,,,90.0,0.0,15.0,6.0,2.0,90.0,B
367090580,2019-05-08T16:04:10,38.94956,-75.25977,24.5,-164.8,511.0,BIG STONE 5,,WSE3119,60.0,0.0,15.0,4.0,,50.0,B
240463000,2019-05-08T16:04:06,38.94387,-75.17467,0.0,203.0,149.0,BOUBOULINA,IMO9298753,SZIS,80.0,1.0,274.0,50.0,17.0,80.0,A
338191464,2019-05-08T16:03:32,39.42095,-75.50752,6.0,139.7,511.0,DAY DREAMER,,,37.0,,,,,,B
367645750,2019-05-08T16:04:18,39.04345,-74.9985,6.3,-190.9,511.0,EVENING STAR,IMO8853013,WDH7195,30.0,,24.0,7.0,,,B
255805987,2019-05-08T16:04:27,39.41228,-75.51131,15.6,136.8,138.0,WIDUKIND,IMO9252735,CQIK7,70.0,0.0,220.0,32.0,12.2,71.0,A
367490480,2019-05-08T16:04:36,39.03097,-75.03909,1.0,-80.0,511.0,EVA MARIE,IMO8969408,WDH3461,30.0,,26.0,7.0,,,B
367127000,2019-05-08T16:04:42,39.31383,-75.39557,15.4,-91.4,318.0,HOUSTON,IMO8220761,KCDK,80.0,0.0,187.0,27.0,11.0,,B
366914190,2019-05-08T16:04:45,38.89194,-75.03717,11.4,12.9,19.0,NEW JERSEY,IMO8643078,WYU8850,60.0,0.0,86.0,20.0,,,B
338191464,2019-05-08T16:05:00,39.41902,-75.50552,6.1,138.5,511.0,DAY DREAMER,,,37.0,,,,,,B
367459570,2019-05-08T16:04:48,39.10917,-75.20667,11.2,-83.1,322.0,CORAL COAST,IMO7205087,WDF5120,31.0,0.0,34.0,9.0,3.9,52.0,B
369222000,2019-05-08T16:04:51,39.27003,-75.34495,13.2,-90.9,319.0,LIBERTY PASSION,IMO9777888,WLPI,70.0,0.0,,,,,B
368051050,2019-05-08T16:04:45,39.11877,-75.21196,10.0,-83.4,324.0,,,,,0.0,,,,,B
369235000,2019-05-08T16:04:52,38.98924,-75.21598,0.0,37.2,149.0,OSG VISION,IMO9436537,WDF2493,31.0,0.0,46.0,15.0,6.5,57.0,B
338447000,2019-05-08T16:02:22,38.9691,-75.2002,0.0,48.5,151.0,OSG HORIZON,IMO9436549,WDF6180,31.0,0.0,46.0,15.0,6.5,57.0,B
367645750,2019-05-08T16:05:19,39.04204,-75.00002,6.6,-190.5,511.0,EVENING STAR,IMO8853013,WDH7195,30.0,,24.0,7.0,,,B
338019392,2019-05-08T16:05:07,39.32562,-75.39886,5.7,138.2,511.0,NORTHSTAR 10,,,90.0,0.0,15.0,6.0,2.0,90.0,B
367317410,2019-05-08T16:05:09,38.95005,-74.99806,8.5,19.2,511.0,OPPORTUNE,,WDD9868,30.0,,16.0,5.0,,,B
367127000,2019-05-08T16:06:12,39.31859,-75.40111,15.4,-92.1,318.0,HOUSTON,IMO8220761,KCDK,80.0,0.0,187.0,27.0,11.0,,B
367090580,2019-05-08T16:05:14,38.94638,-75.26812,24.3,-161.7,511.0,BIG STONE 5,,WSE3119,60.0,0.0,15.0,4.0,,50.0,B
311073800,2019-05-08T16:05:34,38.98895,-75.2165,0.0,191.0,150.0,EURO,IMO9567702,C6AA5,84.0,1.0,274.0,48.0,-11.5,84.0,A
369235000,2019-05-08T16:06:03,38.98926,-75.21597,0.0,37.2,149.0,OSG VISION,IMO9436537,WDF2493,31.0,0.0,46.0,15.0,6.5,57.0,B
538004030,2019-05-08T16:05:16,38.93131,-75.16212,0.0,-182.2,156.0,FRIO,IMO9596985,V7UU3,80.0,1.0,274.0,48.0,17.1,89.0,A
367120230,2019-05-08T16:05:51,38.98884,-75.21553,0.2,84.4,511.0,SONIE,IMO9373723,WDD2812,31.0,0.0,24.0,9.0,4.0,52.0,B
366914190,2019-05-08T16:05:55,38.8956,-75.0359,11.6,15.5,19.0,NEW JERSEY,IMO8643078,WYU8850,60.0,0.0,86.0,20.0,,,B
369222000,2019-05-08T16:06:12,39.274,-75.34945,13.5,-91.1,318.0,LIBERTY PASSION,IMO9777888,WLPI,70.0,0.0,,,,,B
367539750,2019-05-08T16:05:49,38.98485,-74.99425,6.9,124.0,511.0,ONNERED,,WDG4753,30.0,,18.0,6.0,,,B
338447000,2019-05-08T16:05:51,38.96912,-75.20023,0.0,48.5,149.0,OSG HORIZON,IMO9436549,WDF6180,31.0,0.0,46.0,15.0,6.5,57.0,B
367490480,2019-05-08T16:06:22,39.03127,-75.03944,2.1,179.5,511.0,EVA MARIE,IMO8969408,WDH3461,30.0,,26.0,7.0,,,B
338191464,2019-05-08T16:06:02,39.4177,-75.50382,6.5,135.7,511.0,DAY DREAMER,,,37.0,,,,,,B
368051050,2019-05-08T16:05:55,39.12147,-75.21434,10.0,-84.5,323.0,,,,,0.0,,,,,B
367459570,2019-05-08T16:05:59,39.11233,-75.20933,11.0,-84.2,321.0,CORAL COAST,IMO7205087,WDF5120,31.0,0.0,34.0,9.0,3.9,52.0,B
338233543,2019-05-08T16:06:11,39.19308,-75.03126,2.5,-109.0,511.0,R/V JAMES W. JOSEPH,IMO0000000,JOSEPH,37.0,,14.0,6.0,,,B
369222000,2019-05-08T16:03:31,39.26628,-75.3407,12.7,-91.1,319.0,LIBERTY PASSION,IMO9777888,WLPI,70.0,0.0,,,,,B
367090580,2019-05-08T16:06:16,38.94356,-75.27638,24.5,-161.2,511.0,BIG STONE 5,,WSE3119,60.0,0.0,15.0,4.0,,50.0,B
367470320,2019-05-08T16:04:07,39.01647,-75.03401,8.0,161.1,511.0,CHARISMA,,WDF6070,30.0,,13.0,,,,B
338447000,2019-05-08T16:04:41,38.96912,-75.2002,0.0,48.5,150.0,OSG HORIZON,IMO9436549,WDF6180,31.0,0.0,46.0,15.0,6.5,57.0,B
367120230,2019-05-08T16:04:42,38.98887,-75.21548,0.2,-180.9,511.0,SONIE,IMO9373723,WDD2812,31.0,0.0,24.0,9.0,4.0,52.0,B
255805987,2019-05-08T16:05:33,39.40877,-75.50713,15.6,137.0,137.0,WIDUKIND,IMO9252735,CQIK7,70.0,0.0,220.0,32.0,12.2,71.0,A
367470320,2019-05-08T16:05:37,39.01315,-75.03278,8.6,195.7,511.0,CHARISMA,,WDF6070,30.0,,13.0,,,,B
368051050,2019-05-08T16:07:16,39.12455,-75.21703,9.7,-86.1,319.0,,,,,0.0,,,,,B
338019392,2019-05-08T16:06:18,39.32425,-75.39728,5.7,137.5,511.0,NORTHSTAR 10,,,90.0,0.0,15.0,6.0,2.0,90.0,B
255805987,2019-05-08T16:06:39,39.40528,-75.50292,15.7,136.5,138.0,WIDUKIND,IMO9252735,CQIK7,70.0,0.0,220.0,32.0,12.2,71.0,A
367317410,2019-05-08T16:06:38,38.95348,-74.9968,8.5,14.9,511.0,OPPORTUNE,,WDD9868,30.0,,16.0,5.0,,,B
538006702,2019-05-08T16:06:28,38.96888,-75.20072,0.0,34.6,151.0,NAMSEN,IMO9761528,V7QJ6,80.0,1.0,,,,,A
367645750,2019-05-08T16:06:48,39.03995,-75.00229,6.5,-189.4,511.0,EVENING STAR,IMO8853013,WDH7195,30.0,,24.0,7.0,,,B
367120230,2019-05-08T16:07:01,38.98888,-75.21546,0.2,-158.5,511.0,SONIE,IMO9373723,WDD2812,31.0,0.0,24.0,9.0,4.0,52.0,B
369222000,2019-05-08T16:07:31,39.27784,-75.35381,13.9,-91.3,318.0,LIBERTY PASSION,IMO9777888,WLPI,70.0,0.0,,,,,B
338312656,2019-05-08T16:06:36,39.45136,-75.53989,1.0,94.0,511.0,SEA REGALIS,IMO0000000,,90.0,,8.0,2.0,,,B
366914190,2019-05-08T16:07:04,38.89919,-75.03463,11.9,14.5,17.0,NEW JERSEY,IMO8643078,WYU8850,60.0,0.0,86.0,20.0,,,B
367459570,2019-05-08T16:07:09,39.11533,-75.212,11.0,-86.4,320.0,CORAL COAST,IMO7205087,WDF5120,31.0,0.0,34.0,9.0,3.9,52.0,B
240463000,2019-05-08T16:07:06,38.94388,-75.17462,0.0,203.0,149.0,BOUBOULINA,IMO9298753,SZIS,80.0,1.0,274.0,50.0,17.0,80.0,A
338447000,2019-05-08T16:07:02,38.96911,-75.20025,0.0,48.5,148.0,OSG HORIZON,IMO9436549,WDF6180,31.0,0.0,46.0,15.0,6.5,57.0,B
369235000,2019-05-08T16:07:12,38.98924,-75.21598,0.0,37.2,149.0,OSG VISION,IMO9436537,WDF2493,31.0,0.0,46.0,15.0,6.5,57.0,B
367470320,2019-05-08T16:07:07,39.00964,-75.03368,8.6,193.6,511.0,CHARISMA,,WDF6070,30.0,,13.0,,,,B
367090580,2019-05-08T16:07:18,38.94078,-75.28469,24.6,-159.4,511.0,BIG STONE 5,,WSE3119,60.0,0.0,15.0,4.0,,50.0,B
367127000,2019-05-08T16:07:19,39.32208,-75.40519,15.4,-92.4,318.0,HOUSTON,IMO8220761,KCDK,80.0,0.0,187.0,27.0,11.0,,B
367539750,2019-05-08T16:07:20,38.98326,-74.99121,6.7,125.4,511.0,ONNERED,,WDG4753,30.0,,18.0,6.0,,,B
367317410,2019-05-08T16:07:39,38.95577,-74.99592,8.2,15.2,511.0,OPPORTUNE,,WDD9868,30.0,,16.0,5.0,,,B
338019392,2019-05-08T16:07:39,39.3226,-75.39535,5.9,138.3,511.0,NORTHSTAR 10,,,90.0,0.0,15.0,6.0,2.0,90.0,B
367490480,2019-05-08T16:07:47,39.02964,-75.03912,5.1,179.5,511.0,EVA MARIE,IMO8969408,WDH3461,30.0,,26.0,7.0,,,B
338191464,2019-05-08T16:07:30,39.41573,-75.50172,6.3,134.2,511.0,DAY DREAMER,,,37.0,,,,,,B
338233543,2019-05-08T16:07:41,39.1935,-75.03258,2.7,-119.6,511.0,R/V JAMES W. JOSEPH,IMO0000000,JOSEPH,37.0,,14.0,6.0,,,B
368051050,2019-05-08T16:08:25,39.12684,-75.21934,8.6,-86.9,320.0,,,,,0.0,,,,,B
367120230,2019-05-08T16:08:11,38.98884,-75.21552,0.2,86.0,511.0,SONIE,IMO9373723,WDD2812,31.0,0.0,24.0,9.0,4.0,52.0,B
369222000,2019-05-08T16:08:49,39.28173,-75.35824,14.1,-91.5,318.0,LIBERTY PASSION,IMO9777888,WLPI,70.0,0.0,,,,,B
338447000,2019-05-08T16:08:11,38.96914,-75.20029,0.0,48.5,148.0,OSG HORIZON,IMO9436549,WDF6180,31.0,0.0,46.0,15.0,6.5,57.0,B
367459570,2019-05-08T16:08:18,39.11817,-75.21467,11.1,-85.6,320.0,CORAL COAST,IMO7205087,WDF5120,31.0,0.0,34.0,9.0,3.9,52.0,B
255805987,2019-05-08T16:07:45,39.4017,-75.49879,15.7,138.6,139.0,WIDUKIND,IMO9252735,CQIK7,70.0,0.0,220.0,32.0,12.2,71.0,A
338312656,2019-05-08T16:08:06,39.45101,-75.53896,2.7,115.4,511.0,SEA REGALIS,IMO0000000,,90.0,,8.0,2.0,,,B
366914190,2019-05-08T16:08:15,38.90286,-75.03341,11.6,14.5,19.0,NEW JERSEY,IMO8643078,WYU8850,60.0,0.0,86.0,20.0,,,B
367127000,2019-05-08T16:09:00,39.32754,-75.41137,15.3,-89.8,320.0,HOUSTON,IMO8220761,KCDK,80.0,0.0,187.0,27.0,11.0,,B
369235000,2019-05-08T16:08:22,38.98926,-75.21595,0.0,37.2,150.0,OSG VISION,IMO9436537,WDF2493,31.0,0.0,46.0,15.0,6.5,57.0,B
367645750,2019-05-08T16:08:18,39.03789,-75.00458,6.4,-188.7,511.0,EVENING STAR,IMO8853013,WDH7195,30.0,,24.0,7.0,,,B
338019392,2019-05-08T16:09:07,39.3208,-75.39322,5.9,136.8,511.0,NORTHSTAR 10,,,90.0,0.0,15.0,6.0,2.0,90.0,B
338233543,2019-05-08T16:08:44,39.19376,-75.03354,2.6,-121.1,511.0,R/V JAMES W. JOSEPH,IMO0000000,JOSEPH,37.0,,14.0,6.0,,,B
367470320,2019-05-08T16:09:07,39.00529,-75.03341,8.5,148.4,511.0,CHARISMA,,WDF6070,30.0,,13.0,,,,B
367539750,2019-05-08T16:08:49,38.98173,-74.98847,4.2,123.8,511.0,ONNERED,,WDG4753,30.0,,18.0,6.0,,,B
369235000,2019-05-08T16:09:52,38.98922,-75.21599,0.0,37.2,150.0,OSG VISION,IMO9436537,WDF2493,31.0,0.0,46.0,15.0,6.5,57.0,B
367459570,2019-05-08T16:09:37,39.1215,-75.21783,11.1,-84.7,320.0,CORAL COAST,IMO7205087,WDF5120,31.0,0.0,34.0,9.0,3.9,52.0,B
338447000,2019-05-08T16:09:51,38.96917,-75.20026,0.0,48.5,147.0,OSG HORIZON,IMO9436549,WDF6180,31.0,0.0,46.0,15.0,6.5,57.0,B
369222000,2019-05-08T16:10:00,39.28535,-75.3624,14.4,-91.8,318.0,LIBERTY PASSION,IMO9777888,WLPI,70.0,0.0,,,,,B
368051050,2019-05-08T16:09:55,39.12949,-75.22192,7.4,-86.8,320.0,,,,,0.0,,,,,B
338191464,2019-05-08T16:09:01,39.41383,-75.49946,6.0,138.9,511.0,DAY DREAMER,,,37.0,,,,,,B
538004030,2019-05-08T16:08:15,38.93129,-75.16213,0.0,201.0,155.0,FRIO,IMO9596985,V7UU3,80.0,1.0,274.0,48.0,17.1,89.0,A
367090580,2019-05-08T16:09:21,38.93884,-75.30107,25.0,-100.9,511.0,BIG STONE 5,,WSE3119,60.0,0.0,15.0,4.0,,50.0,B
367120230,2019-05-08T16:09:20,38.98884,-75.2155,0.1,1.6,511.0,SONIE,IMO9373723,WDD2812,31.0,0.0,24.0,9.0,4.0,52.0,B
255805987,2019-05-08T16:09:56,39.39463,-75.49063,15.6,138.0,138.0,WIDUKIND,IMO9252735,CQIK7,70.0,0.0,220.0,32.0,12.2,71.0,A
367090580,2019-05-08T16:08:19,38.93811,-75.29302,24.6,-161.6,511.0,BIG STONE 5,,WSE3119,60.0,0.0,15.0,4.0,,50.0,B
255805987,2019-05-08T16:08:51,39.39813,-75.49467,15.7,137.6,138.0,WIDUKIND,IMO9252735,CQIK7,70.0,0.0,220.0,32.0,12.2,71.0,A
367317410,2019-05-08T16:09:38,38.96029,-74.99447,8.7,10.1,511.0,OPPORTUNE,,WDD9868,30.0,,16.0,5.0,,,B
538006702,2019-05-08T16:09:31,38.96892,-75.20076,0.0,34.6,149.0,NAMSEN,IMO9761528,V7QJ6,80.0,1.0,,,,,A
311073800,2019-05-08T16:08:32,38.98894,-75.21645,0.0,191.0,151.0,EURO,IMO9567702,C6AA5,84.0,1.0,274.0,48.0,-11.5,84.0,A
367645750,2019-05-08T16:09:49,39.03587,-75.00687,6.6,-190.3,511.0,EVENING STAR,IMO8853013,WDH7195,30.0,,24.0,7.0,,,B
367490480,2019-05-08T16:09:17,39.02743,-75.03897,5.4,172.0,511.0,EVA MARIE,IMO8969408,WDH3461,30.0,,26.0,7.0,,,B
367127000,2019-05-08T16:10:12,39.33147,-75.4156,15.3,-89.9,320.0,HOUSTON,IMO8220761,KCDK,80.0,0.0,187.0,27.0,11.0,,B
338019392,2019-05-08T16:10:09,39.31966,-75.3917,5.9,132.7,511.0,NORTHSTAR 10,,,90.0,0.0,15.0,6.0,2.0,90.0,B
338233543,2019-05-08T16:10:10,39.19398,-75.03435,3.5,-133.1,511.0,R/V JAMES W. JOSEPH,IMO0000000,JOSEPH,37.0,,14.0,6.0,,,B
240463000,2019-05-08T16:10:03,38.9439,-75.17453,0.0,203.0,149.0,BOUBOULINA,IMO9298753,SZIS,80.0,1.0,274.0,50.0,17.0,80.0,A
367539750,2019-05-08T16:10:19,38.981,-74.98744,1.6,145.1,511.0,ONNERED,,WDG4753,30.0,,18.0,6.0,,,B
367090580,2019-05-08T16:11:09,38.94531,-75.31159,8.2,-107.9,511.0,BIG STONE 5,,WSE3119,60.0,0.0,15.0,4.0,,50.0,B
368051050,2019-05-08T16:11:25,39.13183,-75.22417,6.7,-85.5,321.0,,,,,0.0,,,,,B
366914190,2019-05-08T16:09:55,38.90816,-75.03151,11.5,20.8,29.0,NEW JERSEY,IMO8643078,WYU8850,60.0,0.0,86.0,20.0,,,A
367120230,2019-05-08T16:10:31,38.98886,-75.21549,0.3,-152.4,511.0,SONIE,IMO9373723,WDD2812,31.0,0.0,24.0,9.0,4.0,52.0,B
367459570,2019-05-08T16:10:47,39.1245,-75.2205,11.3,-85.8,319.0,CORAL COAST,IMO7205087,WDF5120,31.0,0.0,34.0,9.0,3.9,52.0,B
369222000,2019-05-08T16:11:36,39.29019,-75.36803,14.4,-92.1,318.0,LIBERTY PASSION,IMO9777888,WLPI,70.0,0.0,,,,,B
338191464,2019-05-08T16:11:00,39.41138,-75.49673,5.9,138.9,511.0,DAY DREAMER,,,37.0,,,,,,B
366914190,2019-05-08T16:11:04,38.91148,-75.02947,11.3,26.6,29.0,NEW JERSEY,IMO8643078,WYU8850,60.0,0.0,86.0,20.0,,,B
255805987,2019-05-08T16:11:02,39.39103,-75.48648,15.5,138.6,139.0,WIDUKIND,IMO9252735,CQIK7,70.0,0.0,220.0,32.0,12.2,71.0,A
338233543,2019-05-08T16:11:11,39.19432,-75.03587,6.1,-91.7,511.0,R/V JAMES W. JOSEPH,IMO0000000,JOSEPH,37.0,,14.0,6.0,,,B
367645750,2019-05-08T16:11:18,39.03377,-75.00917,6.6,-188.9,511.0,EVENING STAR,IMO8853013,WDH7195,30.0,,24.0,7.0,,,B
538004030,2019-05-08T16:11:17,38.93128,-75.16209,0.0,-188.0,155.0,FRIO,IMO9596985,V7UU3,80.0,1.0,274.0,48.0,17.1,89.0,A
367127000,2019-05-08T16:11:19,39.3351,-75.41957,15.3,-90.6,319.0,HOUSTON,IMO8220761,KCDK,80.0,0.0,187.0,27.0,11.0,,B
338447000,2019-05-08T16:11:02,38.96916,-75.20027,0.0,48.5,147.0,OSG HORIZON,IMO9436549,WDF6180,31.0,0.0,46.0,15.0,6.5,57.0,B
369235000,2019-05-08T16:11:03,38.98923,-75.21596,0.0,37.2,150.0,OSG VISION,IMO9436537,WDF2493,31.0,0.0,46.0,15.0,6.5,57.0,B
367317410,2019-05-08T16:11:08,38.96368,-74.9942,7.9,-65.3,511.0,OPPORTUNE,,WDD9868,30.0,,16.0,5.0,,,B
338019392,2019-05-08T16:11:19,39.31835,-75.38991,5.8,134.0,511.0,NORTHSTAR 10,,,90.0,0.0,15.0,6.0,2.0,90.0,B
369235000,2019-05-08T16:12:32,38.98922,-75.21598,0.0,37.2,150.0,OSG VISION,IMO9436537,WDF2493,31.0,0.0,46.0,15.0,6.5,57.0,B
311073800,2019-05-08T16:11:36,38.98898,-75.21651,0.0,-187.5,151.0,EURO,IMO9567702,C6AA5,84.0,1.0,274.0,48.0,-11.5,84.0,A
367120230,2019-05-08T16:11:41,38.98884,-75.21549,0.2,81.2,511.0,SONIE,IMO9373723,WDD2812,31.0,0.0,24.0,9.0,4.0,52.0,B
367459570,2019-05-08T16:12:37,39.12917,-75.22483,11.3,-86.7,320.0,CORAL COAST,IMO7205087,WDF5120,31.0,0.0,34.0,9.0,3.9,52.0,B
367539750,2019-05-08T16:11:49,38.98052,-74.98724,0.8,172.8,511.0,ONNERED,,WDG4753,30.0,,18.0,6.0,,,B
367470320,2019-05-08T16:12:07,39.0005,-75.02856,8.8,188.2,511.0,CHARISMA,,WDF6070,30.0,,13.0,,,,B
338312656,2019-05-08T16:12:05,39.44934,-75.53647,1.9,138.3,511.0,SEA REGALIS,IMO0000000,,90.0,,8.0,2.0,,,B
338447000,2019-05-08T16:12:12,38.96917,-75.20027,0.0,48.5,147.0,OSG HORIZON,IMO9436549,WDF6180,31.0,0.0,46.0,15.0,6.5,57.0,B
366914190,2019-05-08T16:12:15,38.91493,-75.02738,11.8,26.4,30.0,NEW JERSEY,IMO8643078,WYU8850,60.0,0.0,86.0,20.0,,,B
255805987,2019-05-08T16:12:09,39.38741,-75.48239,15.5,139.3,139.0,WIDUKIND,IMO9252735,CQIK7,70.0,0.0,220.0,32.0,12.2,71.0,A
369222000,2019-05-08T16:13:19,39.29535,-75.37408,14.5,-92.3,318.0,LIBERTY PASSION,IMO9777888,WLPI,70.0,0.0,,,,,B
367127000,2019-05-08T16:13:18,39.34142,-75.42678,15.3,-90.9,319.0,HOUSTON,IMO8220761,KCDK,80.0,0.0,187.0,27.0,11.0,,B
338019392,2019-05-08T16:12:27,39.31708,-75.38818,6.0,134.1,511.0,NORTHSTAR 10,,,90.0,0.0,15.0,6.0,2.0,90.0,B
368051050,2019-05-08T16:13:16,39.1345,-75.22672,6.3,-86.4,321.0,,,,,0.0,,,,,B
538006702,2019-05-08T16:12:31,38.96893,-75.20072,0.0,34.6,149.0,NAMSEN,IMO9761528,V7QJ6,80.0,1.0,,,,,A
338191464,2019-05-08T16:12:30,39.40949,-75.49468,5.7,137.8,511.0,DAY DREAMER,,,37.0,,,,,,B
367470320,2019-05-08T16:10:37,39.00357,-75.02946,8.9,105.4,511.0,CHARISMA,,WDF6070,30.0,,13.0,,,,B
367317410,2019-05-08T16:12:39,38.96695,-74.99571,8.2,-68.0,511.0,OPPORTUNE,,WDD9868,30.0,,16.0,5.0,,,B
367120230,2019-05-08T16:12:42,38.98886,-75.21546,0.1,-124.4,511.0,SONIE,IMO9373723,WDD2812,31.0,0.0,24.0,9.0,4.0,52.0,B
367490480,2019-05-08T16:12:48,39.02218,-75.03771,5.4,173.5,511.0,EVA MARIE,IMO8969408,WDH3461,30.0,,26.0,7.0,,,B
367490480,2019-05-08T16:10:47,39.0252,-75.03844,5.5,169.4,511.0,EVA MARIE,IMO8969408,WDH3461,30.0,,26.0,7.0,,,B
338447000,2019-05-08T16:13:52,38.96919,-75.20027,0.0,48.5,148.0,OSG HORIZON,IMO9436549,WDF6180,31.0,0.0,46.0,15.0,6.5,57.0,B
369235000,2019-05-08T16:13:52,38.98924,-75.21598,0.0,37.2,150.0,OSG VISION,IMO9436537,WDF2493,31.0,0.0,46.0,15.0,6.5,57.0,B
240463000,2019-05-08T16:13:04,38.94398,-75.1745,0.0,203.0,152.0,BOUBOULINA,IMO9298753,SZIS,80.0,1.0,274.0,50.0,17.0,80.0,A
367645750,2019-05-08T16:13:18,39.03089,-75.01217,6.6,-191.3,511.0,EVENING STAR,IMO8853013,WDH7195,30.0,,24.0,7.0,,,B
255805987,2019-05-08T16:13:15,39.3839,-75.47842,15.6,138.2,139.0,WIDUKIND,IMO9252735,CQIK7,70.0,0.0,220.0,32.0,12.2,71.0,A
338019392,2019-05-08T16:13:29,39.31592,-75.38661,5.7,134.2,511.0,NORTHSTAR 10,,,90.0,0.0,15.0,6.0,2.0,90.0,B
366914190,2019-05-08T16:13:24,38.91844,-75.02527,12.0,25.0,30.0,NEW JERSEY,IMO8643078,WYU8850,60.0,0.0,86.0,20.0,,,B
367470320,2019-05-08T16:13:36,38.99719,-75.02761,8.8,134.7,511.0,CHARISMA,,WDF6070,30.0,,13.0,,,,B
367459570,2019-05-08T16:13:48,39.13217,-75.22783,11.4,-86.0,319.0,CORAL COAST,IMO7205087,WDF5120,31.0,0.0,34.0,9.0,3.9,52.0,B
338233543,2019-05-08T16:13:42,39.19592,-75.03677,5.5,5.7,511.0,R/V JAMES W. JOSEPH,IMO0000000,JOSEPH,37.0,,14.0,6.0,,,B
338191464,2019-05-08T16:15:00,39.4066,-75.49131,5.7,135.4,511.0,DAY DREAMER,,,37.0,,,,,,B
338447000,2019-05-08T16:15:01,38.96918,-75.20024,0.0,48.5,148.0,OSG HORIZON,IMO9436549,WDF6180,31.0,0.0,46.0,15.0,6.5,57.0,B
367120230,2019-05-08T16:13:50,38.98885,-75.21552,0.3,-168.5,511.0,SONIE,IMO9373723,WDD2812,31.0,0.0,24.0,9.0,4.0,52.0,B
338019392,2019-05-08T16:14:59,39.31423,-75.38445,5.5,136.3,511.0,NORTHSTAR 10,,,90.0,0.0,15.0,6.0,2.0,90.0,B
367317410,2019-05-08T16:14:09,38.97029,-74.99661,8.0,-51.5,511.0,OPPORTUNE,,WDD9868,30.0,,16.0,5.0,,,B
538004030,2019-05-08T16:14:15,38.93128,-75.16206,0.0,106.0,156.0,FRIO,IMO9596985,V7UU3,80.0,1.0,274.0,48.0,17.1,89.0,A
369222000,2019-05-08T16:15:13,39.30115,-75.3809,14.6,-91.9,318.0,LIBERTY PASSION,IMO9777888,WLPI,70.0,0.0,,,,,B
367459570,2019-05-08T16:15:29,39.13633,-75.23183,11.2,-86.1,320.0,CORAL COAST,IMO7205087,WDF5120,31.0,0.0,34.0,9.0,3.9,52.0,B
367490480,2019-05-08T16:14:18,39.01989,-75.03762,5.4,180.0,511.0,EVA MARIE,IMO8969408,WDH3461,30.0,,26.0,7.0,,,B
368051050,2019-05-08T16:14:25,39.13611,-75.22825,6.1,-85.4,321.0,,,,,0.0,,,,,B
369235000,2019-05-08T16:15:03,38.98921,-75.21601,0.0,37.2,150.0,OSG VISION,IMO9436537,WDF2493,31.0,0.0,46.0,15.0,6.5,57.0,B
311073800,2019-05-08T16:14:32,38.98892,-75.21651,0.0,-192.0,151.0,EURO,IMO9567702,C6AA5,84.0,1.0,274.0,48.0,-11.5,84.0,A
367645750,2019-05-08T16:14:48,39.02879,-75.01453,6.5,-187.1,511.0,EVENING STAR,IMO8853013,WDH7195,30.0,,24.0,7.0,,,B
367470320,2019-05-08T16:15:07,38.99839,-75.02509,9.1,8.0,511.0,CHARISMA,,WDF6070,30.0,,13.0,,,,B
538006702,2019-05-08T16:15:33,38.96895,-75.2007,0.0,34.6,150.0,NAMSEN,IMO9761528,V7QJ6,80.0,1.0,,,,,A
367120230,2019-05-08T16:15:01,38.98882,-75.21555,0.1,84.7,511.0,SONIE,IMO9373723,WDD2812,31.0,0.0,24.0,9.0,4.0,52.0,B
338233543,2019-05-08T16:15:41,39.1972,-75.04051,6.2,-116.5,511.0,R/V JAMES W. JOSEPH,IMO0000000,JOSEPH,37.0,,14.0,6.0,,,B
367490480,2019-05-08T16:15:48,39.0177,-75.03728,5.0,133.6,511.0,EVA MARIE,IMO8969408,WDH3461,30.0,,26.0,7.0,,,B
367317410,2019-05-08T16:15:39,38.97372,-74.99698,7.9,-58.3,511.0,OPPORTUNE,,WDD9868,30.0,,16.0,5.0,,,B
367539750,2019-05-08T16:15:49,38.97988,-74.98765,0.5,-180.5,511.0,ONNERED,,WDG4753,30.0,,18.0,6.0,,,B
367127000,2019-05-08T16:15:24,39.34811,-75.43452,15.3,-91.9,318.0,HOUSTON,IMO8220761,KCDK,80.0,0.0,187.0,27.0,11.0,,B
255805987,2019-05-08T16:14:21,39.38025,-75.47434,15.5,139.2,140.0,WIDUKIND,IMO9252735,CQIK7,70.0,0.0,220.0,32.0,12.2,71.0,A
366914190,2019-05-08T16:14:28,38.92154,-75.02327,11.1,31.6,37.0,NEW JERSEY,IMO8643078,WYU8850,60.0,0.0,86.0,20.0,,,A
368051050,2019-05-08T16:15:35,39.13766,-75.22968,6.0,-86.8,319.0,,,,,0.0,,,,,B
366914190,2019-05-08T16:16:14,38.92602,-75.01897,11.7,38.0,41.0,NEW JERSEY,IMO8643078,WYU8850,60.0,0.0,86.0,20.0,,,B
255805987,2019-05-08T16:15:27,39.37665,-75.47034,15.5,140.0,140.0,WIDUKIND,IMO9252735,CQIK7,70.0,0.0,220.0,32.0,12.2,71.0,A
367459570,2019-05-08T16:16:37,39.13933,-75.23467,11.2,-86.2,320.0,CORAL COAST,IMO7205087,WDF5120,31.0,0.0,34.0,9.0,3.9,52.0,B
338447000,2019-05-08T16:17:01,38.9692,-75.20022,0.0,48.5,148.0,OSG HORIZON,IMO9436549,WDF6180,31.0,0.0,46.0,15.0,6.5,57.0,B
368051050,2019-05-08T16:16:56,39.13954,-75.23156,6.7,-86.7,322.0,,,,,0.0,,,,,B
338019392,2019-05-08T16:16:59,39.31202,-75.38167,5.6,134.7,511.0,NORTHSTAR 10,,,90.0,0.0,15.0,6.0,2.0,90.0,B
255805987,2019-05-08T16:17:21,39.37043,-75.46343,15.5,138.6,139.0,WIDUKIND,IMO9252735,CQIK7,70.0,0.0,220.0,32.0,12.2,71.0,A
240463000,2019-05-08T16:16:05,38.944,-75.17445,0.0,203.0,153.0,BOUBOULINA,IMO9298753,SZIS,80.0,1.0,274.0,50.0,17.0,80.0,A
338312656,2019-05-08T16:16:05,39.44751,-75.53397,2.4,119.8,511.0,SEA REGALIS,IMO0000000,,90.0,,8.0,2.0,,,B
369235000,2019-05-08T16:16:11,38.98922,-75.21601,0.0,37.2,149.0,OSG VISION,IMO9436537,WDF2493,31.0,0.0,46.0,15.0,6.5,57.0,B
367120230,2019-05-08T16:16:11,38.98884,-75.21551,0.1,-167.8,511.0,SONIE,IMO9373723,WDD2812,31.0,0.0,24.0,9.0,4.0,52.0,B
367645750,2019-05-08T16:16:18,39.02673,-75.01695,6.7,-187.8,511.0,EVENING STAR,IMO8853013,WDH7195,30.0,,24.0,7.0,,,B
311073800,2019-05-08T16:17:35,38.98894,-75.21658,0.0,-188.9,150.0,EURO,IMO9567702,C6AA5,84.0,1.0,274.0,48.0,-11.5,84.0,A
369222000,2019-05-08T16:17:25,39.30794,-75.38875,14.5,-91.7,318.0,LIBERTY PASSION,IMO9777888,WLPI,70.0,0.0,,,,,B
367127000,2019-05-08T16:16:30,39.35162,-75.43857,15.4,-91.7,318.0,HOUSTON,IMO8220761,KCDK,80.0,0.0,187.0,27.0,11.0,,B
367470320,2019-05-08T16:16:37,38.99961,-75.02101,7.7,155.0,511.0,CHARISMA,,WDF6070,30.0,,13.0,,,,B
367317410,2019-05-08T16:17:08,38.9771,-74.99784,8.6,-65.7,511.0,OPPORTUNE,,WDD9868,30.0,,16.0,5.0,,,B
338191464,2019-05-08T16:17:00,39.40424,-75.48855,5.5,136.1,511.0,DAY DREAMER,,,37.0,,,,,,B
367490480,2019-05-08T16:17:18,39.01748,-75.03431,6.3,120.9,511.0,EVA MARIE,IMO8969408,WDH3461,30.0,,26.0,7.0,,,B
538004030,2019-05-08T16:17:14,38.93131,-75.16205,0.0,114.5,156.0,FRIO,IMO9596985,V7UU3,80.0,1.0,274.0,48.0,17.1,89.0,A
366914190,2019-05-08T16:17:24,38.92896,-75.01605,11.7,38.4,40.0,NEW JERSEY,IMO8643078,WYU8850,60.0,0.0,86.0,20.0,,,B
369235000,2019-05-08T16:18:52,38.98921,-75.21605,0.0,37.2,148.0,OSG VISION,IMO9436537,WDF2493,31.0,0.0,46.0,15.0,6.5,57.0,B
366914190,2019-05-08T16:18:54,38.93277,-75.01236,11.5,37.5,40.0,NEW JERSEY,IMO8643078,WYU8850,60.0,0.0,86.0,20.0,,,B
367645750,2019-05-08T16:17:19,39.02545,-75.01871,6.6,-182.0,511.0,EVENING STAR,IMO8853013,WDH7195,30.0,,24.0,7.0,,,B
367127000,2019-05-08T16:17:37,39.35512,-75.44262,15.4,-91.3,318.0,HOUSTON,IMO8220761,KCDK,80.0,0.0,187.0,27.0,11.0,,B
367127000,2019-05-08T16:19:48,39.36227,-75.45079,15.6,-91.2,318.0,HOUSTON,IMO8220761,KCDK,80.0,0.0,187.0,27.0,11.0,,B
367459570,2019-05-08T16:17:38,39.14183,-75.237,11.3,-86.1,320.0,CORAL COAST,IMO7205087,WDF5120,31.0,0.0,34.0,9.0,3.9,52.0,B
367120230,2019-05-08T16:17:22,38.98883,-75.21558,0.1,-145.9,511.0,SONIE,IMO9373723,WDD2812,31.0,0.0,24.0,9.0,4.0,52.0,B
369235000,2019-05-08T16:17:22,38.98922,-75.21601,0.0,37.2,149.0,OSG VISION,IMO9436537,WDF2493,31.0,0.0,46.0,15.0,6.5,57.0,B
338191464,2019-05-08T16:18:03,39.40312,-75.4874,5.0,138.2,511.0,DAY DREAMER,,,37.0,,,,,,B
255805987,2019-05-08T16:19:08,39.36464,-75.45697,15.4,139.0,139.0,WIDUKIND,IMO9252735,CQIK7,70.0,0.0,220.0,32.0,12.2,71.0,A
338233543,2019-05-08T16:18:11,39.20065,-75.04991,16.3,-113.5,511.0,R/V JAMES W. JOSEPH,IMO0000000,JOSEPH,37.0,,14.0,6.0,,,B
368051050,2019-05-08T16:18:05,39.14144,-75.23338,7.9,-87.4,321.0,,,,,0.0,,,,,B
338019392,2019-05-08T16:18:19,39.31062,-75.3798,5.3,133.1,511.0,NORTHSTAR 10,,,90.0,0.0,15.0,6.0,2.0,90.0,B
338447000,2019-05-08T16:18:11,38.9692,-75.2002,0.0,48.5,149.0,OSG HORIZON,IMO9436549,WDF6180,31.0,0.0,46.0,15.0,6.5,57.0,B
367490480,2019-05-08T16:19:47,39.01325,-75.03247,7.7,171.6,511.0,EVA MARIE,IMO8969408,WDH3461,30.0,,26.0,7.0,,,B
367459570,2019-05-08T16:19:48,39.14733,-75.24217,11.0,-86.3,321.0,CORAL COAST,IMO7205087,WDF5120,31.0,0.0,34.0,9.0,3.9,52.0,B
369222000,2019-05-08T16:18:31,39.31132,-75.39266,14.4,-91.6,318.0,LIBERTY PASSION,IMO9777888,WLPI,70.0,0.0,,,,,B
538006702,2019-05-08T16:18:30,38.96895,-75.20068,0.0,34.6,151.0,NAMSEN,IMO9761528,V7QJ6,80.0,1.0,,,,,A
338447000,2019-05-08T16:20:01,38.96919,-75.20021,0.0,48.5,149.0,OSG HORIZON,IMO9436549,WDF6180,31.0,0.0,46.0,15.0,6.5,57.0,B
367317410,2019-05-08T16:18:39,38.98061,-74.99882,8.5,-62.7,511.0,OPPORTUNE,,WDD9868,30.0,,16.0,5.0,,,B
368051050,2019-05-08T16:20:05,39.14532,-75.23724,9.4,-87.3,321.0,,,,,0.0,,,,,B
366914190,2019-05-08T16:20:05,38.93559,-75.0092,11.3,44.8,46.0,NEW JERSEY,IMO8643078,WYU8850,60.0,0.0,86.0,20.0,,,B
367470320,2019-05-08T16:18:07,38.99609,-75.02137,8.6,172.6,511.0,CHARISMA,,WDF6070,30.0,,13.0,,,,B
367120230,2019-05-08T16:18:32,38.98883,-75.21555,0.1,72.4,511.0,SONIE,IMO9373723,WDD2812,31.0,0.0,24.0,9.0,4.0,52.0,B
338019392,2019-05-08T16:19:29,39.30946,-75.37822,5.1,134.0,511.0,NORTHSTAR 10,,,90.0,0.0,15.0,6.0,2.0,90.0,B
367645750,2019-05-08T16:19:18,39.02318,-75.02257,6.7,-173.8,511.0,EVENING STAR,IMO8853013,WDH7195,30.0,,24.0,7.0,,,B
367470320,2019-05-08T16:19:37,38.99819,-75.02156,7.4,16.3,511.0,CHARISMA,,WDF6070,30.0,,13.0,,,,B
240463000,2019-05-08T16:19:03,38.944,-75.1744,0.0,203.0,153.0,BOUBOULINA,IMO9298753,SZIS,80.0,1.0,274.0,50.0,17.0,80.0,A
368051050,2019-05-08T16:21:15,39.1478,-75.23966,9.6,-87.7,320.0,,,,,0.0,,,,,B
369222000,2019-05-08T16:21:12,39.31961,-75.40221,14.5,-91.5,318.0,LIBERTY PASSION,IMO9777888,WLPI,70.0,0.0,,,,,B
367120230,2019-05-08T16:19:51,38.98884,-75.21557,0.2,-172.1,511.0,SONIE,IMO9373723,WDD2812,31.0,0.0,24.0,9.0,4.0,52.0,B
367539750,2019-05-08T16:20:07,38.97946,-74.98851,2.1,204.0,511.0,ONNERED,,WDG4753,30.0,,18.0,6.0,,,B
338312656,2019-05-08T16:20:06,39.44743,-75.53374,1.4,-132.1,511.0,SEA REGALIS,IMO0000000,,90.0,,8.0,2.0,,,B
367459570,2019-05-08T16:21:58,39.15283,-75.24717,11.1,-85.5,320.0,CORAL COAST,IMO7205087,WDF5120,31.0,0.0,34.0,9.0,3.9,52.0,B
367127000,2019-05-08T16:21:36,39.36792,-75.45761,15.5,-94.2,315.0,HOUSTON,IMO8220761,KCDK,80.0,0.0,187.0,27.0,11.0,,B
538004030,2019-05-08T16:20:16,38.93132,-75.162,0.0,114.5,157.0,FRIO,IMO9596985,V7UU3,80.0,1.0,274.0,48.0,17.1,89.0,A
338233543,2019-05-08T16:19:12,39.20271,-75.05529,16.7,-112.5,511.0,R/V JAMES W. JOSEPH,IMO0000000,JOSEPH,37.0,,14.0,6.0,,,B
255805987,2019-05-08T16:20:15,39.36109,-75.45297,15.4,138.2,139.0,WIDUKIND,IMO9252735,CQIK7,70.0,0.0,220.0,32.0,12.2,71.0,A
338019392,2019-05-08T16:21:58,39.30711,-75.37486,5.2,133.2,511.0,NORTHSTAR 10,,,90.0,0.0,15.0,6.0,2.0,90.0,B
338191464,2019-05-08T16:20:31,39.4004,-75.48423,5.6,135.0,511.0,DAY DREAMER,,,37.0,,,,,,B
367470320,2019-05-08T16:21:07,39.00147,-75.02076,7.8,26.1,511.0,CHARISMA,,WDF6070,30.0,,13.0,,,,B
367459570,2019-05-08T16:20:57,39.15017,-75.24483,11.1,-86.5,320.0,CORAL COAST,IMO7205087,WDF5120,31.0,0.0,34.0,9.0,3.9,52.0,B
338191464,2019-05-08T16:19:30,39.40151,-75.48546,5.3,139.0,511.0,DAY DREAMER,,,37.0,,,,,,B
369222000,2019-05-08T16:22:30,39.32356,-75.4068,14.5,-91.7,319.0,LIBERTY PASSION,IMO9777888,WLPI,70.0,0.0,,,,,B
311073800,2019-05-08T16:20:33,38.98892,-75.21663,0.0,-182.0,149.0,EURO,IMO9567702,C6AA5,84.0,1.0,274.0,48.0,-11.5,84.0,A
369222000,2019-05-08T16:19:37,39.31469,-75.39655,14.5,-91.3,319.0,LIBERTY PASSION,IMO9777888,WLPI,70.0,0.0,,,,,B
367645750,2019-05-08T16:20:48,39.02194,-75.0248,3.0,-178.8,511.0,EVENING STAR,IMO8853013,WDH7195,30.0,,24.0,7.0,,,B
369235000,2019-05-08T16:22:42,38.98917,-75.21613,0.0,37.2,147.0,OSG VISION,IMO9436537,WDF2493,31.0,0.0,46.0,15.0,6.5,57.0,B
366914190,2019-05-08T16:21:14,38.93823,-75.00589,11.4,45.8,44.0,NEW JERSEY,IMO8643078,WYU8850,60.0,0.0,86.0,20.0,,,B
367490480,2019-05-08T16:20:48,39.01103,-75.03212,7.8,181.3,511.0,EVA MARIE,IMO8969408,WDH3461,30.0,,26.0,7.0,,,B
367490480,2019-05-08T16:22:47,39.00671,-75.03239,7.8,181.6,511.0,EVA MARIE,IMO8969408,WDH3461,30.0,,26.0,7.0,,,B
338233543,2019-05-08T16:21:11,39.20675,-75.06576,16.2,-112.3,511.0,R/V JAMES W. JOSEPH,IMO0000000,JOSEPH,37.0,,14.0,6.0,,,B
538006702,2019-05-08T16:21:32,38.96896,-75.2007,0.0,34.6,151.0,NAMSEN,IMO9761528,V7QJ6,80.0,1.0,,,,,A
338447000,2019-05-08T16:21:11,38.96918,-75.20021,0.0,48.5,149.0,OSG HORIZON,IMO9436549,WDF6180,31.0,0.0,46.0,15.0,6.5,57.0,B
255805987,2019-05-08T16:21:20,39.35757,-75.44897,15.4,139.0,139.0,WIDUKIND,IMO9252735,CQIK7,70.0,0.0,220.0,32.0,12.2,71.0,A
367127000,2019-05-08T16:23:06,39.3726,-75.46353,15.6,-94.1,315.0,HOUSTON,IMO8220761,KCDK,80.0,0.0,187.0,27.0,11.0,,B
369235000,2019-05-08T16:20:02,38.98919,-75.21608,0.0,37.2,148.0,OSG VISION,IMO9436537,WDF2493,31.0,0.0,46.0,15.0,6.5,57.0,B
367539750,2019-05-08T16:21:33,38.97976,-74.98735,4.8,53.4,511.0,ONNERED,,WDG4753,30.0,,18.0,6.0,,,B
367317410,2019-05-08T16:20:09,38.98393,-75.00025,8.7,-93.5,511.0,OPPORTUNE,,WDD9868,30.0,,16.0,5.0,,,B
338312656,2019-05-08T16:22:07,39.44746,-75.53488,1.9,-126.6,511.0,SEA REGALIS,IMO0000000,,90.0,,8.0,2.0,,,B
240463000,2019-05-08T16:22:04,38.944,-75.17435,0.0,203.0,152.0,BOUBOULINA,IMO9298753,SZIS,80.0,1.0,274.0,50.0,17.0,80.0,A
368051050,2019-05-08T16:23:45,39.15323,-75.24508,9.8,-86.6,321.0,,,,,0.0,,,,,B
367120230,2019-05-08T16:22:11,38.98885,-75.21558,0.2,-157.9,511.0,SONIE,IMO9373723,WDD2812,31.0,0.0,24.0,9.0,4.0,52.0,B
367645750,2019-05-08T16:22:19,39.02135,-75.02573,1.7,-181.2,511.0,EVENING STAR,IMO8853013,WDH7195,30.0,,24.0,7.0,,,B
255805987,2019-05-08T16:22:21,39.35435,-75.44531,15.4,138.0,138.0,WIDUKIND,IMO9252735,CQIK7,70.0,0.0,220.0,32.0,12.2,71.0,A
367470320,2019-05-08T16:22:37,39.00475,-75.02023,8.4,2.5,511.0,CHARISMA,,WDF6070,30.0,,13.0,,,,B
369222000,2019-05-08T16:24:30,39.32977,-75.4138,14.6,-90.5,321.0,LIBERTY PASSION,IMO9777888,WLPI,70.0,0.0,,,,,B
367127000,2019-05-08T16:24:42,39.37756,-75.46964,15.6,-92.5,320.0,HOUSTON,IMO8220761,KCDK,80.0,0.0,187.0,27.0,11.0,,B
366914190,2019-05-08T16:24:44,38.94635,-74.99598,11.8,41.0,43.0,NEW JERSEY,IMO8643078,WYU8850,60.0,0.0,86.0,20.0,,,B
367459570,2019-05-08T16:24:48,39.15983,-75.25367,11.0,-84.9,322.0,CORAL COAST,IMO7205087,WDF5120,31.0,0.0,34.0,9.0,3.9,52.0,B
367120230,2019-05-08T16:23:22,38.98883,-75.21565,0.1,-191.8,511.0,SONIE,IMO9373723,WDD2812,31.0,0.0,24.0,9.0,4.0,52.0,B
367539750,2019-05-08T16:23:03,38.98094,-74.98633,1.9,26.9,511.0,ONNERED,,WDG4753,30.0,,18.0,6.0,,,B
367120230,2019-05-08T16:21:02,38.98884,-75.21559,0.2,63.3,511.0,SONIE,IMO9373723,WDD2812,31.0,0.0,24.0,9.0,4.0,52.0,B
338019392,2019-05-08T16:23:08,39.30593,-75.37327,5.1,133.7,511.0,NORTHSTAR 10,,,90.0,0.0,15.0,6.0,2.0,90.0,B
338447000,2019-05-08T16:23:32,38.96919,-75.20016,0.0,48.5,149.0,OSG HORIZON,IMO9436549,WDF6180,31.0,0.0,46.0,15.0,6.5,57.0,B
311073800,2019-05-08T16:23:34,38.98888,-75.21665,0.0,-172.9,148.0,EURO,IMO9567702,C6AA5,84.0,1.0,274.0,48.0,-11.5,84.0,A
369235000,2019-05-08T16:25:03,38.98917,-75.21614,0.0,37.2,146.0,OSG VISION,IMO9436537,WDF2493,31.0,0.0,46.0,15.0,6.5,57.0,B
366914210,2019-05-08T16:22:49,38.78795,-75.11627,8.2,21.5,17.0,DELAWARE,IMO8990304,WYU8553,60.0,0.0,91.0,20.0,,,A
255805987,2019-05-08T16:23:27,39.35079,-75.4413,15.4,139.1,138.0,WIDUKIND,IMO9252735,CQIK7,70.0,0.0,220.0,32.0,12.2,71.0,A
366914210,2019-05-08T16:23:51,38.79025,-75.1166,8.7,-66.6,342.0,DELAWARE,IMO8990304,WYU8553,60.0,0.0,91.0,20.0,,,B
367317410,2019-05-08T16:23:09,38.98769,-75.00779,8.4,-112.9,511.0,OPPORTUNE,,WDD9868,30.0,,16.0,5.0,,,B
367539750,2019-05-08T16:25:32,38.98198,-74.98517,3.1,62.9,511.0,ONNERED,,WDG4753,30.0,,18.0,6.0,,,B
338233543,2019-05-08T16:23:12,39.21055,-75.07256,7.9,-105.8,511.0,R/V JAMES W. JOSEPH,IMO0000000,JOSEPH,37.0,,14.0,6.0,,,B
369222000,2019-05-08T16:25:42,39.33354,-75.41793,14.5,-89.9,321.0,LIBERTY PASSION,IMO9777888,WLPI,70.0,0.0,,,,,B
338191464,2019-05-08T16:24:00,39.39638,-75.47931,5.4,144.5,511.0,DAY DREAMER,,,37.0,,,,,,B
367470320,2019-05-08T16:24:07,39.00417,-75.01905,8.3,170.1,511.0,CHARISMA,,WDF6070,30.0,,13.0,,,,B
367459570,2019-05-08T16:25:57,39.16267,-75.25617,11.0,-83.9,321.0,CORAL COAST,IMO7205087,WDF5120,31.0,0.0,34.0,9.0,3.9,52.0,B
338191464,2019-05-08T16:22:00,39.3987,-75.48213,5.8,134.1,511.0,DAY DREAMER,,,37.0,,,,,,B
367490480,2019-05-08T16:24:17,39.00337,-75.03251,7.9,181.2,511.0,EVA MARIE,IMO8969408,WDH3461,30.0,,26.0,7.0,,,B
255805987,2019-05-08T16:24:33,39.34727,-75.4373,15.4,137.7,137.0,WIDUKIND,IMO9252735,CQIK7,70.0,0.0,220.0,32.0,12.2,71.0,A
367317410,2019-05-08T16:24:39,38.99082,-75.00862,8.0,-139.3,511.0,OPPORTUNE,,WDD9868,30.0,,16.0,5.0,,,B
367120230,2019-05-08T16:24:40,38.98884,-75.21561,0.2,77.6,511.0,SONIE,IMO9373723,WDD2812,31.0,0.0,24.0,9.0,4.0,52.0,B
538006702,2019-05-08T16:24:31,38.96895,-75.20068,0.0,34.6,151.0,NAMSEN,IMO9761528,V7QJ6,80.0,1.0,,,,,A
338019392,2019-05-08T16:24:38,39.30448,-75.37124,5.2,132.7,511.0,NORTHSTAR 10,,,90.0,0.0,15.0,6.0,2.0,90.0,B
338447000,2019-05-08T16:22:21,38.96922,-75.2002,0.0,48.5,149.0,OSG HORIZON,IMO9436549,WDF6180,31.0,0.0,46.0,15.0,6.5,57.0,B
366914190,2019-05-08T16:22:26,38.94091,-75.00252,11.4,42.5,44.0,NEW JERSEY,IMO8643078,WYU8850,60.0,0.0,86.0,20.0,,,B
338447000,2019-05-08T16:24:41,38.96916,-75.20016,0.0,48.5,149.0,OSG HORIZON,IMO9436549,WDF6180,31.0,0.0,46.0,15.0,6.5,57.0,B
240463000,2019-05-08T16:25:04,38.94402,-75.1743,0.0,203.0,152.0,BOUBOULINA,IMO9298753,SZIS,80.0,1.0,274.0,50.0,17.0,80.0,A
367490480,2019-05-08T16:25:18,39.00122,-75.03255,7.7,180.8,511.0,EVA MARIE,IMO8969408,WDH3461,30.0,,26.0,7.0,,,B
338191464,2019-05-08T16:25:30,39.39463,-75.47739,5.5,138.3,511.0,DAY DREAMER,,,37.0,,,,,,B
255805987,2019-05-08T16:25:38,39.34376,-75.43319,15.6,138.1,137.0,WIDUKIND,IMO9252735,CQIK7,70.0,0.0,220.0,32.0,12.2,71.0,A
338233543,2019-05-08T16:25:42,39.21106,-75.07495,0.5,-109.1,511.0,R/V JAMES W. JOSEPH,IMO0000000,JOSEPH,37.0,,14.0,6.0,,,B
367470320,2019-05-08T16:25:37,39.00368,-75.01948,6.8,-61.1,511.0,CHARISMA,,WDF6070,30.0,,13.0,,,,B
367120230,2019-05-08T16:25:51,38.98884,-75.21561,0.2,-159.4,511.0,SONIE,IMO9373723,WDD2812,31.0,0.0,24.0,9.0,4.0,52.0,B
338019392,2019-05-08T16:25:49,39.30333,-75.36962,5.3,134.1,511.0,NORTHSTAR 10,,,90.0,0.0,15.0,6.0,2.0,90.0,B
538004030,2019-05-08T16:23:16,38.9313,-75.162,0.0,-167.3,157.0,FRIO,IMO9596985,V7UU3,80.0,1.0,274.0,48.0,17.1,89.0,A
367645750,2019-05-08T16:25:18,39.01953,-75.02582,2.7,165.3,511.0,EVENING STAR,IMO8853013,WDH7195,30.0,,24.0,7.0,,,B
366914210,2019-05-08T16:25:01,38.79312,-75.1175,9.3,-62.8,346.0,DELAWARE,IMO8990304,WYU8553,60.0,0.0,91.0,20.0,,,B
367127000,2019-05-08T16:26:12,39.38251,-75.47504,15.5,-89.8,318.0,HOUSTON,IMO8220761,KCDK,80.0,0.0,187.0,27.0,11.0,,B
367645750,2019-05-08T16:26:48,39.01833,-75.0255,2.9,168.8,511.0,EVENING STAR,IMO8853013,WDH7195,30.0,,24.0,7.0,,,B
369235000,2019-05-08T16:27:03,38.98923,-75.21617,0.0,37.2,146.0,OSG VISION,IMO9436537,WDF2493,31.0,0.0,46.0,15.0,6.5,57.0,B
367459570,2019-05-08T16:27:08,39.16583,-75.25883,11.1,-85.6,322.0,CORAL COAST,IMO7205087,WDF5120,31.0,0.0,34.0,9.0,3.9,52.0,B
338447000,2019-05-08T16:27:21,38.96917,-75.20018,0.0,48.5,149.0,OSG HORIZON,IMO9436549,WDF6180,31.0,0.0,46.0,15.0,6.5,57.0,B
369222000,2019-05-08T16:27:24,39.33888,-75.42387,14.6,-91.7,318.0,LIBERTY PASSION,IMO9777888,WLPI,70.0,0.0,,,,,B
368051050,2019-05-08T16:26:26,39.15906,-75.25083,9.9,-87.6,320.0,,,,,0.0,,,,,B
367127000,2019-05-08T16:27:36,39.38703,-75.48018,15.5,-91.0,318.0,HOUSTON,IMO8220761,KCDK,80.0,0.0,187.0,27.0,11.0,,B
366914210,2019-05-08T16:27:45,38.80012,-75.11935,9.4,8.0,17.0,DELAWARE,IMO8990304,WYU8553,60.0,0.0,91.0,20.0,,,A
255805987,2019-05-08T16:27:51,39.33671,-75.42493,15.5,137.0,137.0,WIDUKIND,IMO9252735,CQIK7,70.0,0.0,220.0,32.0,12.2,71.0,A
366914190,2019-05-08T16:26:54,38.95193,-74.99057,11.7,33.4,37.0,NEW JERSEY,IMO8643078,WYU8850,60.0,0.0,86.0,20.0,,,B
367120230,2019-05-08T16:27:51,38.98883,-75.21561,0.0,15.6,511.0,SONIE,IMO9373723,WDD2812,31.0,0.0,24.0,9.0,4.0,52.0,B
368051050,2019-05-08T16:28:06,39.16273,-75.25448,10.0,-87.4,320.0,,,,,0.0,,,,,B
367317410,2019-05-08T16:26:09,38.99332,-75.00973,8.9,6.7,511.0,OPPORTUNE,,WDD9868,30.0,,16.0,5.0,,,B
538004030,2019-05-08T16:26:13,38.93132,-75.16201,0.0,-167.3,157.0,FRIO,IMO9596985,V7UU3,80.0,1.0,274.0,48.0,17.1,89.0,A
367645750,2019-05-08T16:28:18,39.0171,-75.02516,2.7,166.4,511.0,EVENING STAR,IMO8853013,WDH7195,30.0,,24.0,7.0,,,B
369222000,2019-05-08T16:28:30,39.34219,-75.42791,14.6,-93.1,317.0,LIBERTY PASSION,IMO9777888,WLPI,70.0,0.0,,,,,B
311073800,2019-05-08T16:26:35,38.98886,-75.21664,0.0,-197.3,147.0,EURO,IMO9567702,C6AA5,84.0,1.0,274.0,48.0,-11.5,84.0,A
366914190,2019-05-08T16:28:54,38.95693,-74.98544,11.5,39.7,39.0,NEW JERSEY,IMO8643078,WYU8850,60.0,0.0,86.0,20.0,,,B
367490480,2019-05-08T16:26:48,38.99797,-75.03257,7.8,178.8,511.0,EVA MARIE,IMO8969408,WDH3461,30.0,,26.0,7.0,,,B
338019392,2019-05-08T16:26:59,39.30213,-75.368,5.4,134.1,511.0,NORTHSTAR 10,,,90.0,0.0,15.0,6.0,2.0,90.0,B
367539750,2019-05-08T16:27:02,38.9827,-74.98375,3.0,55.0,511.0,ONNERED,,WDG4753,30.0,,18.0,6.0,,,B
338447000,2019-05-08T16:29:21,38.9692,-75.2002,0.0,48.5,149.0,OSG HORIZON,IMO9436549,WDF6180,31.0,0.0,46.0,15.0,6.5,57.0,B
367470320,2019-05-08T16:27:07,39.00392,-75.01948,8.5,178.9,511.0,CHARISMA,,WDF6070,30.0,,13.0,,,,B
255805987,2019-05-08T16:29:21,39.33188,-75.41922,15.6,137.0,137.0,WIDUKIND,IMO9252735,CQIK7,70.0,0.0,220.0,32.0,12.2,71.0,A
538006702,2019-05-08T16:27:33,38.96895,-75.20065,0.0,34.6,151.0,NAMSEN,IMO9761528,V7QJ6,80.0,1.0,,,,,A
369222000,2019-05-08T16:29:42,39.34585,-75.43237,14.6,-93.3,317.0,LIBERTY PASSION,IMO9777888,WLPI,70.0,0.0,,,,,B
367120230,2019-05-08T16:29:32,38.98883,-75.21564,0.1,58.1,511.0,SONIE,IMO9373723,WDD2812,31.0,0.0,24.0,9.0,4.0,52.0,B
367317410,2019-05-08T16:27:39,38.99663,-75.01137,8.7,-70.0,511.0,OPPORTUNE,,WDD9868,30.0,,16.0,5.0,,,B
367127000,2019-05-08T16:29:24,39.39285,-75.48679,15.4,-90.6,317.0,HOUSTON,IMO8220761,KCDK,80.0,0.0,187.0,27.0,11.0,,B
338191464,2019-05-08T16:27:30,39.39223,-75.47446,6.1,138.4,511.0,DAY DREAMER,,,37.0,,,,,,B
338233543,2019-05-08T16:29:44,39.20972,-75.07769,2.4,-178.7,511.0,R/V JAMES W. JOSEPH,IMO0000000,JOSEPH,37.0,,14.0,6.0,,,B
367459570,2019-05-08T16:29:38,39.172,-75.2645,11.0,-85.1,321.0,CORAL COAST,IMO7205087,WDF5120,31.0,0.0,34.0,9.0,3.9,52.0,B
367490480,2019-05-08T16:28:18,38.99466,-75.03253,7.8,178.1,511.0,EVA MARIE,IMO8969408,WDH3461,30.0,,26.0,7.0,,,B
368051050,2019-05-08T16:30:06,39.16719,-75.2587,10.0,-85.0,323.0,,,,,0.0,,,,,B
367645750,2019-05-08T16:30:18,39.01551,-75.02459,2.7,151.6,511.0,EVENING STAR,IMO8853013,WDH7195,30.0,,24.0,7.0,,,B
369235000,2019-05-08T16:28:13,38.98917,-75.21618,0.0,37.2,146.0,OSG VISION,IMO9436537,WDF2493,31.0,0.0,46.0,15.0,6.5,57.0,B
338019392,2019-05-08T16:28:07,39.30094,-75.36641,5.4,134.4,511.0,NORTHSTAR 10,,,90.0,0.0,15.0,6.0,2.0,90.0,B
240463000,2019-05-08T16:28:06,38.94407,-75.17428,0.0,203.0,152.0,BOUBOULINA,IMO9298753,SZIS,80.0,1.0,274.0,50.0,17.0,80.0,A
367470320,2019-05-08T16:28:37,39.00405,-75.01932,9.0,-160.2,511.0,CHARISMA,,WDF6070,30.0,,13.0,,,,B
338312656,2019-05-08T16:28:08,39.44849,-75.53905,2.1,-120.8,511.0,SEA REGALIS,IMO0000000,,90.0,,8.0,2.0,,,B
366914190,2019-05-08T16:30:34,38.96122,-74.98139,11.4,38.8,40.0,NEW JERSEY,IMO8643078,WYU8850,60.0,0.0,86.0,20.0,,,B
367317410,2019-05-08T16:31:09,39.0039,-75.01625,8.2,-86.7,511.0,OPPORTUNE,,WDD9868,30.0,,16.0,5.0,,,B
338447000,2019-05-08T16:31:21,38.9692,-75.20019,0.0,48.5,148.0,OSG HORIZON,IMO9436549,WDF6180,31.0,0.0,46.0,15.0,6.5,57.0,B
538004030,2019-05-08T16:29:16,38.93133,-75.16201,0.0,-159.8,157.0,FRIO,IMO9596985,V7UU3,80.0,1.0,274.0,48.0,17.1,89.0,A
366914210,2019-05-08T16:28:53,38.80335,-75.11858,11.4,11.3,16.0,DELAWARE,IMO8990304,WYU8553,60.0,0.0,91.0,20.0,,,B
338191464,2019-05-08T16:29:00,39.39037,-75.47249,6.0,138.8,511.0,DAY DREAMER,,,37.0,,,,,,B
366914210,2019-05-08T16:31:22,38.81137,-75.11657,11.6,10.4,16.0,DELAWARE,IMO8990304,WYU8553,60.0,0.0,91.0,20.0,,,B
367539750,2019-05-08T16:28:32,38.98341,-74.9823,3.0,57.8,511.0,ONNERED,,WDG4753,30.0,,18.0,6.0,,,B
369222000,2019-05-08T16:31:24,39.35096,-75.43861,14.6,-93.1,318.0,LIBERTY PASSION,IMO9777888,WLPI,70.0,0.0,,,,,B
366914190,2019-05-08T16:32:11,38.96556,-74.97796,11.0,19.1,19.0,NEW JERSEY,IMO8643078,WYU8850,60.0,0.0,86.0,20.0,,,A
369235000,2019-05-08T16:31:43,38.9892,-75.2162,0.0,37.2,146.0,OSG VISION,IMO9436537,WDF2493,31.0,0.0,46.0,15.0,6.5,57.0,B
367490480,2019-05-08T16:29:49,38.99139,-75.03234,7.9,167.3,511.0,EVA MARIE,IMO8969408,WDH3461,30.0,,26.0,7.0,,,B
311073800,2019-05-08T16:29:33,38.98887,-75.21667,0.0,-197.3,147.0,EURO,IMO9567702,C6AA5,84.0,1.0,274.0,48.0,-11.5,84.0,A
338191464,2019-05-08T16:32:00,39.38663,-75.46815,6.7,131.6,511.0,DAY DREAMER,,,37.0,,,,,,B
367120230,2019-05-08T16:30:41,38.98882,-75.21566,0.1,197.7,511.0,SONIE,IMO9373723,WDD2812,31.0,0.0,24.0,9.0,4.0,52.0,B
338019392,2019-05-08T16:29:19,39.29971,-75.3648,5.3,134.3,511.0,NORTHSTAR 10,,,90.0,0.0,15.0,6.0,2.0,90.0,B
367459570,2019-05-08T16:32:08,39.17833,-75.26983,11.1,-80.0,328.0,CORAL COAST,IMO7205087,WDF5120,31.0,0.0,34.0,9.0,3.9,52.0,B
369235000,2019-05-08T16:29:23,38.98919,-75.21618,0.0,37.2,146.0,OSG VISION,IMO9436537,WDF2493,31.0,0.0,46.0,15.0,6.5,57.0,B
367470320,2019-05-08T16:30:06,39.00401,-75.01971,0.0,72.2,511.0,CHARISMA,,WDF6070,30.0,,13.0,,,,B
255805987,2019-05-08T16:30:27,39.32843,-75.41517,15.5,137.0,138.0,WIDUKIND,IMO9252735,CQIK7,70.0,0.0,220.0,32.0,12.2,71.0,A
368051050,2019-05-08T16:31:55,39.17135,-75.26241,10.0,-85.0,323.0,,,,,0.0,,,,,B
538006702,2019-05-08T16:30:32,38.96893,-75.20065,0.0,34.6,150.0,NAMSEN,IMO9761528,V7QJ6,80.0,1.0,,,,,A
367127000,2019-05-08T16:32:42,39.40337,-75.49913,15.4,-91.4,317.0,HOUSTON,IMO8220761,KCDK,80.0,0.0,187.0,27.0,11.0,,B
338019392,2019-05-08T16:30:39,39.29832,-75.36295,5.5,134.4,511.0,NORTHSTAR 10,,,90.0,0.0,15.0,6.0,2.0,90.0,B
367539750,2019-05-08T16:30:02,38.98411,-74.98079,3.4,56.4,511.0,ONNERED,,WDG4753,30.0,,18.0,6.0,,,B
369222000,2019-05-08T16:33:12,39.35648,-75.44505,14.6,-92.1,319.0,LIBERTY PASSION,IMO9777888,WLPI,70.0,0.0,,,,,B
338233543,2019-05-08T16:31:12,39.20934,-75.07882,2.1,-149.9,511.0,R/V JAMES W. JOSEPH,IMO0000000,JOSEPH,37.0,,14.0,6.0,,,B
338233543,2019-05-08T16:34:13,39.2091,-75.08147,2.1,-138.0,511.0,R/V JAMES W. JOSEPH,IMO0000000,JOSEPH,37.0,,14.0,6.0,,,B
367470320,2019-05-08T16:31:07,39.00402,-75.01969,0.0,72.2,511.0,CHARISMA,,WDF6070,30.0,,13.0,,,,B
367120230,2019-05-08T16:32:01,38.98882,-75.21568,0.0,152.8,511.0,SONIE,IMO9373723,WDD2812,31.0,0.0,24.0,9.0,4.0,52.0,B
338019392,2019-05-08T16:32:07,39.29671,-75.36086,5.6,134.2,511.0,NORTHSTAR 10,,,90.0,0.0,15.0,6.0,2.0,90.0,B
367459570,2019-05-08T16:34:08,39.184,-75.2735,11.3,-76.2,331.0,CORAL COAST,IMO7205087,WDF5120,31.0,0.0,34.0,9.0,3.9,52.0,B
255805987,2019-05-08T16:31:33,39.32491,-75.41101,15.7,137.7,137.0,WIDUKIND,IMO9252735,CQIK7,70.0,0.0,220.0,32.0,12.2,71.0,A
538004030,2019-05-08T16:32:15,38.93132,-75.16201,0.0,-159.8,157.0,FRIO,IMO9596985,V7UU3,80.0,1.0,274.0,48.0,17.1,89.0,A
367490480,2019-05-08T16:31:47,38.98891,-75.02855,6.9,115.5,511.0,EVA MARIE,IMO8969408,WDH3461,30.0,,26.0,7.0,,,B
366914210,2019-05-08T16:34:42,38.82224,-75.11415,11.8,8.3,16.0,DELAWARE,IMO8990304,WYU8553,60.0,0.0,91.0,20.0,,,B
367539750,2019-05-08T16:32:02,38.98519,-74.98058,3.0,-94.6,511.0,ONNERED,,WDG4753,30.0,,18.0,6.0,,,B
367317410,2019-05-08T16:32:39,39.00695,-75.01748,8.0,-82.1,511.0,OPPORTUNE,,WDD9868,30.0,,16.0,5.0,,,B
366914190,2019-05-08T16:34:31,38.96727,-74.9715,10.7,95.4,87.0,NEW JERSEY,IMO8643078,WYU8850,60.0,0.0,86.0,20.0,,,A
367645750,2019-05-08T16:31:48,39.01428,-75.02365,4.1,146.4,511.0,EVENING STAR,IMO8853013,WDH7195,30.0,,24.0,7.0,,,B
311073800,2019-05-08T16:32:35,38.98885,-75.21669,0.0,-180.1,147.0,EURO,IMO9567702,C6AA5,84.0,1.0,274.0,48.0,-11.5,84.0,A
369222000,2019-05-08T16:34:55,39.36174,-75.45118,14.6,-91.7,319.0,LIBERTY PASSION,IMO9777888,WLPI,70.0,0.0,,,,,B
367120230,2019-05-08T16:33:11,38.98883,-75.21568,0.1,-101.4,511.0,SONIE,IMO9373723,WDD2812,31.0,0.0,24.0,9.0,4.0,52.0,B
367127000,2019-05-08T16:34:42,39.40973,-75.50665,15.3,-92.8,318.0,HOUSTON,IMO8220761,KCDK,80.0,0.0,187.0,27.0,11.0,,B
338019392,2019-05-08T16:33:19,39.29545,-75.35914,5.6,132.4,511.0,NORTHSTAR 10,,,90.0,0.0,15.0,6.0,2.0,90.0,B
369235000,2019-05-08T16:32:52,38.98917,-75.21621,0.0,37.2,145.0,OSG VISION,IMO9436537,WDF2493,31.0,0.0,46.0,15.0,6.5,57.0,B
240463000,2019-05-08T16:31:05,38.9441,-75.17427,0.0,203.0,151.0,BOUBOULINA,IMO9298753,SZIS,80.0,1.0,274.0,50.0,17.0,80.0,A
367539750,2019-05-08T16:33:32,38.98619,-74.98228,4.4,-105.4,511.0,ONNERED,,WDG4753,30.0,,18.0,6.0,,,B
368051050,2019-05-08T16:33:05,39.17404,-75.26475,10.0,-84.2,323.0,,,,,0.0,,,,,B
338447000,2019-05-08T16:35:31,38.96921,-75.20022,0.0,48.5,147.0,OSG HORIZON,IMO9436549,WDF6180,31.0,0.0,46.0,15.0,6.5,57.0,B
538006702,2019-05-08T16:33:35,38.96895,-75.20067,0.0,34.6,149.0,NAMSEN,IMO9761528,V7QJ6,80.0,1.0,,,,,A
367490480,2019-05-08T16:33:18,38.98825,-75.02501,6.7,83.0,511.0,EVA MARIE,IMO8969408,WDH3461,30.0,,26.0,7.0,,,B
240463000,2019-05-08T16:34:05,38.94408,-75.17422,0.0,203.0,151.0,BOUBOULINA,IMO9298753,SZIS,80.0,1.0,274.0,50.0,17.0,80.0,A
367127000,2019-05-08T16:36:06,39.41407,-75.51163,15.3,-91.3,318.0,HOUSTON,IMO8220761,KCDK,80.0,0.0,187.0,27.0,11.0,,B
338312656,2019-05-08T16:34:06,39.43832,-75.52735,19.1,136.8,511.0,SEA REGALIS,IMO0000000,,90.0,,8.0,2.0,,,B
369222000,2019-05-08T16:36:07,39.36537,-75.45538,14.6,-91.7,318.0,LIBERTY PASSION,IMO9777888,WLPI,70.0,0.0,,,,,B
255805987,2019-05-08T16:33:45,39.31791,-75.40257,15.6,136.2,137.0,WIDUKIND,IMO9252735,CQIK7,70.0,0.0,220.0,32.0,12.2,71.0,A
367120230,2019-05-08T16:34:22,38.98882,-75.21571,0.1,-202.5,511.0,SONIE,IMO9373723,WDD2812,31.0,0.0,24.0,9.0,4.0,52.0,B
367317410,2019-05-08T16:34:09,39.00696,-75.02045,1.5,-114.1,511.0,OPPORTUNE,,WDD9868,30.0,,16.0,5.0,,,B
369235000,2019-05-08T16:35:12,38.98916,-75.21624,0.0,37.2,145.0,OSG VISION,IMO9436537,WDF2493,31.0,0.0,46.0,15.0,6.5,57.0,B
369235000,2019-05-08T16:34:03,38.98917,-75.21624,0.0,37.2,145.0,OSG VISION,IMO9436537,WDF2493,31.0,0.0,46.0,15.0,6.5,57.0,B
368051050,2019-05-08T16:34:16,39.1768,-75.26722,10.0,-84.5,324.0,,,,,0.0,,,,,B
367490480,2019-05-08T16:34:47,38.99021,-75.02251,7.3,27.5,511.0,EVA MARIE,IMO8969408,WDH3461,30.0,,26.0,7.0,,,B
367645750,2019-05-08T16:34:48,39.01127,-75.0211,4.3,146.3,511.0,EVENING STAR,IMO8853013,WDH7195,30.0,,24.0,7.0,,,B
338019392,2019-05-08T16:34:38,39.29403,-75.35717,5.7,132.3,511.0,NORTHSTAR 10,,,90.0,0.0,15.0,6.0,2.0,90.0,B
367470320,2019-05-08T16:34:37,39.00419,-75.01945,0.1,-54.0,511.0,CHARISMA,,WDF6070,30.0,,13.0,,,,B
538004030,2019-05-08T16:35:16,38.93131,-75.16201,0.0,-186.9,157.0,FRIO,IMO9596985,V7UU3,80.0,1.0,274.0,48.0,17.1,89.0,A
367539750,2019-05-08T16:34:33,38.98685,-74.98357,4.3,-108.5,511.0,ONNERED,,WDG4753,30.0,,18.0,6.0,,,B
367459570,2019-05-08T16:35:19,39.18733,-75.27567,11.3,-76.3,331.0,CORAL COAST,IMO7205087,WDF5120,31.0,0.0,34.0,9.0,3.9,52.0,B
255805987,2019-05-08T16:34:51,39.31444,-75.39835,15.6,136.5,138.0,WIDUKIND,IMO9252735,CQIK7,70.0,0.0,220.0,32.0,12.2,71.0,A
311073800,2019-05-08T16:35:33,38.98883,-75.21674,0.0,-180.3,146.0,EURO,IMO9567702,C6AA5,84.0,1.0,274.0,48.0,-11.5,84.0,A
338233543,2019-05-08T16:35:42,39.20918,-75.08271,2.0,-129.1,511.0,R/V JAMES W. JOSEPH,IMO0000000,JOSEPH,37.0,,14.0,6.0,,,B
366914190,2019-05-08T16:35:35,38.96712,-74.96757,10.0,93.9,88.0,NEW JERSEY,IMO8643078,WYU8850,60.0,0.0,86.0,20.0,,,B
367490480,2019-05-08T16:36:18,38.99172,-75.02096,4.0,16.1,511.0,EVA MARIE,IMO8969408,WDH3461,30.0,,26.0,7.0,,,B
367645750,2019-05-08T16:36:19,39.00973,-75.01972,4.6,148.0,511.0,EVENING STAR,IMO8853013,WDH7195,30.0,,24.0,7.0,,,B
338019392,2019-05-08T16:35:39,39.29297,-75.35569,5.6,133.0,511.0,NORTHSTAR 10,,,90.0,0.0,15.0,6.0,2.0,90.0,B
367317410,2019-05-08T16:35:39,39.0085,-75.01874,7.0,46.3,511.0,OPPORTUNE,,WDD9868,30.0,,16.0,5.0,,,B
338312656,2019-05-08T16:36:08,39.43095,-75.51677,19.6,132.5,511.0,SEA REGALIS,IMO0000000,,90.0,,8.0,2.0,,,B
367539750,2019-05-08T16:36:02,38.98783,-74.98556,4.2,-113.3,511.0,ONNERED,,WDG4753,30.0,,18.0,6.0,,,B
538006702,2019-05-08T16:36:31,38.96896,-75.20064,0.0,34.6,149.0,NAMSEN,IMO9761528,V7QJ6,80.0,1.0,,,,,A
369235000,2019-05-08T16:36:23,38.98913,-75.21625,0.0,37.2,145.0,OSG VISION,IMO9436537,WDF2493,31.0,0.0,46.0,15.0,6.5,57.0,B
338447000,2019-05-08T16:36:41,38.9692,-75.20023,0.0,48.5,147.0,OSG HORIZON,IMO9436549,WDF6180,31.0,0.0,46.0,15.0,6.5,57.0,B
338447000,2019-05-08T16:32:22,38.96919,-75.20018,0.0,48.5,148.0,OSG HORIZON,IMO9436549,WDF6180,31.0,0.0,46.0,15.0,6.5,57.0,B
366914210,2019-05-08T16:32:23,38.81459,-75.11578,11.9,10.7,16.0,DELAWARE,IMO8990304,WYU8553,60.0,0.0,91.0,20.0,,,B
367120230,2019-05-08T16:36:41,38.98882,-75.21572,0.2,-167.7,511.0,SONIE,IMO9373723,WDD2812,31.0,0.0,24.0,9.0,4.0,52.0,B
367459570,2019-05-08T16:36:28,39.19067,-75.27783,11.4,-75.9,331.0,CORAL COAST,IMO7205087,WDF5120,31.0,0.0,34.0,9.0,3.9,52.0,B
255805987,2019-05-08T16:32:39,39.32139,-75.40681,15.7,136.6,137.0,WIDUKIND,IMO9252735,CQIK7,70.0,0.0,220.0,32.0,12.2,71.0,A
338191464,2019-05-08T16:33:01,39.3853,-75.46666,6.5,141.4,511.0,DAY DREAMER,,,37.0,,,,,,B
367645750,2019-05-08T16:33:18,39.01278,-75.02241,4.1,139.4,511.0,EVENING STAR,IMO8853013,WDH7195,30.0,,24.0,7.0,,,B
367120230,2019-05-08T16:35:31,38.9888,-75.21571,0.1,60.6,511.0,SONIE,IMO9373723,WDD2812,31.0,0.0,24.0,9.0,4.0,52.0,B
338191464,2019-05-08T16:37:00,39.38007,-75.46172,5.3,144.8,511.0,DAY DREAMER,,,37.0,,,,,,B
368051050,2019-05-08T16:37:05,39.18334,-75.27285,10.2,-79.9,329.0,,,,,0.0,,,,,B
255805987,2019-05-08T16:37:33,39.30583,-75.388,15.6,136.6,137.0,WIDUKIND,IMO9252735,CQIK7,70.0,0.0,220.0,32.0,12.2,71.0,A
338019392,2019-05-08T16:36:49,39.29174,-75.35396,5.6,132.5,511.0,NORTHSTAR 10,,,90.0,0.0,15.0,6.0,2.0,90.0,B
366914210,2019-05-08T16:37:57,38.83287,-75.11138,11.4,14.5,28.0,DELAWARE,IMO8990304,WYU8553,60.0,0.0,91.0,20.0,,,A
368051050,2019-05-08T16:38:15,39.18627,-75.27484,10.3,-75.5,333.0,,,,,0.0,,,,,B
367127000,2019-05-08T16:39:00,39.42331,-75.52239,15.3,-92.4,318.0,HOUSTON,IMO8220761,KCDK,80.0,0.0,187.0,27.0,11.0,,B
369222000,2019-05-08T16:38:55,39.37393,-75.46534,14.3,-91.6,319.0,LIBERTY PASSION,IMO9777888,WLPI,70.0,0.0,,,,,B
369235000,2019-05-08T16:40:02,38.98915,-75.21631,0.0,37.2,144.0,OSG VISION,IMO9436537,WDF2493,31.0,0.0,46.0,15.0,6.5,57.0,B
367459570,2019-05-08T16:39:29,39.19933,-75.28283,11.4,-73.8,332.0,CORAL COAST,IMO7205087,WDF5120,31.0,0.0,34.0,9.0,3.9,52.0,B
338019392,2019-05-08T16:39:28,39.28892,-75.34996,5.7,132.9,511.0,NORTHSTAR 10,,,90.0,0.0,15.0,6.0,2.0,90.0,B
338233543,2019-05-08T16:37:12,39.20931,-75.08375,0.2,30.9,511.0,R/V JAMES W. JOSEPH,IMO0000000,JOSEPH,37.0,,14.0,6.0,,,B
240463000,2019-05-08T16:37:04,38.94403,-75.17425,0.0,203.0,151.0,BOUBOULINA,IMO9298753,SZIS,80.0,1.0,274.0,50.0,17.0,80.0,A
338233543,2019-05-08T16:40:42,39.20942,-75.08545,0.5,-97.2,511.0,R/V JAMES W. JOSEPH,IMO0000000,JOSEPH,37.0,,14.0,6.0,,,B
367470320,2019-05-08T16:37:36,39.00413,-75.01929,0.5,150.5,511.0,CHARISMA,,WDF6070,30.0,,13.0,,,,B
366914210,2019-05-08T16:39:52,38.83785,-75.10697,11.7,37.3,39.0,DELAWARE,IMO8990304,WYU8553,60.0,0.0,91.0,20.0,,,B
367490480,2019-05-08T16:37:47,38.994,-75.02067,6.2,4.5,511.0,EVA MARIE,IMO8969408,WDH3461,30.0,,26.0,7.0,,,B
338447000,2019-05-08T16:40:31,38.96923,-75.20018,0.0,48.5,147.0,OSG HORIZON,IMO9436549,WDF6180,31.0,0.0,46.0,15.0,6.5,57.0,B
367645750,2019-05-08T16:37:48,39.00803,-75.01916,4.3,199.4,511.0,EVENING STAR,IMO8853013,WDH7195,30.0,,24.0,7.0,,,B
367120230,2019-05-08T16:40:31,38.98881,-75.21578,0.3,-152.9,511.0,SONIE,IMO9373723,WDD2812,31.0,0.0,24.0,9.0,4.0,52.0,B
367127000,2019-05-08T16:40:48,39.429,-75.52904,15.3,-92.2,318.0,HOUSTON,IMO8220761,KCDK,80.0,0.0,187.0,27.0,11.0,,B
367539750,2019-05-08T16:38:03,38.989,-74.98826,4.2,-106.7,511.0,ONNERED,,WDG4753,30.0,,18.0,6.0,,,B
338312656,2019-05-08T16:38:06,39.42456,-75.50632,3.0,102.4,511.0,SEA REGALIS,IMO0000000,,90.0,,8.0,2.0,,,B
367490480,2019-05-08T16:40:47,38.99893,-75.02043,6.0,-49.9,511.0,EVA MARIE,IMO8969408,WDH3461,30.0,,26.0,7.0,,,B
538004030,2019-05-08T16:38:16,38.93131,-75.16196,0.0,63.5,157.0,FRIO,IMO9596985,V7UU3,80.0,1.0,274.0,48.0,17.1,89.0,A
369222000,2019-05-08T16:41:00,39.3798,-75.47215,13.2,-91.6,319.0,LIBERTY PASSION,IMO9777888,WLPI,70.0,0.0,,,,,B
367317410,2019-05-08T16:38:09,39.0089,-75.01449,7.5,-85.7,511.0,OPPORTUNE,,WDD9868,30.0,,16.0,5.0,,,B
255805987,2019-05-08T16:38:39,39.30237,-75.38387,15.6,138.0,138.0,WIDUKIND,IMO9252735,CQIK7,70.0,0.0,220.0,32.0,12.2,71.0,A
368051050,2019-05-08T16:41:15,39.1942,-75.27942,10.4,-72.3,337.0,,,,,0.0,,,,,B
338191464,2019-05-08T16:38:30,39.3783,-75.45989,5.4,145.3,511.0,DAY DREAMER,,,37.0,,,,,,B
311073800,2019-05-08T16:38:34,38.98882,-75.21674,0.1,-147.4,145.0,EURO,IMO9567702,C6AA5,84.0,1.0,274.0,48.0,-11.5,84.0,A
367539750,2019-05-08T16:41:32,38.99117,-74.99281,4.3,-109.5,511.0,ONNERED,,WDG4753,30.0,,18.0,6.0,,,B
366914210,2019-05-08T16:41:31,38.84232,-75.10296,12.1,34.3,40.0,DELAWARE,IMO8990304,WYU8553,60.0,0.0,91.0,20.0,,,B
367645750,2019-05-08T16:39:18,39.00642,-75.0204,4.5,-193.0,511.0,EVENING STAR,IMO8853013,WDH7195,30.0,,24.0,7.0,,,B
538006702,2019-05-08T16:39:33,38.96897,-75.20067,0.0,34.6,149.0,NAMSEN,IMO9761528,V7QJ6,80.0,1.0,,,,,A
369222000,2019-05-08T16:42:34,39.38398,-75.47695,12.6,-91.6,318.0,LIBERTY PASSION,IMO9777888,WLPI,70.0,0.0,,,,,A
367459570,2019-05-08T16:42:38,39.2085,-75.28817,11.4,-75.6,334.0,CORAL COAST,IMO7205087,WDF5120,31.0,0.0,34.0,9.0,3.9,52.0,B
367317410,2019-05-08T16:39:39,39.01108,-75.01269,8.0,75.5,511.0,OPPORTUNE,,WDD9868,30.0,,16.0,5.0,,,B
338191464,2019-05-08T16:40:02,39.37645,-75.45798,5.2,143.7,511.0,DAY DREAMER,,,37.0,,,,,,B
338447000,2019-05-08T16:42:52,38.96924,-75.20016,0.0,48.5,148.0,OSG HORIZON,IMO9436549,WDF6180,31.0,0.0,46.0,15.0,6.5,57.0,B
367120230,2019-05-08T16:43:01,38.9888,-75.21578,0.1,-173.1,511.0,SONIE,IMO9373723,WDD2812,31.0,0.0,24.0,9.0,4.0,52.0,B
338312656,2019-05-08T16:40:35,39.42475,-75.50708,1.2,-136.0,511.0,SEA REGALIS,IMO0000000,,90.0,,8.0,2.0,,,B
368051050,2019-05-08T16:43:15,39.19956,-75.28237,10.4,-73.0,336.0,,,,,0.0,,,,,B
367470320,2019-05-08T16:40:36,39.00397,-75.01895,0.3,145.3,511.0,CHARISMA,,WDF6070,30.0,,13.0,,,,B
367127000,2019-05-08T16:43:24,39.43731,-75.53877,15.4,-92.1,318.0,HOUSTON,IMO8220761,KCDK,80.0,0.0,187.0,27.0,11.0,,B
338191464,2019-05-08T16:44:02,39.37253,-75.45418,4.3,145.2,511.0,DAY DREAMER,,,37.0,,,,,,B
255805987,2019-05-08T16:42:14,39.29104,-75.37052,15.3,139.6,140.0,WIDUKIND,IMO9252735,CQIK7,70.0,0.0,220.0,32.0,12.2,71.0,A
311073800,2019-05-08T16:44:35,38.98879,-75.21678,0.0,-176.2,144.0,EURO,IMO9567702,C6AA5,84.0,1.0,274.0,48.0,-11.5,84.0,A
311073800,2019-05-08T16:41:33,38.9888,-75.21676,0.1,-195.5,145.0,EURO,IMO9567702,C6AA5,84.0,1.0,274.0,48.0,-11.5,84.0,A
338019392,2019-05-08T16:42:28,39.28575,-75.34551,5.6,131.4,511.0,NORTHSTAR 10,,,90.0,0.0,15.0,6.0,2.0,90.0,B
367317410,2019-05-08T16:41:39,39.01055,-75.00764,7.7,172.4,511.0,OPPORTUNE,,WDD9868,30.0,,16.0,5.0,,,B
255805987,2019-05-08T16:44:14,39.28449,-75.36325,15.5,139.0,139.0,WIDUKIND,IMO9252735,CQIK7,70.0,0.0,220.0,32.0,12.2,71.0,A
367459570,2019-05-08T16:45:07,39.21567,-75.29217,11.1,-72.0,337.0,CORAL COAST,IMO7205087,WDF5120,31.0,0.0,34.0,9.0,3.9,52.0,B
240463000,2019-05-08T16:40:04,38.94402,-75.17428,0.0,203.0,150.0,BOUBOULINA,IMO9298753,SZIS,80.0,1.0,274.0,50.0,17.0,80.0,A
369235000,2019-05-08T16:43:01,38.98913,-75.21633,0.0,37.2,144.0,OSG VISION,IMO9436537,WDF2493,31.0,0.0,46.0,15.0,6.5,57.0,B
366914210,2019-05-08T16:43:02,38.84663,-75.09936,12.3,33.9,41.0,DELAWARE,IMO8990304,WYU8553,60.0,0.0,91.0,20.0,,,B
367490480,2019-05-08T16:42:17,39.00093,-75.02012,3.3,26.5,511.0,EVA MARIE,IMO8969408,WDH3461,30.0,,26.0,7.0,,,B
338191464,2019-05-08T16:45:30,39.37119,-75.45288,4.0,142.2,511.0,DAY DREAMER,,,37.0,,,,,,B
369222000,2019-05-08T16:44:34,39.38916,-75.48287,12.1,-91.2,319.0,LIBERTY PASSION,IMO9777888,WLPI,70.0,0.0,,,,,B
367120230,2019-05-08T16:45:31,38.98879,-75.21581,0.0,-54.8,511.0,SONIE,IMO9373723,WDD2812,31.0,0.0,24.0,9.0,4.0,52.0,B
538006702,2019-05-08T16:42:31,38.96899,-75.2006,0.0,34.6,149.0,NAMSEN,IMO9761528,V7QJ6,80.0,1.0,,,,,A
338233543,2019-05-08T16:42:11,39.20959,-75.08585,2.8,201.7,511.0,R/V JAMES W. JOSEPH,IMO0000000,JOSEPH,37.0,,14.0,6.0,,,B
367645750,2019-05-08T16:43:18,39.0044,-75.0219,1.1,197.3,511.0,EVENING STAR,IMO8853013,WDH7195,30.0,,24.0,7.0,,,B
367127000,2019-05-08T16:45:24,39.44363,-75.5462,15.5,-91.4,319.0,HOUSTON,IMO8220761,KCDK,80.0,0.0,187.0,27.0,11.0,,B
338019392,2019-05-08T16:45:27,39.28265,-75.34114,5.5,133.9,511.0,NORTHSTAR 10,,,90.0,0.0,15.0,6.0,2.0,90.0,B
369235000,2019-05-08T16:45:42,38.98912,-75.21635,0.0,37.2,143.0,OSG VISION,IMO9436537,WDF2493,31.0,0.0,46.0,15.0,6.5,57.0,B
367317410,2019-05-08T16:43:09,39.00767,-75.00911,8.1,148.4,511.0,OPPORTUNE,,WDD9868,30.0,,16.0,5.0,,,B
338233543,2019-05-08T16:43:12,39.20854,-75.08513,4.5,147.6,511.0,R/V JAMES W. JOSEPH,IMO0000000,JOSEPH,37.0,,14.0,6.0,,,B
367459570,2019-05-08T16:46:27,39.21933,-75.29417,11.0,-72.2,338.0,CORAL COAST,IMO7205087,WDF5120,31.0,0.0,34.0,9.0,3.9,52.0,B
367490480,2019-05-08T16:43:18,39.00167,-75.01936,3.2,55.6,511.0,EVA MARIE,IMO8969408,WDH3461,30.0,,26.0,7.0,,,B
367539750,2019-05-08T16:43:02,38.99214,-74.99473,4.3,-105.2,511.0,ONNERED,,WDG4753,30.0,,18.0,6.0,,,B
240463000,2019-05-08T16:43:04,38.94402,-75.17435,0.0,203.0,149.0,BOUBOULINA,IMO9298753,SZIS,80.0,1.0,274.0,50.0,17.0,80.0,A
367470320,2019-05-08T16:43:36,39.00389,-75.01891,0.8,-201.0,511.0,CHARISMA,,WDF6070,30.0,,13.0,,,,B
338447000,2019-05-08T16:47:12,38.96922,-75.20018,0.0,48.5,147.0,OSG HORIZON,IMO9436549,WDF6180,31.0,0.0,46.0,15.0,6.5,57.0,B
538004030,2019-05-08T16:41:15,38.9313,-75.1619,0.0,75.6,157.0,FRIO,IMO9596985,V7UU3,80.0,1.0,274.0,48.0,17.1,89.0,A
367127000,2019-05-08T16:46:42,39.44785,-75.55093,15.6,-90.6,319.0,HOUSTON,IMO8220761,KCDK,80.0,0.0,187.0,27.0,11.0,,B
366914210,2019-05-08T16:44:22,38.85043,-75.09613,12.3,32.6,40.0,DELAWARE,IMO8990304,WYU8553,60.0,0.0,91.0,20.0,,,B
368051050,2019-05-08T16:44:26,39.2027,-75.28405,10.3,-71.0,339.0,,,,,0.0,,,,,B
538004030,2019-05-08T16:44:16,38.93131,-75.16183,0.0,71.6,159.0,FRIO,IMO9596985,V7UU3,80.0,1.0,274.0,48.0,17.1,89.0,A
367317410,2019-05-08T16:44:40,39.00716,-75.0048,8.4,94.1,511.0,OPPORTUNE,,WDD9868,30.0,,16.0,5.0,,,B
367539750,2019-05-08T16:44:32,38.99314,-74.9966,4.0,-108.2,511.0,ONNERED,,WDG4753,30.0,,18.0,6.0,,,B
367490480,2019-05-08T16:47:47,39.00303,-75.01841,2.1,-118.2,511.0,EVA MARIE,IMO8969408,WDH3461,30.0,,26.0,7.0,,,B
366914210,2019-05-08T16:48:02,38.86099,-75.08718,12.4,33.0,40.0,DELAWARE,IMO8990304,WYU8553,60.0,0.0,91.0,20.0,,,B
369235000,2019-05-08T16:47:53,38.9891,-75.21634,0.0,37.2,143.0,OSG VISION,IMO9436537,WDF2493,31.0,0.0,46.0,15.0,6.5,57.0,B
338019392,2019-05-08T16:48:17,39.27983,-75.33682,5.6,129.9,511.0,NORTHSTAR 10,,,90.0,0.0,15.0,6.0,2.0,90.0,B
367127000,2019-05-08T16:48:24,39.45347,-75.55722,15.4,-91.3,326.0,HOUSTON,IMO8220761,KCDK,80.0,0.0,187.0,27.0,11.0,,B
367120230,2019-05-08T16:48:21,38.9888,-75.21582,0.0,-144.6,511.0,SONIE,IMO9373723,WDD2812,31.0,0.0,24.0,9.0,4.0,52.0,B
368051050,2019-05-08T16:45:36,39.20582,-75.28569,10.4,-71.8,338.0,,,,,0.0,,,,,B
366914210,2019-05-08T16:45:31,38.85376,-75.09335,12.4,33.4,41.0,DELAWARE,IMO8990304,WYU8553,60.0,0.0,91.0,20.0,,,B
240463000,2019-05-08T16:46:03,38.94398,-75.17443,0.0,-160.6,149.0,BOUBOULINA,IMO9298753,SZIS,80.0,1.0,274.0,50.0,17.0,80.0,A
367539750,2019-05-08T16:46:02,38.99415,-74.99843,4.2,-110.2,511.0,ONNERED,,WDG4753,30.0,,18.0,6.0,,,B
368051050,2019-05-08T16:46:44,39.20885,-75.28728,10.3,-70.8,339.0,,,,,0.0,,,,,B
367470320,2019-05-08T16:46:37,39.00359,-75.01899,0.8,-195.5,511.0,CHARISMA,,WDF6070,30.0,,13.0,,,,B
338233543,2019-05-08T16:46:43,39.20716,-75.08025,4.6,112.3,511.0,R/V JAMES W. JOSEPH,IMO0000000,JOSEPH,37.0,,14.0,6.0,,,B
367645750,2019-05-08T16:46:19,39.00184,-75.02244,2.9,154.9,511.0,EVENING STAR,IMO8853013,WDH7195,30.0,,24.0,7.0,,,B
338191464,2019-05-08T16:47:01,39.36995,-75.45161,3.7,139.0,511.0,DAY DREAMER,,,37.0,,,,,,B
538004030,2019-05-08T16:47:17,38.9313,-75.16173,0.0,70.3,161.0,FRIO,IMO9596985,V7UU3,80.0,1.0,274.0,48.0,17.1,89.0,A
367539750,2019-05-08T16:47:32,38.99509,-74.99775,4.4,69.5,511.0,ONNERED,,WDG4753,30.0,,18.0,6.0,,,B
368051050,2019-05-08T16:47:45,39.21155,-75.28875,10.3,-73.7,339.0,,,,,0.0,,,,,B
367645750,2019-05-08T16:47:48,39.00078,-75.02165,2.9,141.8,511.0,EVENING STAR,IMO8853013,WDH7195,30.0,,24.0,7.0,,,B
311073800,2019-05-08T16:47:36,38.98879,-75.21681,0.0,-177.6,144.0,EURO,IMO9567702,C6AA5,84.0,1.0,274.0,48.0,-11.5,84.0,A
338447000,2019-05-08T16:48:21,38.96918,-75.20021,0.0,48.5,147.0,OSG HORIZON,IMO9436549,WDF6180,31.0,0.0,46.0,15.0,6.5,57.0,B
367645750,2019-05-08T16:44:48,39.00319,-75.02247,3.6,197.9,511.0,EVENING STAR,IMO8853013,WDH7195,30.0,,24.0,7.0,,,B
255805987,2019-05-08T16:45:21,39.28099,-75.35912,15.6,137.6,138.0,WIDUKIND,IMO9252735,CQIK7,70.0,0.0,220.0,32.0,12.2,71.0,A
338312656,2019-05-08T16:46:06,39.42359,-75.50594,2.3,144.4,511.0,SEA REGALIS,IMO0000000,,90.0,,8.0,2.0,,,B
367317410,2019-05-08T16:46:39,39.00702,-74.99884,8.1,95.1,511.0,OPPORTUNE,,WDD9868,30.0,,16.0,5.0,,,B
367459570,2019-05-08T16:48:27,39.225,-75.29733,11.2,-72.7,338.0,CORAL COAST,IMO7205087,WDF5120,31.0,0.0,34.0,9.0,3.9,52.0,B
255805987,2019-05-08T16:48:51,39.26967,-75.34585,15.7,138.2,139.0,WIDUKIND,IMO9252735,CQIK7,70.0,0.0,220.0,32.0,12.2,71.0,A
367317410,2019-05-08T16:48:09,39.00694,-74.99442,8.2,91.9,511.0,OPPORTUNE,,WDD9868,30.0,,16.0,5.0,,,B
367127000,2019-05-08T16:49:28,39.45731,-75.56006,14.9,-69.8,349.0,HOUSTON,IMO8220761,KCDK,80.0,0.0,187.0,27.0,11.0,,A
369222000,2019-05-08T16:48:34,39.39908,-75.49433,11.4,-91.6,319.0,LIBERTY PASSION,IMO9777888,WLPI,70.0,0.0,,,,,B
369222000,2019-05-08T16:49:45,39.40192,-75.49766,11.4,-92.2,319.0,LIBERTY PASSION,IMO9777888,WLPI,70.0,0.0,,,,,B
338312656,2019-05-08T16:49:35,39.42197,-75.50412,2.3,152.9,511.0,SEA REGALIS,IMO0000000,,90.0,,8.0,2.0,,,B
369235000,2019-05-08T16:50:03,38.98915,-75.21638,0.0,37.2,142.0,OSG VISION,IMO9436537,WDF2493,31.0,0.0,46.0,15.0,6.5,57.0,B
338191464,2019-05-08T16:51:00,39.36583,-75.44705,5.3,142.4,511.0,DAY DREAMER,,,37.0,,,,,,B
369222000,2019-05-08T16:51:04,39.40504,-75.50133,11.3,-92.3,318.0,LIBERTY PASSION,IMO9777888,WLPI,70.0,0.0,,,,,B
367459570,2019-05-08T16:51:08,39.23267,-75.30167,11.0,-78.2,330.0,CORAL COAST,IMO7205087,WDF5120,31.0,0.0,34.0,9.0,3.9,52.0,B
367127000,2019-05-08T16:50:42,39.4623,-75.56122,14.7,-55.9,357.0,HOUSTON,IMO8220761,KCDK,80.0,0.0,187.0,27.0,11.0,,B
338019392,2019-05-08T16:51:08,39.277,-75.33236,5.7,129.5,511.0,NORTHSTAR 10,,,90.0,0.0,15.0,6.0,2.0,90.0,B
369235000,2019-05-08T16:51:53,38.98912,-75.21636,0.0,37.2,141.0,OSG VISION,IMO9436537,WDF2493,31.0,0.0,46.0,15.0,6.5,57.0,B
367120230,2019-05-08T16:52:02,38.98881,-75.21582,0.0,-146.4,511.0,SONIE,IMO9373723,WDD2812,31.0,0.0,24.0,9.0,4.0,52.0,B
255805987,2019-05-08T16:52:08,39.25876,-75.33404,15.7,141.0,141.0,WIDUKIND,IMO9252735,CQIK7,70.0,0.0,220.0,32.0,12.2,71.0,A
338233543,2019-05-08T16:48:43,39.20626,-75.07724,4.4,114.2,511.0,R/V JAMES W. JOSEPH,IMO0000000,JOSEPH,37.0,,14.0,6.0,,,B
367539750,2019-05-08T16:52:02,38.99625,-74.99009,4.6,79.3,511.0,ONNERED,,WDG4753,30.0,,18.0,6.0,,,B
367645750,2019-05-08T16:52:18,39.00186,-75.01426,6.6,58.7,511.0,EVENING STAR,IMO8853013,WDH7195,30.0,,24.0,7.0,,,B
368051050,2019-05-08T16:49:05,39.21508,-75.29064,10.2,-72.9,338.0,,,,,0.0,,,,,B
240463000,2019-05-08T16:49:03,38.94393,-75.1745,0.0,-174.6,147.0,BOUBOULINA,IMO9298753,SZIS,80.0,1.0,274.0,50.0,17.0,80.0,A
369222000,2019-05-08T16:52:45,39.40898,-75.50599,11.2,-92.3,319.0,LIBERTY PASSION,IMO9777888,WLPI,70.0,0.0,,,,,B
368051050,2019-05-08T16:52:46,39.22453,-75.29593,10.0,-73.0,338.0,,,,,0.0,,,,,B
367127000,2019-05-08T16:52:24,39.4693,-75.56191,14.9,-52.5,358.0,HOUSTON,IMO8220761,KCDK,80.0,0.0,187.0,27.0,11.0,,B
366914210,2019-05-08T16:49:11,38.86422,-75.08438,12.0,34.2,41.0,DELAWARE,IMO8990304,WYU8553,60.0,0.0,91.0,20.0,,,B
367490480,2019-05-08T16:49:18,39.0029,-75.01929,1.5,-172.0,511.0,EVA MARIE,IMO8969408,WDH3461,30.0,,26.0,7.0,,,B
369235000,2019-05-08T16:53:03,38.98913,-75.2164,0.0,37.2,141.0,OSG VISION,IMO9436537,WDF2493,31.0,0.0,46.0,15.0,6.5,57.0,B
367470320,2019-05-08T16:49:37,39.00325,-75.01893,0.2,180.9,511.0,CHARISMA,,WDF6070,30.0,,13.0,,,,B
367120230,2019-05-08T16:53:12,38.98881,-75.21583,0.0,186.0,511.0,SONIE,IMO9373723,WDD2812,31.0,0.0,24.0,9.0,4.0,52.0,B
538004030,2019-05-08T16:53:14,38.9313,-75.16172,0.0,-163.1,161.0,FRIO,IMO9596985,V7UU3,80.0,1.0,274.0,48.0,17.1,89.0,A
367317410,2019-05-08T16:49:39,39.00722,-74.99011,7.9,85.1,511.0,OPPORTUNE,,WDD9868,30.0,,16.0,5.0,,,B
366914210,2019-05-08T16:50:12,38.86703,-75.08201,12.1,33.0,40.0,DELAWARE,IMO8990304,WYU8553,60.0,0.0,91.0,20.0,,,B
338447000,2019-05-08T16:49:31,38.96921,-75.20019,0.0,48.5,147.0,OSG HORIZON,IMO9436549,WDF6180,31.0,0.0,46.0,15.0,6.5,57.0,B
367490480,2019-05-08T16:50:48,39.00268,-75.01995,1.1,-151.8,511.0,EVA MARIE,IMO8969408,WDH3461,30.0,,26.0,7.0,,,B
338019392,2019-05-08T16:54:09,39.27392,-75.32762,5.8,128.6,511.0,NORTHSTAR 10,,,90.0,0.0,15.0,6.0,2.0,90.0,B
367127000,2019-05-08T16:53:31,39.47393,-75.5623,15.0,-53.6,356.0,HOUSTON,IMO8220761,KCDK,80.0,0.0,187.0,27.0,11.0,,B
367645750,2019-05-08T16:53:48,39.00328,-75.01142,6.0,57.6,511.0,EVENING STAR,IMO8853013,WDH7195,30.0,,24.0,7.0,,,B
368051050,2019-05-08T16:54:25,39.22873,-75.29837,10.0,-73.9,338.0,,,,,0.0,,,,,A
338447000,2019-05-08T16:50:42,38.96922,-75.20018,0.0,48.5,146.0,OSG HORIZON,IMO9436549,WDF6180,31.0,0.0,46.0,15.0,6.5,57.0,B
366914210,2019-05-08T16:51:13,38.86999,-75.0796,12.1,33.1,40.0,DELAWARE,IMO8990304,WYU8553,60.0,0.0,91.0,20.0,,,B
369235000,2019-05-08T16:54:53,38.98911,-75.2164,0.0,37.2,140.0,OSG VISION,IMO9436537,WDF2493,31.0,0.0,46.0,15.0,6.5,57.0,B
338233543,2019-05-08T16:51:12,39.20508,-75.07351,4.6,110.1,511.0,R/V JAMES W. JOSEPH,IMO0000000,JOSEPH,37.0,,14.0,6.0,,,B
368051050,2019-05-08T16:55:35,39.23159,-75.30017,9.9,-79.4,329.0,,,,,0.0,,,,,A
311073800,2019-05-08T16:50:32,38.98877,-75.21683,0.0,-180.0,143.0,EURO,IMO9567702,C6AA5,84.0,1.0,274.0,48.0,-11.5,84.0,A
538006702,2019-05-08T16:51:30,38.96894,-75.20063,0.0,34.6,147.0,NAMSEN,IMO9761528,V7QJ6,80.0,1.0,,,,,A
367459570,2019-05-08T16:55:18,39.24283,-75.31183,11.2,-92.7,313.0,CORAL COAST,IMO7205087,WDF5120,31.0,0.0,34.0,9.0,3.9,52.0,B
367317410,2019-05-08T16:54:38,39.00566,-74.97844,6.3,101.7,511.0,OPPORTUNE,,WDD9868,30.0,,16.0,5.0,,,B
338019392,2019-05-08T16:55:48,39.27232,-75.32491,5.8,126.0,511.0,NORTHSTAR 10,,,90.0,0.0,15.0,6.0,2.0,90.0,B
240463000,2019-05-08T16:52:04,38.94387,-75.17462,0.0,-189.6,145.0,BOUBOULINA,IMO9298753,SZIS,80.0,1.0,274.0,50.0,17.0,80.0,A
338447000,2019-05-08T16:51:51,38.96921,-75.20022,0.0,48.5,146.0,OSG HORIZON,IMO9436549,WDF6180,31.0,0.0,46.0,15.0,6.5,57.0,B
338233543,2019-05-08T16:52:13,39.20468,-75.07226,0.9,102.3,511.0,R/V JAMES W. JOSEPH,IMO0000000,JOSEPH,37.0,,14.0,6.0,,,B
367127000,2019-05-08T16:55:00,39.48015,-75.56279,15.1,-50.6,2.0,HOUSTON,IMO8220761,KCDK,80.0,0.0,187.0,27.0,11.0,,B
367470320,2019-05-08T16:52:37,39.00285,-75.01883,0.3,169.6,511.0,CHARISMA,,WDF6070,30.0,,13.0,,,,B
367127000,2019-05-08T16:56:31,39.48652,-75.56172,15.3,14.1,15.0,HOUSTON,IMO8220761,KCDK,80.0,0.0,187.0,27.0,11.0,,B
338447000,2019-05-08T16:53:01,38.96921,-75.20022,0.0,48.5,145.0,OSG HORIZON,IMO9436549,WDF6180,31.0,0.0,46.0,15.0,6.5,57.0,B
338312656,2019-05-08T16:53:05,39.4205,-75.50218,2.2,123.3,511.0,SEA REGALIS,IMO0000000,,90.0,,8.0,2.0,,,B
367645750,2019-05-08T16:55:48,39.00526,-75.00765,6.6,53.5,511.0,EVENING STAR,IMO8853013,WDH7195,30.0,,24.0,7.0,,,B
366914210,2019-05-08T16:55:51,38.88294,-75.06855,11.7,36.3,42.0,DELAWARE,IMO8990304,WYU8553,60.0,0.0,91.0,20.0,,,B
367539750,2019-05-08T16:53:32,38.99641,-74.98755,4.6,89.1,511.0,ONNERED,,WDG4753,30.0,,18.0,6.0,,,B
338191464,2019-05-08T16:52:01,39.36472,-75.44588,5.2,139.9,511.0,DAY DREAMER,,,37.0,,,,,,B
255805987,2019-05-08T16:53:15,39.25497,-75.3301,15.7,141.2,142.0,WIDUKIND,IMO9252735,CQIK7,70.0,0.0,220.0,32.0,12.2,71.0,A
338191464,2019-05-08T16:53:30,39.36326,-75.44432,3.7,138.3,511.0,DAY DREAMER,,,37.0,,,,,,B
311073800,2019-05-08T16:53:32,38.98875,-75.21683,0.0,-180.0,142.0,EURO,IMO9567702,C6AA5,84.0,1.0,274.0,48.0,-11.5,84.0,A
369222000,2019-05-08T16:57:34,39.42018,-75.51932,11.3,-92.1,320.0,LIBERTY PASSION,IMO9777888,WLPI,70.0,0.0,,,,,B
367490480,2019-05-08T16:54:18,39.00297,-75.02056,0.1,-71.0,511.0,EVA MARIE,IMO8969408,WDH3461,30.0,,26.0,7.0,,,B
367317410,2019-05-08T16:57:39,39.00162,-74.97601,6.8,-180.5,511.0,OPPORTUNE,,WDD9868,30.0,,16.0,5.0,,,B
338019392,2019-05-08T16:57:48,39.27034,-75.32152,6.0,127.4,511.0,NORTHSTAR 10,,,90.0,0.0,15.0,6.0,2.0,90.0,B
338233543,2019-05-08T16:53:44,39.20386,-75.07005,8.6,104.6,511.0,R/V JAMES W. JOSEPH,IMO0000000,JOSEPH,37.0,,14.0,6.0,,,B
368051050,2019-05-08T16:58:15,39.23743,-75.30582,9.8,-92.4,316.0,,,,,0.0,,,,,B
367120230,2019-05-08T16:58:11,38.98879,-75.21586,0.1,173.5,511.0,SONIE,IMO9373723,WDD2812,31.0,0.0,24.0,9.0,4.0,52.0,B
538006702,2019-05-08T16:54:31,38.96892,-75.20066,0.0,34.6,146.0,NAMSEN,IMO9761528,V7QJ6,80.0,1.0,,,,,A
367539750,2019-05-08T16:54:33,38.99646,-74.98587,4.7,88.5,511.0,ONNERED,,WDG4753,30.0,,18.0,6.0,,,B
367127000,2019-05-08T16:58:42,39.49561,-75.55861,15.5,15.5,15.0,HOUSTON,IMO8220761,KCDK,80.0,0.0,187.0,27.0,11.0,,B
338447000,2019-05-08T16:54:11,38.96919,-75.20022,0.0,48.5,145.0,OSG HORIZON,IMO9436549,WDF6180,31.0,0.0,46.0,15.0,6.5,57.0,B
369235000,2019-05-08T16:57:53,38.98912,-75.21638,0.0,37.2,140.0,OSG VISION,IMO9436537,WDF2493,31.0,0.0,46.0,15.0,6.5,57.0,B
367459570,2019-05-08T16:58:47,39.25067,-75.3215,11.2,-93.6,311.0,CORAL COAST,IMO7205087,WDF5120,31.0,0.0,34.0,9.0,3.9,52.0,B
338191464,2019-05-08T16:55:00,39.36199,-75.44293,4.3,138.4,511.0,DAY DREAMER,,,37.0,,,,,,B
367490480,2019-05-08T16:58:54,39.0019,-75.01887,0.9,193.1,511.0,EVA MARIE,IMO8969408,WDH3461,30.0,,26.0,7.0,,,B
255805987,2019-05-08T16:54:21,39.25122,-75.32623,15.8,141.0,142.0,WIDUKIND,IMO9252735,CQIK7,70.0,0.0,220.0,32.0,12.2,71.0,A
367470320,2019-05-08T16:55:37,39.00245,-75.01885,0.8,-189.0,511.0,CHARISMA,,WDF6070,30.0,,13.0,,,,B
255805987,2019-05-08T16:55:27,39.24746,-75.3223,15.8,141.2,141.0,WIDUKIND,IMO9252735,CQIK7,70.0,0.0,220.0,32.0,12.2,71.0,A
338447000,2019-05-08T16:55:21,38.9692,-75.20019,0.0,48.5,145.0,OSG HORIZON,IMO9436549,WDF6180,31.0,0.0,46.0,15.0,6.5,57.0,B
369235000,2019-05-08T16:59:22,38.98911,-75.21643,0.0,37.2,140.0,OSG VISION,IMO9436537,WDF2493,31.0,0.0,46.0,15.0,6.5,57.0,B
367120230,2019-05-08T16:59:31,38.9888,-75.21585,0.1,-144.0,511.0,SONIE,IMO9373723,WDD2812,31.0,0.0,24.0,9.0,4.0,52.0,B
538004030,2019-05-08T16:56:16,38.93128,-75.16171,0.0,-177.0,159.0,FRIO,IMO9596985,V7UU3,80.0,1.0,274.0,48.0,17.1,89.0,A
338312656,2019-05-08T16:55:35,39.42067,-75.50268,1.5,-113.8,511.0,SEA REGALIS,IMO0000000,,90.0,,8.0,2.0,,,B
367645750,2019-05-08T16:57:19,39.00679,-75.0048,6.4,57.0,511.0,EVENING STAR,IMO8853013,WDH7195,30.0,,24.0,7.0,,,B
338447000,2019-05-08T16:56:32,38.96919,-75.20023,0.0,48.5,145.0,OSG HORIZON,IMO9436549,WDF6180,31.0,0.0,46.0,15.0,6.5,57.0,B
338191464,2019-05-08T16:56:01,39.36106,-75.44195,4.7,140.7,511.0,DAY DREAMER,,,37.0,,,,,,B
367539750,2019-05-08T16:56:03,38.99653,-74.98333,4.8,87.5,511.0,ONNERED,,WDG4753,30.0,,18.0,6.0,,,B
366914210,2019-05-08T16:57:02,38.88604,-75.06578,11.4,34.5,40.0,DELAWARE,IMO8990304,WYU8553,60.0,0.0,91.0,20.0,,,B
311073800,2019-05-08T16:56:34,38.98876,-75.21684,0.0,-180.0,142.0,EURO,IMO9567702,C6AA5,84.0,1.0,274.0,48.0,-11.5,84.0,A
369222000,2019-05-08T16:59:15,39.42411,-75.52392,11.3,-91.7,320.0,LIBERTY PASSION,IMO9777888,WLPI,70.0,0.0,,,,,B
338191464,2019-05-08T16:57:30,39.35956,-75.44021,5.1,138.4,511.0,DAY DREAMER,,,37.0,,,,,,B
338312656,2019-05-08T16:57:35,39.42101,-75.50355,1.1,-120.6,511.0,SEA REGALIS,IMO0000000,,90.0,,8.0,2.0,,,B
255805987,2019-05-08T16:59:33,39.23393,-75.30723,15.6,138.2,140.0,WIDUKIND,IMO9252735,CQIK7,70.0,0.0,220.0,32.0,12.2,71.0,A
538006702,2019-05-08T16:57:29,38.96891,-75.20069,0.0,34.6,146.0,NAMSEN,IMO9761528,V7QJ6,80.0,1.0,,,,,A
367539750,2019-05-08T16:58:03,38.99629,-74.98001,4.9,133.6,511.0,ONNERED,,WDG4753,30.0,,18.0,6.0,,,B
338447000,2019-05-08T16:57:42,38.96918,-75.20023,0.0,48.5,144.0,OSG HORIZON,IMO9436549,WDF6180,31.0,0.0,46.0,15.0,6.5,57.0,B
367317410,2019-05-08T16:59:09,38.99907,-74.97795,7.5,182.3,511.0,OPPORTUNE,,WDD9868,30.0,,16.0,5.0,,,B
367645750,2019-05-08T16:58:48,39.00776,-75.00158,6.5,79.4,511.0,EVENING STAR,IMO8853013,WDH7195,30.0,,24.0,7.0,,,B
338447000,2019-05-08T16:58:51,38.96918,-75.20024,0.0,48.5,144.0,OSG HORIZON,IMO9436549,WDF6180,31.0,0.0,46.0,15.0,6.5,57.0,B
338233543,2019-05-08T16:59:13,39.20384,-75.04585,13.6,101.4,511.0,R/V JAMES W. JOSEPH,IMO0000000,JOSEPH,37.0,,14.0,6.0,,,B
366914210,2019-05-08T16:58:13,38.88908,-75.0631,11.7,34.5,40.0,DELAWARE,IMO8990304,WYU8553,60.0,0.0,91.0,20.0,,,B
368051050,2019-05-08T16:59:25,39.23982,-75.30857,10.0,-92.0,315.0,,,,,0.0,,,,,B
538004030,2019-05-08T16:59:14,38.93127,-75.16175,0.0,91.1,159.0,FRIO,IMO9596985,V7UU3,80.0,1.0,274.0,48.0,17.1,89.0,A
311073800,2019-05-08T16:59:36,38.98876,-75.21685,0.0,-180.0,141.0,EURO,IMO9567702,C6AA5,84.0,1.0,274.0,48.0,-11.5,84.0,A
366914210,2019-05-08T16:59:22,38.89204,-75.06055,11.7,33.7,41.0,DELAWARE,IMO8990304,WYU8553,60.0,0.0,91.0,20.0,,,B
240463000,2019-05-08T16:58:04,38.94375,-75.17478,0.0,-185.6,143.0,BOUBOULINA,IMO9298753,SZIS,80.0,1.0,274.0,50.0,17.0,80.0,A
367470320,2019-05-08T16:58:36,39.00203,-75.01901,0.6,178.3,511.0,CHARISMA,,WDF6070,30.0,,13.0,,,,B
338019392,2019-05-08T16:58:59,39.26915,-75.3195,6.1,127.9,511.0,NORTHSTAR 10,,,90.0,0.0,15.0,6.0,2.0,90.0,B
338191464,2019-05-08T16:59:00,39.35781,-75.43852,5.4,140.8,511.0,DAY DREAMER,,,37.0,,,,,,B
367539750,2019-05-08T16:59:32,38.994,-74.97927,6.9,170.6,511.0,ONNERED,,WDG4753,30.0,,18.0,6.0,,,B
367127000,2019-05-08T16:59:49,39.50029,-75.55695,15.6,15.3,15.0,HOUSTON,IMO8220761,KCDK,80.0,0.0,187.0,27.0,11.0,,B
367120230,2019-05-08T17:00:02,38.98879,-75.21585,0.1,144.3,511.0,SONIE,IMO9373723,WDD2812,31.0,0.0,24.0,9.0,4.0,52.0,B
255805987,2019-05-08T17:00:02,39.23234,-75.30546,15.7,139.0,139.0,WIDUKIND,IMO9252735,CQIK7,70.0,0.0,220.0,32.0,12.2,71.0,A
366914210,2019-05-08T17:00:02,38.89381,-75.05898,11.1,34.8,40.0,DELAWARE,IMO8990304,WYU8553,60.0,0.0,91.0,20.0,,,B
367459570,2019-05-08T16:59:48,39.253,-75.32433,11.6,-92.9,313.0,CORAL COAST,IMO7205087,WDF5120,31.0,0.0,34.0,9.0,3.9,52.0,B
369235000,2019-05-08T17:00:03,38.98911,-75.21638,0.0,37.2,140.0,OSG VISION,IMO9436537,WDF2493,31.0,0.0,46.0,15.0,6.5,57.0,B
367539750,2019-05-08T17:00:02,38.99302,-74.97908,7.2,170.5,511.0,ONNERED,,WDG4753,30.0,,18.0,6.0,,,B
368051050,2019-05-08T17:00:06,39.24125,-75.31028,10.1,-92.2,317.0,,,,,0.0,,,,,B
367317410,2019-05-08T17:00:09,38.99693,-74.97808,7.8,181.7,511.0,OPPORTUNE,,WDD9868,30.0,,16.0,5.0,,,B
338447000,2019-05-08T17:00:02,38.96918,-75.20027,0.0,48.5,144.0,OSG HORIZON,IMO9436549,WDF6180,31.0,0.0,46.0,15.0,6.5,57.0,B
367459570,2019-05-08T17:00:08,39.25383,-75.32517,11.4,-91.9,313.0,CORAL COAST,IMO7205087,WDF5120,31.0,0.0,34.0,9.0,3.9,52.0,B
369222000,2019-05-08T17:00:04,39.42601,-75.52613,11.2,-92.0,319.0,LIBERTY PASSION,IMO9777888,WLPI,70.0,0.0,,,,,B
338019392,2019-05-08T17:00:09,39.26797,-75.3175,6.0,127.0,511.0,NORTHSTAR 10,,,90.0,0.0,15.0,6.0,2.0,90.0,B
538006702,2019-05-08T17:00:30,38.9689,-75.20069,0.0,34.6,145.0,NAMSEN,IMO9761528,V7QJ6,80.0,1.0,,,,,A
338233543,2019-05-08T17:00:48,39.20711,-75.0394,14.5,51.0,511.0,R/V JAMES W. JOSEPH,IMO0000000,JOSEPH,37.0,,14.0,6.0,,,B
367127000,2019-05-08T17:01:01,39.50531,-75.55517,15.3,14.9,15.0,HOUSTON,IMO8220761,KCDK,80.0,0.0,187.0,27.0,11.0,,B
367645750,2019-05-08T17:00:18,39.00794,-74.99837,5.5,83.2,511.0,EVENING STAR,IMO8853013,WDH7195,30.0,,24.0,7.0,,,B
240463000,2019-05-08T17:01:05,38.9437,-75.1749,0.0,-185.6,141.0,BOUBOULINA,IMO9298753,SZIS,80.0,1.0,274.0,50.0,17.0,80.0,A
367490480,2019-05-08T17:00:24,39.00161,-75.01897,0.6,201.0,511.0,EVA MARIE,IMO8969408,WDH3461,30.0,,26.0,7.0,,,B
338191464,2019-05-08T17:01:00,39.35554,-75.43608,5.3,138.4,511.0,DAY DREAMER,,,37.0,,,,,,B
255805987,2019-05-08T17:01:08,39.22861,-75.30137,15.8,143.5,149.0,WIDUKIND,IMO9252735,CQIK7,70.0,0.0,220.0,32.0,12.2,71.0,A
367120230,2019-05-08T17:01:11,38.98879,-75.21587,0.0,-161.4,511.0,SONIE,IMO9373723,WDD2812,31.0,0.0,24.0,9.0,4.0,52.0,B
338447000,2019-05-08T17:01:11,38.96918,-75.20026,0.0,48.5,144.0,OSG HORIZON,IMO9436549,WDF6180,31.0,0.0,46.0,15.0,6.5,57.0,B
369222000,2019-05-08T17:01:15,39.42876,-75.52935,11.2,-91.4,321.0,LIBERTY PASSION,IMO9777888,WLPI,70.0,0.0,,,,,B
366914210,2019-05-08T17:01:11,38.8968,-75.05631,11.2,34.7,39.0,DELAWARE,IMO8990304,WYU8553,60.0,0.0,91.0,20.0,,,B
367127000,2019-05-08T17:00:00,39.50106,-75.55667,15.6,15.8,15.0,HOUSTON,IMO8220761,KCDK,80.0,0.0,187.0,27.0,11.0,,B
369235000,2019-05-08T17:01:13,38.98909,-75.2164,0.0,37.2,140.0,OSG VISION,IMO9436537,WDF2493,31.0,0.0,46.0,15.0,6.5,57.0,B
367539750,2019-05-08T17:01:32,38.99004,-74.97827,7.4,169.0,511.0,ONNERED,,WDG4753,30.0,,18.0,6.0,,,B
368051050,2019-05-08T17:01:15,39.2436,-75.31307,10.1,-94.3,314.0,,,,,0.0,,,,,B
367459570,2019-05-08T17:01:18,39.25667,-75.3285,11.4,-93.6,313.0,CORAL COAST,IMO7205087,WDF5120,31.0,0.0,34.0,9.0,3.9,52.0,B
338019392,2019-05-08T17:01:18,39.26675,-75.31549,5.8,129.2,511.0,NORTHSTAR 10,,,90.0,0.0,15.0,6.0,2.0,90.0,B
367645750,2019-05-08T17:01:48,39.00806,-74.99546,5.5,85.7,511.0,EVENING STAR,IMO8853013,WDH7195,30.0,,24.0,7.0,,,B
367470320,2019-05-08T17:01:37,39.00155,-75.0192,0.4,-179.8,511.0,CHARISMA,,WDF6070,30.0,,13.0,,,,B
367120230,2019-05-08T17:02:12,38.98879,-75.21587,0.0,-203.8,511.0,SONIE,IMO9373723,WDD2812,31.0,0.0,24.0,9.0,4.0,52.0,B
538004030,2019-05-08T17:02:17,38.93127,-75.16169,0.0,94.2,158.0,FRIO,IMO9596985,V7UU3,80.0,1.0,274.0,48.0,17.1,89.0,A
255805987,2019-05-08T17:02:14,39.22437,-75.29847,15.6,156.0,157.0,WIDUKIND,IMO9252735,CQIK7,70.0,0.0,220.0,32.0,12.2,71.0,A
369235000,2019-05-08T17:02:22,38.98908,-75.21642,0.0,37.2,140.0,OSG VISION,IMO9436537,WDF2493,31.0,0.0,46.0,15.0,6.5,57.0,B
368051050,2019-05-08T17:02:25,39.24596,-75.31601,10.1,-93.0,314.0,,,,,0.0,,,,,B
338447000,2019-05-08T17:02:12,38.96918,-75.20028,0.0,48.5,144.0,OSG HORIZON,IMO9436549,WDF6180,31.0,0.0,46.0,15.0,6.5,57.0,B
366914210,2019-05-08T17:02:22,38.89983,-75.05364,11.2,34.5,40.0,DELAWARE,IMO8990304,WYU8553,60.0,0.0,91.0,20.0,,,B
367317410,2019-05-08T17:01:39,38.9938,-74.97744,7.7,151.9,511.0,OPPORTUNE,,WDD9868,30.0,,16.0,5.0,,,B
369222000,2019-05-08T17:02:34,39.43183,-75.53287,11.0,-91.1,321.0,LIBERTY PASSION,IMO9777888,WLPI,70.0,0.0,,,,,B
367459570,2019-05-08T17:02:29,39.25933,-75.33183,11.3,-92.2,313.0,CORAL COAST,IMO7205087,WDF5120,31.0,0.0,34.0,9.0,3.9,52.0,B
338191464,2019-05-08T17:02:31,39.35388,-75.4341,5.3,135.3,511.0,DAY DREAMER,,,37.0,,,,,,B
367127000,2019-05-08T17:02:06,39.5097,-75.55356,14.6,16.2,16.0,HOUSTON,IMO8220761,KCDK,80.0,0.0,187.0,27.0,11.0,,B
311073800,2019-05-08T17:02:33,38.98875,-75.21686,0.0,-173.6,141.0,EURO,IMO9567702,C6AA5,84.0,1.0,274.0,48.0,-11.5,84.0,A
367317410,2019-05-08T17:03:09,38.9912,-74.97523,7.3,142.4,511.0,OPPORTUNE,,WDD9868,30.0,,16.0,5.0,,,B
338447000,2019-05-08T17:03:21,38.96919,-75.20026,0.0,48.5,144.0,OSG HORIZON,IMO9436549,WDF6180,31.0,0.0,46.0,15.0,6.5,57.0,B
367120230,2019-05-08T17:03:22,38.98878,-75.21588,0.0,22.9,511.0,SONIE,IMO9373723,WDD2812,31.0,0.0,24.0,9.0,4.0,52.0,B
255805987,2019-05-08T17:03:21,39.21996,-75.2961,15.6,158.3,154.0,WIDUKIND,IMO9252735,CQIK7,70.0,0.0,220.0,32.0,12.2,71.0,A
367645750,2019-05-08T17:03:18,39.00811,-74.99269,3.9,91.8,511.0,EVENING STAR,IMO8853013,WDH7195,30.0,,24.0,7.0,,,B
367127000,2019-05-08T17:03:13,39.51382,-75.55196,14.1,17.8,15.0,HOUSTON,IMO8220761,KCDK,80.0,0.0,187.0,27.0,11.0,,B
366914210,2019-05-08T17:03:31,38.90282,-75.05094,11.5,35.0,41.0,DELAWARE,IMO8990304,WYU8553,60.0,0.0,91.0,20.0,,,B
338019392,2019-05-08T17:03:38,39.2644,-75.31172,5.9,128.8,511.0,NORTHSTAR 10,,,90.0,0.0,15.0,6.0,2.0,90.0,B
369235000,2019-05-08T17:03:31,38.9891,-75.2164,0.0,37.2,140.0,OSG VISION,IMO9436537,WDF2493,31.0,0.0,46.0,15.0,6.5,57.0,B
369222000,2019-05-08T17:03:45,39.43461,-75.536,11.1,-90.5,322.0,LIBERTY PASSION,IMO9777888,WLPI,70.0,0.0,,,,,B
367120230,2019-05-08T17:04:31,38.98877,-75.21589,0.1,194.9,511.0,SONIE,IMO9373723,WDD2812,31.0,0.0,24.0,9.0,4.0,52.0,B
338447000,2019-05-08T17:04:31,38.96919,-75.20029,0.0,48.5,144.0,OSG HORIZON,IMO9436549,WDF6180,31.0,0.0,46.0,15.0,6.5,57.0,B
338312656,2019-05-08T17:04:06,39.42157,-75.50666,1.0,-118.3,511.0,SEA REGALIS,IMO0000000,,90.0,,8.0,2.0,,,B
367490480,2019-05-08T17:03:54,39.00127,-75.01936,0.3,-191.4,511.0,EVA MARIE,IMO8969408,WDH3461,30.0,,26.0,7.0,,,B
367127000,2019-05-08T17:04:24,39.51825,-75.55037,13.4,14.2,15.0,HOUSTON,IMO8220761,KCDK,80.0,0.0,187.0,27.0,11.0,,B
368051050,2019-05-08T17:04:45,39.25094,-75.32171,10.3,-91.5,316.0,,,,,0.0,,,,,B
240463000,2019-05-08T17:04:05,38.94362,-75.17493,0.0,-201.6,139.0,BOUBOULINA,IMO9298753,SZIS,80.0,1.0,274.0,50.0,17.0,80.0,A
367539750,2019-05-08T17:04:33,38.98361,-74.9773,8.5,162.8,511.0,ONNERED,,WDG4753,30.0,,18.0,6.0,,,B
367317410,2019-05-08T17:04:39,38.98854,-74.97315,7.8,165.0,511.0,OPPORTUNE,,WDD9868,30.0,,16.0,5.0,,,B
366914210,2019-05-08T17:04:42,38.90544,-75.04775,11.2,46.5,51.0,DELAWARE,IMO8990304,WYU8553,60.0,0.0,91.0,20.0,,,B
367470320,2019-05-08T17:04:37,39.00137,-75.01948,0.3,-156.7,511.0,CHARISMA,,WDF6070,30.0,,13.0,,,,B
338019392,2019-05-08T17:02:29,39.26559,-75.31359,5.8,129.4,511.0,NORTHSTAR 10,,,90.0,0.0,15.0,6.0,2.0,90.0,B
369235000,2019-05-08T17:04:42,38.98907,-75.21647,0.0,37.2,139.0,OSG VISION,IMO9436537,WDF2493,31.0,0.0,46.0,15.0,6.5,57.0,B
255805987,2019-05-08T17:04:27,39.21571,-75.2935,15.3,153.6,154.0,WIDUKIND,IMO9252735,CQIK7,70.0,0.0,220.0,32.0,12.2,71.0,A
538004030,2019-05-08T17:05:14,38.93126,-75.16164,0.0,137.2,158.0,FRIO,IMO9596985,V7UU3,80.0,1.0,274.0,48.0,17.1,89.0,A
367459570,2019-05-08T17:04:48,39.26483,-75.33833,11.6,-91.0,315.0,CORAL COAST,IMO7205087,WDF5120,31.0,0.0,34.0,9.0,3.9,52.0,B
367645750,2019-05-08T17:04:48,39.00794,-74.99149,1.3,121.0,511.0,EVENING STAR,IMO8853013,WDH7195,30.0,,24.0,7.0,,,B
338191464,2019-05-08T17:05:01,39.35148,-75.43045,5.3,133.3,511.0,DAY DREAMER,,,37.0,,,,,,B
338019392,2019-05-08T17:04:59,39.26302,-75.30947,6.0,128.4,511.0,NORTHSTAR 10,,,90.0,0.0,15.0,6.0,2.0,90.0,B
255805987,2019-05-08T17:05:33,39.21144,-75.29092,15.5,154.0,154.0,WIDUKIND,IMO9252735,CQIK7,70.0,0.0,220.0,32.0,12.2,71.0,A
367539750,2019-05-08T17:03:03,38.98692,-74.97777,7.5,176.4,511.0,ONNERED,,WDG4753,30.0,,18.0,6.0,,,B
367120230,2019-05-08T17:05:40,38.98877,-75.21592,0.1,192.4,511.0,SONIE,IMO9373723,WDD2812,31.0,0.0,24.0,9.0,4.0,52.0,B
366914210,2019-05-08T17:05:43,38.90751,-75.04483,11.0,48.6,51.0,DELAWARE,IMO8990304,WYU8553,60.0,0.0,91.0,20.0,,,B
369235000,2019-05-08T17:06:13,38.98904,-75.2165,0.0,37.2,139.0,OSG VISION,IMO9436537,WDF2493,31.0,0.0,46.0,15.0,6.5,57.0,B
338447000,2019-05-08T17:05:41,38.96918,-75.2003,0.0,48.5,143.0,OSG HORIZON,IMO9436549,WDF6180,31.0,0.0,46.0,15.0,6.5,57.0,B
368051050,2019-05-08T17:05:55,39.25342,-75.32465,10.3,-90.7,316.0,,,,,0.0,,,,,B
367539750,2019-05-08T17:06:02,38.98015,-74.97615,8.6,166.1,511.0,ONNERED,,WDG4753,30.0,,18.0,6.0,,,B
367459570,2019-05-08T17:05:58,39.2675,-75.34133,11.6,-92.5,315.0,CORAL COAST,IMO7205087,WDF5120,31.0,0.0,34.0,9.0,3.9,52.0,B
538006702,2019-05-08T17:03:29,38.96892,-75.20069,0.0,34.6,145.0,NAMSEN,IMO9761528,V7QJ6,80.0,1.0,,,,,A
367645750,2019-05-08T17:05:49,39.00781,-74.99121,0.6,108.9,511.0,EVENING STAR,IMO8853013,WDH7195,30.0,,24.0,7.0,,,B
369222000,2019-05-08T17:06:05,39.44011,-75.54219,11.1,-90.7,322.0,LIBERTY PASSION,IMO9777888,WLPI,70.0,0.0,,,,,B
338019392,2019-05-08T17:06:08,39.26186,-75.30751,6.0,127.0,511.0,NORTHSTAR 10,,,90.0,0.0,15.0,6.0,2.0,90.0,B
368051050,2019-05-08T17:03:35,39.24842,-75.31891,10.2,-90.8,317.0,,,,,0.0,,,,,B
367120230,2019-05-08T17:06:52,38.98875,-75.21595,0.1,-201.5,511.0,SONIE,IMO9373723,WDD2812,31.0,0.0,24.0,9.0,4.0,52.0,B
338191464,2019-05-08T17:06:30,39.3499,-75.42864,5.1,142.9,511.0,DAY DREAMER,,,37.0,,,,,,B
366914210,2019-05-08T17:07:01,38.91022,-75.04094,11.3,47.5,50.0,DELAWARE,IMO8990304,WYU8553,60.0,0.0,91.0,20.0,,,B
538006702,2019-05-08T17:06:32,38.9689,-75.20075,0.0,34.6,144.0,NAMSEN,IMO9761528,V7QJ6,80.0,1.0,,,,,A
367459570,2019-05-08T17:03:39,39.262,-75.335,11.4,-92.6,314.0,CORAL COAST,IMO7205087,WDF5120,31.0,0.0,34.0,9.0,3.9,52.0,B
255805987,2019-05-08T17:06:39,39.20715,-75.28826,15.7,155.0,155.0,WIDUKIND,IMO9252735,CQIK7,70.0,0.0,220.0,32.0,12.2,71.0,A
367490480,2019-05-08T17:06:54,39.00106,-75.01961,0.2,-197.7,511.0,EVA MARIE,IMO8969408,WDH3461,30.0,,26.0,7.0,,,B
367317410,2019-05-08T17:06:09,38.98528,-74.97279,7.9,178.9,511.0,OPPORTUNE,,WDD9868,30.0,,16.0,5.0,,,B
338447000,2019-05-08T17:06:42,38.96918,-75.20032,0.0,48.5,143.0,OSG HORIZON,IMO9436549,WDF6180,31.0,0.0,46.0,15.0,6.5,57.0,B
338191464,2019-05-08T17:04:00,39.35243,-75.43198,5.5,124.6,511.0,DAY DREAMER,,,37.0,,,,,,B
368051050,2019-05-08T17:07:06,39.25597,-75.32756,10.4,-91.3,317.0,,,,,0.0,,,,,B
369222000,2019-05-08T17:07:15,39.44288,-75.54534,11.1,-91.0,321.0,LIBERTY PASSION,IMO9777888,WLPI,70.0,0.0,,,,,B
369235000,2019-05-08T17:07:52,38.98902,-75.21653,0.0,37.2,138.0,OSG VISION,IMO9436537,WDF2493,31.0,0.0,46.0,15.0,6.5,57.0,B
338019392,2019-05-08T17:07:37,39.26036,-75.30495,6.0,127.1,511.0,NORTHSTAR 10,,,90.0,0.0,15.0,6.0,2.0,90.0,B
240463000,2019-05-08T17:07:06,38.94352,-75.17498,0.0,-200.6,136.0,BOUBOULINA,IMO9298753,SZIS,80.0,1.0,274.0,50.0,17.0,80.0,A
367459570,2019-05-08T17:07:08,39.27033,-75.34467,11.6,-91.8,314.0,CORAL COAST,IMO7205087,WDF5120,31.0,0.0,34.0,9.0,3.9,52.0,B
367645750,2019-05-08T17:07:21,39.00784,-74.99112,2.1,39.3,511.0,EVENING STAR,IMO8853013,WDH7195,30.0,,24.0,7.0,,,B
367120230,2019-05-08T17:08:02,38.98874,-75.21598,0.0,-167.9,511.0,SONIE,IMO9373723,WDD2812,31.0,0.0,24.0,9.0,4.0,52.0,B
367470320,2019-05-08T17:07:36,39.00112,-75.01979,0.3,-178.4,511.0,CHARISMA,,WDF6070,30.0,,13.0,,,,B
255805987,2019-05-08T17:08:14,39.20075,-75.28432,16.1,154.6,155.0,WIDUKIND,IMO9252735,CQIK7,70.0,0.0,220.0,32.0,12.2,71.0,A
366914210,2019-05-08T17:08:12,38.91268,-75.03749,11.2,47.9,50.0,DELAWARE,IMO8990304,WYU8553,60.0,0.0,91.0,20.0,,,B
538004030,2019-05-08T17:08:14,38.93124,-75.16164,0.1,157.7,158.0,FRIO,IMO9596985,V7UU3,80.0,1.0,274.0,48.0,17.1,89.0,A
368051050,2019-05-08T17:08:15,39.25842,-75.33037,10.4,-92.4,316.0,,,,,0.0,,,,,B
338447000,2019-05-08T17:07:52,38.96915,-75.20032,0.0,48.5,142.0,OSG HORIZON,IMO9436549,WDF6180,31.0,0.0,46.0,15.0,6.5,57.0,B
369222000,2019-05-08T17:04:56,39.4374,-75.53913,11.2,-90.6,322.0,LIBERTY PASSION,IMO9777888,WLPI,70.0,0.0,,,,,B
338191464,2019-05-08T17:08:01,39.34814,-75.42712,5.0,152.1,511.0,DAY DREAMER,,,37.0,,,,,,B
367539750,2019-05-08T17:07:32,38.97681,-74.97454,8.4,158.5,511.0,ONNERED,,WDG4753,30.0,,18.0,6.0,,,B
367317410,2019-05-08T17:08:09,38.9812,-74.97279,9.7,178.9,511.0,OPPORTUNE,,WDD9868,30.0,,16.0,5.0,,,B
367459570,2019-05-08T17:08:19,39.27317,-75.348,11.6,-92.3,314.0,CORAL COAST,IMO7205087,WDF5120,31.0,0.0,34.0,9.0,3.9,52.0,B
369222000,2019-05-08T17:08:25,39.44558,-75.54841,11.0,-91.0,320.0,LIBERTY PASSION,IMO9777888,WLPI,70.0,0.0,,,,,B
367539750,2019-05-08T17:08:33,38.97478,-74.97351,5.9,162.3,511.0,ONNERED,,WDG4753,30.0,,18.0,6.0,,,B
311073800,2019-05-08T17:08:35,38.98868,-75.21697,0.0,-188.0,139.0,EURO,IMO9567702,C6AA5,84.0,1.0,274.0,48.0,-11.5,84.0,A
367120230,2019-05-08T17:09:22,38.98871,-75.21601,0.1,-151.4,511.0,SONIE,IMO9373723,WDD2812,31.0,0.0,24.0,9.0,4.0,52.0,B
369235000,2019-05-08T17:09:02,38.98902,-75.21656,0.0,37.2,137.0,OSG VISION,IMO9436537,WDF2493,31.0,0.0,46.0,15.0,6.5,57.0,B
367645750,2019-05-08T17:09:48,39.00906,-74.98876,4.8,61.3,511.0,EVENING STAR,IMO8853013,WDH7195,30.0,,24.0,7.0,,,B
338447000,2019-05-08T17:09:22,38.96916,-75.20035,0.0,48.5,142.0,OSG HORIZON,IMO9436549,WDF6180,31.0,0.0,46.0,15.0,6.5,57.0,B
367459570,2019-05-08T17:09:48,39.27683,-75.352,11.7,-90.4,314.0,CORAL COAST,IMO7205087,WDF5120,31.0,0.0,34.0,9.0,3.9,52.0,B
338019392,2019-05-08T17:08:47,39.2592,-75.30298,5.8,126.8,511.0,NORTHSTAR 10,,,90.0,0.0,15.0,6.0,2.0,90.0,B
368051050,2019-05-08T17:09:16,39.26064,-75.33298,10.4,-91.5,317.0,,,,,0.0,,,,,B
366914210,2019-05-08T17:09:22,38.91507,-75.03398,11.1,49.8,50.0,DELAWARE,IMO8990304,WYU8553,60.0,0.0,91.0,20.0,,,B
255805987,2019-05-08T17:09:21,39.19623,-75.28154,16.1,154.2,155.0,WIDUKIND,IMO9252735,CQIK7,70.0,0.0,220.0,32.0,12.2,71.0,A
538006702,2019-05-08T17:09:31,38.96887,-75.20078,0.0,34.6,143.0,NAMSEN,IMO9761528,V7QJ6,80.0,1.0,,,,,A
369222000,2019-05-08T17:09:35,39.44833,-75.55153,11.1,-91.2,320.0,LIBERTY PASSION,IMO9777888,WLPI,70.0,0.0,,,,,B
367317410,2019-05-08T17:09:39,38.97713,-74.97265,10.0,178.2,511.0,OPPORTUNE,,WDD9868,30.0,,16.0,5.0,,,B
367490480,2019-05-08T17:09:54,39.00087,-75.01992,0.3,-175.6,511.0,EVA MARIE,IMO8969408,WDH3461,30.0,,26.0,7.0,,,B
369235000,2019-05-08T17:10:42,38.989,-75.21659,0.0,37.2,137.0,OSG VISION,IMO9436537,WDF2493,31.0,0.0,46.0,15.0,6.5,57.0,B
366914210,2019-05-08T17:10:42,38.91782,-75.02993,11.1,48.9,49.0,DELAWARE,IMO8990304,WYU8553,60.0,0.0,91.0,20.0,,,B
338019392,2019-05-08T17:09:58,39.25808,-75.30104,5.7,126.0,511.0,NORTHSTAR 10,,,90.0,0.0,15.0,6.0,2.0,90.0,B
368051050,2019-05-08T17:10:26,39.26311,-75.33585,10.4,-92.4,316.0,,,,,0.0,,,,,B
338191464,2019-05-08T17:10:01,39.34573,-75.42537,4.9,152.7,511.0,DAY DREAMER,,,37.0,,,,,,B
240463000,2019-05-08T17:10:04,38.94342,-75.17507,0.0,-194.6,134.0,BOUBOULINA,IMO9298753,SZIS,80.0,1.0,274.0,50.0,17.0,80.0,A
255805987,2019-05-08T17:10:27,39.19185,-75.27882,16.0,154.2,155.0,WIDUKIND,IMO9252735,CQIK7,70.0,0.0,220.0,32.0,12.2,71.0,A
366914190,2019-05-08T17:10:24,38.9671,-74.96331,8.3,-147.5,261.0,NEW JERSEY,IMO8643078,WYU8850,60.0,0.0,86.0,20.0,,,B
338447000,2019-05-08T17:10:32,38.96917,-75.20031,0.0,48.5,142.0,OSG HORIZON,IMO9436549,WDF6180,31.0,0.0,46.0,15.0,6.5,57.0,B
311073800,2019-05-08T17:11:35,38.98863,-75.21706,0.0,-191.3,137.0,EURO,IMO9567702,C6AA5,84.0,1.0,274.0,48.0,-11.5,84.0,A
367470320,2019-05-08T17:10:37,39.00095,-75.02005,0.3,202.7,511.0,CHARISMA,,WDF6070,30.0,,13.0,,,,B
369222000,2019-05-08T17:11:05,39.45191,-75.55552,11.2,-90.1,321.0,LIBERTY PASSION,IMO9777888,WLPI,70.0,0.0,,,,,B
367539750,2019-05-08T17:10:32,38.97269,-74.97276,3.6,169.7,511.0,ONNERED,,WDG4753,30.0,,18.0,6.0,,,B
367459570,2019-05-08T17:11:19,39.2805,-75.35633,11.6,-92.3,314.0,CORAL COAST,IMO7205087,WDF5120,31.0,0.0,34.0,9.0,3.9,52.0,B
367120230,2019-05-08T17:11:02,38.98869,-75.21606,0.1,-170.6,511.0,SONIE,IMO9373723,WDD2812,31.0,0.0,24.0,9.0,4.0,52.0,B
338019392,2019-05-08T17:11:47,39.25632,-75.29798,5.8,126.7,511.0,NORTHSTAR 10,,,90.0,0.0,15.0,6.0,2.0,90.0,B
338191464,2019-05-08T17:11:30,39.344,-75.424,5.0,145.2,511.0,DAY DREAMER,,,37.0,,,,,,B
369222000,2019-05-08T17:12:14,39.45476,-75.55852,11.1,-85.4,329.0,LIBERTY PASSION,IMO9777888,WLPI,70.0,0.0,,,,,B
338169577,2019-05-08T17:11:51,38.80234,-75.15906,17.7,-71.2,511.0,JOANNE DAIBER,,,90.0,0.0,,,,,B
367317410,2019-05-08T17:11:09,38.97343,-74.97076,9.7,158.3,511.0,OPPORTUNE,,WDD9868,30.0,,16.0,5.0,,,B
368051050,2019-05-08T17:11:36,39.26562,-75.3388,10.5,-91.3,317.0,,,,,0.0,,,,,B
538004030,2019-05-08T17:11:17,38.93118,-75.16157,0.1,138.2,157.0,FRIO,IMO9596985,V7UU3,80.0,1.0,274.0,48.0,17.1,89.0,A
367459570,2019-05-08T17:12:29,39.28333,-75.35967,11.6,-91.1,314.0,CORAL COAST,IMO7205087,WDF5120,31.0,0.0,34.0,9.0,3.9,52.0,B
338447000,2019-05-08T17:11:42,38.96914,-75.20034,0.0,48.5,142.0,OSG HORIZON,IMO9436549,WDF6180,31.0,0.0,46.0,15.0,6.5,57.0,B
255805987,2019-05-08T17:12:14,39.18474,-75.27441,15.9,154.2,155.0,WIDUKIND,IMO9252735,CQIK7,70.0,0.0,220.0,32.0,12.2,71.0,A
366914210,2019-05-08T17:11:52,38.92019,-75.02649,11.1,48.7,50.0,DELAWARE,IMO8990304,WYU8553,60.0,0.0,91.0,20.0,,,B
366914190,2019-05-08T17:11:36,38.967,-74.96679,8.7,-134.8,275.0,NEW JERSEY,IMO8643078,WYU8850,60.0,0.0,86.0,20.0,,,B
367645750,2019-05-08T17:11:18,39.01012,-74.98651,4.9,60.1,511.0,EVENING STAR,IMO8853013,WDH7195,30.0,,24.0,7.0,,,B
367120230,2019-05-08T17:12:12,38.98867,-75.21612,0.1,-115.3,511.0,SONIE,IMO9373723,WDD2812,31.0,0.0,24.0,9.0,4.0,52.0,B
338191464,2019-05-08T17:12:31,39.34289,-75.42293,5.1,142.2,511.0,DAY DREAMER,,,37.0,,,,,,B
367539750,2019-05-08T17:12:02,38.97074,-74.97189,6.6,161.2,511.0,ONNERED,,WDG4753,30.0,,18.0,6.0,,,B
369235000,2019-05-08T17:11:52,38.98901,-75.21663,0.0,37.2,136.0,OSG VISION,IMO9436537,WDF2493,31.0,0.0,46.0,15.0,6.5,57.0,B
366914190,2019-05-08T17:12:38,38.96661,-74.97056,11.4,-159.3,247.0,NEW JERSEY,IMO8643078,WYU8850,60.0,0.0,86.0,20.0,,,A
369235000,2019-05-08T17:12:53,38.98899,-75.21665,0.0,37.2,135.0,OSG VISION,IMO9436537,WDF2493,31.0,0.0,46.0,15.0,6.5,57.0,B
240463000,2019-05-08T17:13:04,38.94337,-75.17518,0.0,-201.6,132.0,BOUBOULINA,IMO9298753,SZIS,80.0,1.0,274.0,50.0,17.0,80.0,A
538006702,2019-05-08T17:12:31,38.96886,-75.20078,0.0,34.6,143.0,NAMSEN,IMO9761528,V7QJ6,80.0,1.0,,,,,A
338169577,2019-05-08T17:13:46,38.81079,-75.16414,17.5,-80.0,511.0,JOANNE DAIBER,,,90.0,0.0,,,,,B
338019392,2019-05-08T17:13:07,39.255,-75.29581,5.8,129.9,511.0,NORTHSTAR 10,,,90.0,0.0,15.0,6.0,2.0,90.0,B
367459570,2019-05-08T17:14:08,39.28717,-75.36417,11.6,-91.9,315.0,CORAL COAST,IMO7205087,WDF5120,31.0,0.0,34.0,9.0,3.9,52.0,B
368051050,2019-05-08T17:12:46,39.26817,-75.34179,10.5,-92.3,317.0,,,,,0.0,,,,,B
255805987,2019-05-08T17:13:21,39.18035,-75.2716,15.7,150.2,147.0,WIDUKIND,IMO9252735,CQIK7,70.0,0.0,220.0,32.0,12.2,71.0,A
367539750,2019-05-08T17:13:03,38.96888,-74.97081,8.0,150.0,511.0,ONNERED,,WDG4753,30.0,,18.0,6.0,,,B
338447000,2019-05-08T17:12:51,38.96914,-75.20038,0.0,48.5,141.0,OSG HORIZON,IMO9436549,WDF6180,31.0,0.0,46.0,15.0,6.5,57.0,B
369222000,2019-05-08T17:13:26,39.45803,-75.56023,10.4,-65.1,353.0,LIBERTY PASSION,IMO9777888,WLPI,70.0,0.0,,,,,B
366914210,2019-05-08T17:13:22,38.9232,-75.02197,10.9,51.4,51.0,DELAWARE,IMO8990304,WYU8553,60.0,0.0,91.0,20.0,,,B
338312656,2019-05-08T17:12:36,39.41661,-75.50357,12.0,150.5,511.0,SEA REGALIS,IMO0000000,,90.0,,8.0,2.0,,,B
538004030,2019-05-08T17:14:14,38.93114,-75.16149,0.1,141.7,158.0,FRIO,IMO9596985,V7UU3,80.0,1.0,274.0,48.0,17.1,89.0,A
367120230,2019-05-08T17:13:22,38.98869,-75.21609,0.1,-188.5,511.0,SONIE,IMO9373723,WDD2812,31.0,0.0,24.0,9.0,4.0,52.0,B
367317410,2019-05-08T17:13:39,38.96733,-74.96743,8.8,107.0,511.0,OPPORTUNE,,WDD9868,30.0,,16.0,5.0,,,B
367645750,2019-05-08T17:13:18,39.01157,-74.98345,6.1,56.7,511.0,EVENING STAR,IMO8853013,WDH7195,30.0,,24.0,7.0,,,B
366914190,2019-05-08T17:13:42,38.96469,-74.97448,12.8,-176.4,235.0,NEW JERSEY,IMO8643078,WYU8850,60.0,0.0,86.0,20.0,,,A
367470320,2019-05-08T17:13:37,39.00053,-75.02065,1.2,-176.6,511.0,CHARISMA,,WDF6070,30.0,,13.0,,,,B
255805987,2019-05-08T17:14:27,39.17641,-75.2681,15.6,144.6,145.0,WIDUKIND,IMO9252735,CQIK7,70.0,0.0,220.0,32.0,12.2,71.0,A
367317410,2019-05-08T17:15:09,38.96708,-74.96285,9.1,86.8,511.0,OPPORTUNE,,WDD9868,30.0,,16.0,5.0,,,B
366914210,2019-05-08T17:14:41,38.92588,-75.0182,10.7,44.5,45.0,DELAWARE,IMO8990304,WYU8553,60.0,0.0,91.0,20.0,,,B
367645750,2019-05-08T17:14:48,39.01164,-74.9814,4.5,140.7,511.0,EVENING STAR,IMO8853013,WDH7195,30.0,,24.0,7.0,,,B
338447000,2019-05-08T17:14:02,38.96916,-75.20037,0.0,48.5,141.0,OSG HORIZON,IMO9436549,WDF6180,31.0,0.0,46.0,15.0,6.5,57.0,B
369235000,2019-05-08T17:14:03,38.98896,-75.21669,0.0,37.2,134.0,OSG VISION,IMO9436537,WDF2493,31.0,0.0,46.0,15.0,6.5,57.0,B
338169577,2019-05-08T17:14:51,38.81536,-75.1672,17.9,-77.7,511.0,JOANNE DAIBER,,,90.0,0.0,,,,,B
338019392,2019-05-08T17:14:28,39.25365,-75.29364,5.8,129.4,511.0,NORTHSTAR 10,,,90.0,0.0,15.0,6.0,2.0,90.0,B
367539750,2019-05-08T17:14:32,38.96679,-74.96743,8.0,95.9,511.0,ONNERED,,WDG4753,30.0,,18.0,6.0,,,B
368051050,2019-05-08T17:14:46,39.27246,-75.34686,10.5,-92.5,317.0,,,,,0.0,,,,,B
367459570,2019-05-08T17:15:18,39.29,-75.3675,11.6,-92.2,314.0,CORAL COAST,IMO7205087,WDF5120,31.0,0.0,34.0,9.0,3.9,52.0,B
367120230,2019-05-08T17:16:11,38.98868,-75.21615,0.1,-137.6,511.0,SONIE,IMO9373723,WDD2812,31.0,0.0,24.0,9.0,4.0,52.0,B
369235000,2019-05-08T17:15:12,38.98896,-75.21672,0.0,37.2,133.0,OSG VISION,IMO9436537,WDF2493,31.0,0.0,46.0,15.0,6.5,57.0,B
338019392,2019-05-08T17:15:49,39.25229,-75.29143,5.9,127.5,511.0,NORTHSTAR 10,,,90.0,0.0,15.0,6.0,2.0,90.0,B
367120230,2019-05-08T17:14:32,38.98868,-75.21612,0.1,-174.7,511.0,SONIE,IMO9373723,WDD2812,31.0,0.0,24.0,9.0,4.0,52.0,B
311073800,2019-05-08T17:14:35,38.98857,-75.21709,0.0,-202.8,135.0,EURO,IMO9567702,C6AA5,84.0,1.0,274.0,48.0,-11.5,84.0,A
367459570,2019-05-08T17:16:59,39.294,-75.37217,11.6,-92.2,314.0,CORAL COAST,IMO7205087,WDF5120,31.0,0.0,34.0,9.0,3.9,52.0,B
366980160,2019-05-08T17:16:02,38.78744,-75.11707,23.1,4.2,3.0,BRANDYWINE,,WDB9646,,15.0,16.0,5.0,,,A
338191464,2019-05-08T17:14:01,39.3413,-75.42112,5.0,137.6,511.0,DAY DREAMER,,,37.0,,,,,,B
367490480,2019-05-08T17:14:56,38.99993,-75.02028,2.1,178.5,511.0,EVA MARIE,IMO8969408,WDH3461,30.0,,26.0,7.0,,,B
538006702,2019-05-08T17:15:30,38.96879,-75.20086,0.0,34.6,142.0,NAMSEN,IMO9761528,V7QJ6,80.0,1.0,,,,,A
367470320,2019-05-08T17:15:11,39.00017,-75.02107,2.1,-75.1,511.0,CHARISMA,,WDF6070,30.0,,13.0,,,,B
366914190,2019-05-08T17:15:14,38.96141,-74.98011,12.6,-176.3,234.0,NEW JERSEY,IMO8643078,WYU8850,60.0,0.0,86.0,20.0,,,B
369222000,2019-05-08T17:15:14,39.46316,-75.56121,10.3,-56.7,357.0,LIBERTY PASSION,IMO9777888,WLPI,70.0,0.0,,,,,B
338447000,2019-05-08T17:15:12,38.96914,-75.2004,0.0,48.5,141.0,OSG HORIZON,IMO9436549,WDF6180,31.0,0.0,46.0,15.0,6.5,57.0,B
368051050,2019-05-08T17:17:26,39.27823,-75.35359,10.5,-91.1,317.0,,,,,0.0,,,,,B
367539750,2019-05-08T17:16:32,38.96719,-74.9617,8.5,84.3,511.0,ONNERED,,WDG4753,30.0,,18.0,6.0,,,B
255805987,2019-05-08T17:15:33,39.17253,-75.26457,15.8,145.2,146.0,WIDUKIND,IMO9252735,CQIK7,70.0,0.0,220.0,32.0,12.2,71.0,A
368051050,2019-05-08T17:15:56,39.27499,-75.34979,10.5,-92.2,316.0,,,,,0.0,,,,,B
338169577,2019-05-08T17:15:58,38.82023,-75.17053,17.8,-84.4,511.0,JOANNE DAIBER,,,90.0,0.0,,,,,B
367090620,2019-05-08T17:15:38,38.94465,-75.3107,4.1,-101.0,511.0,BREAKWATER,,WYH7020,60.0,15.0,14.0,4.0,,,B
338019392,2019-05-08T17:16:57,39.25114,-75.28954,5.9,127.4,511.0,NORTHSTAR 10,,,90.0,0.0,15.0,6.0,2.0,90.0,B
367090620,2019-05-08T17:17:08,38.94296,-75.30796,7.8,131.2,511.0,BREAKWATER,,WYH7020,60.0,15.0,14.0,4.0,,,B
367645750,2019-05-08T17:16:18,39.00845,-74.98054,8.8,167.8,511.0,EVENING STAR,IMO8853013,WDH7195,30.0,,24.0,7.0,,,B
366914210,2019-05-08T17:16:22,38.92946,-75.01354,10.9,45.7,45.0,DELAWARE,IMO8990304,WYU8553,60.0,0.0,91.0,20.0,,,B
367490480,2019-05-08T17:16:21,38.99828,-75.02046,7.3,188.9,511.0,EVA MARIE,IMO8969408,WDH3461,30.0,,26.0,7.0,,,B
369235000,2019-05-08T17:16:21,38.98891,-75.21678,0.0,37.2,132.0,OSG VISION,IMO9436537,WDF2493,31.0,0.0,46.0,15.0,6.5,57.0,B
240463000,2019-05-08T17:16:06,38.94325,-75.17527,0.0,201.0,130.0,BOUBOULINA,IMO9298753,SZIS,80.0,1.0,274.0,50.0,17.0,80.0,A
366914190,2019-05-08T17:16:24,38.95888,-74.98422,12.6,-177.8,234.0,NEW JERSEY,IMO8643078,WYU8850,60.0,0.0,86.0,20.0,,,B
369235000,2019-05-08T17:17:32,38.9889,-75.21677,0.0,37.2,131.0,OSG VISION,IMO9436537,WDF2493,31.0,0.0,46.0,15.0,6.5,57.0,B
366980160,2019-05-08T17:17:16,38.7953,-75.11935,23.5,-69.2,338.0,BRANDYWINE,,WDB9646,,15.0,16.0,5.0,,,B
255805987,2019-05-08T17:16:39,39.16848,-75.26092,16.0,144.6,145.0,WIDUKIND,IMO9252735,CQIK7,70.0,0.0,220.0,32.0,12.2,71.0,A
367470320,2019-05-08T17:16:36,39.00099,-75.01898,6.0,68.5,511.0,CHARISMA,,WDF6070,30.0,,13.0,,,,B
338169577,2019-05-08T17:17:04,38.82467,-75.17442,17.6,-79.5,511.0,JOANNE DAIBER,,,90.0,0.0,,,,,B
338447000,2019-05-08T17:16:41,38.96908,-75.20042,0.0,48.5,140.0,OSG HORIZON,IMO9436549,WDF6180,31.0,0.0,46.0,15.0,6.5,57.0,B
338191464,2019-05-08T17:15:30,39.33963,-75.41932,5.4,140.6,511.0,DAY DREAMER,,,37.0,,,,,,B
369222000,2019-05-08T17:16:34,39.46692,-75.56176,10.4,-55.7,357.0,LIBERTY PASSION,IMO9777888,WLPI,70.0,0.0,,,,,B
338191464,2019-05-08T17:17:01,39.33796,-75.41739,5.4,138.5,511.0,DAY DREAMER,,,37.0,,,,,,B
538004030,2019-05-08T17:17:14,38.93109,-75.16145,0.1,133.3,157.0,FRIO,IMO9596985,V7UU3,80.0,1.0,274.0,48.0,17.1,89.0,A
366914210,2019-05-08T17:17:23,38.93156,-75.01075,10.6,47.4,47.0,DELAWARE,IMO8990304,WYU8553,60.0,0.0,91.0,20.0,,,B
311073800,2019-05-08T17:17:34,38.98853,-75.21712,0.0,-190.3,132.0,EURO,IMO9567702,C6AA5,84.0,1.0,274.0,48.0,-11.5,84.0,A
366914190,2019-05-08T17:17:35,38.95627,-74.98842,12.7,-178.7,233.0,NEW JERSEY,IMO8643078,WYU8850,60.0,0.0,86.0,20.0,,,B
367459570,2019-05-08T17:18:28,39.29733,-75.37617,11.4,-92.6,315.0,CORAL COAST,IMO7205087,WDF5120,31.0,0.0,34.0,9.0,3.9,52.0,B
367120230,2019-05-08T17:18:31,38.98866,-75.21621,0.1,202.7,511.0,SONIE,IMO9373723,WDD2812,31.0,0.0,24.0,9.0,4.0,52.0,B
369222000,2019-05-08T17:18:34,39.47287,-75.56249,10.7,-55.0,357.0,LIBERTY PASSION,IMO9777888,WLPI,70.0,0.0,,,,,B
366914210,2019-05-08T17:18:38,38.93411,-75.00716,10.5,52.5,60.0,DELAWARE,IMO8990304,WYU8553,60.0,0.0,91.0,20.0,,,A
367090620,2019-05-08T17:18:53,38.93782,-75.29966,24.8,129.5,511.0,BREAKWATER,,WYH7020,60.0,15.0,14.0,4.0,,,A
538006702,2019-05-08T17:18:29,38.96877,-75.20092,0.0,34.6,140.0,NAMSEN,IMO9761528,V7QJ6,80.0,1.0,,,,,A
255805987,2019-05-08T17:17:45,39.16446,-75.25729,16.1,144.2,145.0,WIDUKIND,IMO9252735,CQIK7,70.0,0.0,220.0,32.0,12.2,71.0,A
367645750,2019-05-08T17:17:48,39.00484,-74.9796,8.6,168.3,511.0,EVENING STAR,IMO8853013,WDH7195,30.0,,24.0,7.0,,,B
338447000,2019-05-08T17:17:51,38.96909,-75.20049,0.0,48.5,139.0,OSG HORIZON,IMO9436549,WDF6180,31.0,0.0,46.0,15.0,6.5,57.0,B
369235000,2019-05-08T17:19:32,38.98889,-75.2168,0.0,37.2,130.0,OSG VISION,IMO9436537,WDF2493,31.0,0.0,46.0,15.0,6.5,57.0,B
368051050,2019-05-08T17:18:56,39.28147,-75.35741,10.5,-91.8,318.0,,,,,0.0,,,,,B
338169577,2019-05-08T17:18:10,38.82903,-75.17824,17.4,-77.4,511.0,JOANNE DAIBER,,,90.0,0.0,,,,,B
367490480,2019-05-08T17:17:52,38.99498,-75.02101,8.1,187.6,511.0,EVA MARIE,IMO8969408,WDH3461,30.0,,26.0,7.0,,,B
366914190,2019-05-08T17:19:05,38.95295,-74.99378,12.9,-178.5,235.0,NEW JERSEY,IMO8643078,WYU8850,60.0,0.0,86.0,20.0,,,B
366980160,2019-05-08T17:19:12,38.80443,-75.11208,23.6,59.5,60.0,BRANDYWINE,,WDB9646,,15.0,16.0,5.0,,,B
255805987,2019-05-08T17:19:56,39.15639,-75.24996,16.2,145.3,145.0,WIDUKIND,IMO9252735,CQIK7,70.0,0.0,220.0,32.0,12.2,71.0,A
367470320,2019-05-08T17:18:07,39.00312,-75.01611,7.8,52.2,511.0,CHARISMA,,WDF6070,30.0,,13.0,,,,B
366914210,2019-05-08T17:20:11,38.93629,-75.00181,11.0,63.5,59.0,DELAWARE,IMO8990304,WYU8553,60.0,0.0,91.0,20.0,,,B
338019392,2019-05-08T17:18:08,39.24992,-75.28751,6.0,128.4,511.0,NORTHSTAR 10,,,90.0,0.0,15.0,6.0,2.0,90.0,B
240463000,2019-05-08T17:19:03,38.94318,-75.17533,0.0,194.0,127.0,BOUBOULINA,IMO9298753,SZIS,80.0,1.0,274.0,50.0,17.0,80.0,A
367459570,2019-05-08T17:20:07,39.30133,-75.38083,11.6,-91.5,316.0,CORAL COAST,IMO7205087,WDF5120,31.0,0.0,34.0,9.0,3.9,52.0,B
338447000,2019-05-08T17:19:01,38.96906,-75.20054,0.0,48.5,139.0,OSG HORIZON,IMO9436549,WDF6180,31.0,0.0,46.0,15.0,6.5,57.0,B
368051050,2019-05-08T17:20:26,39.28478,-75.36117,10.5,-90.8,318.0,,,,,0.0,,,,,B
338019392,2019-05-08T17:19:09,39.24886,-75.28582,6.1,129.6,511.0,NORTHSTAR 10,,,90.0,0.0,15.0,6.0,2.0,90.0,B
367645750,2019-05-08T17:19:18,39.00143,-74.97872,8.1,166.7,511.0,EVENING STAR,IMO8853013,WDH7195,30.0,,24.0,7.0,,,B
311073800,2019-05-08T17:20:35,38.98846,-75.2172,0.0,-193.2,131.0,EURO,IMO9567702,C6AA5,84.0,1.0,274.0,48.0,-11.5,84.0,A
367490480,2019-05-08T17:19:21,38.99163,-75.02123,7.9,180.6,511.0,EVA MARIE,IMO8969408,WDH3461,30.0,,26.0,7.0,,,B
367090620,2019-05-08T17:19:59,38.93897,-75.29083,24.4,69.1,511.0,BREAKWATER,,WYH7020,60.0,15.0,14.0,4.0,,,B
369235000,2019-05-08T17:20:52,38.98896,-75.21681,0.0,37.2,129.0,OSG VISION,IMO9436537,WDF2493,31.0,0.0,46.0,15.0,6.5,57.0,B
338169577,2019-05-08T17:19:16,38.83357,-75.18174,17.1,-86.9,511.0,JOANNE DAIBER,,,90.0,0.0,,,,,B
367120230,2019-05-08T17:19:41,38.98863,-75.21626,0.1,-168.7,511.0,SONIE,IMO9373723,WDD2812,31.0,0.0,24.0,9.0,4.0,52.0,B
338191464,2019-05-08T17:19:02,39.33585,-75.41474,5.0,140.9,511.0,DAY DREAMER,,,37.0,,,,,,B
369222000,2019-05-08T17:21:14,39.4809,-75.56317,10.8,0.7,5.0,LIBERTY PASSION,IMO9777888,WLPI,70.0,0.0,,,,,B
369222000,2019-05-08T17:19:46,39.47637,-75.56288,10.8,-54.2,358.0,LIBERTY PASSION,IMO9777888,WLPI,70.0,0.0,,,,,B
338169577,2019-05-08T17:20:21,38.83781,-75.1855,17.7,-83.2,511.0,JOANNE DAIBER,,,90.0,0.0,,,,,B
367470320,2019-05-08T17:20:06,39.00409,-75.02032,9.4,-149.6,511.0,CHARISMA,,WDF6070,30.0,,13.0,,,,B
366980160,2019-05-08T17:21:34,38.80959,-75.0939,23.6,92.7,95.0,BRANDYWINE,,WDB9646,,15.0,16.0,5.0,,,B
538004030,2019-05-08T17:20:15,38.93106,-75.16135,0.1,120.8,156.0,FRIO,IMO9596985,V7UU3,80.0,1.0,274.0,48.0,17.1,89.0,A
366914190,2019-05-08T17:20:41,38.94935,-74.99934,12.2,-186.8,223.0,NEW JERSEY,IMO8643078,WYU8850,60.0,0.0,86.0,20.0,,,A
338019392,2019-05-08T17:20:39,39.24728,-75.28326,6.1,129.9,511.0,NORTHSTAR 10,,,90.0,0.0,15.0,6.0,2.0,90.0,B
338447000,2019-05-08T17:20:12,38.96907,-75.20054,0.0,48.5,138.0,OSG HORIZON,IMO9436549,WDF6180,31.0,0.0,46.0,15.0,6.5,57.0,B
338312656,2019-05-08T17:20:05,39.40411,-75.49486,3.3,-88.7,511.0,SEA REGALIS,IMO0000000,,90.0,,8.0,2.0,,,B
367090620,2019-05-08T17:21:57,38.94328,-75.27463,24.9,72.3,511.0,BREAKWATER,,WYH7020,60.0,15.0,14.0,4.0,,,B
366914190,2019-05-08T17:21:45,38.94667,-75.00248,12.0,-187.0,224.0,NEW JERSEY,IMO8643078,WYU8850,60.0,0.0,86.0,20.0,,,B
338191464,2019-05-08T17:20:31,39.33429,-75.41315,4.7,145.3,511.0,DAY DREAMER,,,37.0,,,,,,B
366914210,2019-05-08T17:22:35,38.94025,-74.99415,10.3,31.0,27.0,DELAWARE,IMO8990304,WYU8553,60.0,0.0,91.0,20.0,,,A
367120230,2019-05-08T17:20:52,38.98863,-75.21626,0.0,-168.4,511.0,SONIE,IMO9373723,WDD2812,31.0,0.0,24.0,9.0,4.0,52.0,B
367490480,2019-05-08T17:20:52,38.9883,-75.02169,8.0,181.0,511.0,EVA MARIE,IMO8969408,WDH3461,30.0,,26.0,7.0,,,B
338169577,2019-05-08T17:22:27,38.84636,-75.19234,17.2,-78.0,511.0,JOANNE DAIBER,,,90.0,0.0,,,,,B
367645750,2019-05-08T17:20:48,38.99798,-74.97779,9.0,166.2,511.0,EVENING STAR,IMO8853013,WDH7195,30.0,,24.0,7.0,,,B
367645750,2019-05-08T17:22:18,38.99419,-74.97666,9.3,166.1,511.0,EVENING STAR,IMO8853013,WDH7195,30.0,,24.0,7.0,,,B
255805987,2019-05-08T17:21:08,39.15195,-75.24595,16.3,144.6,145.0,WIDUKIND,IMO9252735,CQIK7,70.0,0.0,220.0,32.0,12.2,71.0,A
338019392,2019-05-08T17:22:48,39.24491,-75.27956,6.2,129.1,511.0,NORTHSTAR 10,,,90.0,0.0,15.0,6.0,2.0,90.0,B
338447000,2019-05-08T17:21:22,38.96906,-75.20055,0.0,48.5,138.0,OSG HORIZON,IMO9436549,WDF6180,31.0,0.0,46.0,15.0,6.5,57.0,B
367459570,2019-05-08T17:21:18,39.30417,-75.384,11.5,-92.3,316.0,CORAL COAST,IMO7205087,WDF5120,31.0,0.0,34.0,9.0,3.9,52.0,B
367470320,2019-05-08T17:21:07,39.00347,-75.02359,9.3,-145.4,511.0,CHARISMA,,WDF6070,30.0,,13.0,,,,B
369235000,2019-05-08T17:23:32,38.98886,-75.21685,0.0,37.2,128.0,OSG VISION,IMO9436537,WDF2493,31.0,0.0,46.0,15.0,6.5,57.0,B
367090620,2019-05-08T17:23:45,38.94624,-75.2594,25.1,78.3,511.0,BREAKWATER,,WYH7020,60.0,15.0,14.0,4.0,,,B
367120230,2019-05-08T17:22:01,38.98861,-75.2163,0.1,-203.0,511.0,SONIE,IMO9373723,WDD2812,31.0,0.0,24.0,9.0,4.0,52.0,B
240463000,2019-05-08T17:22:04,38.9431,-75.17532,0.0,-201.6,124.0,BOUBOULINA,IMO9298753,SZIS,80.0,1.0,274.0,50.0,17.0,80.0,A
366914190,2019-05-08T17:23:45,38.94161,-75.0083,12.0,-184.8,226.0,NEW JERSEY,IMO8643078,WYU8850,60.0,0.0,86.0,20.0,,,B
368051050,2019-05-08T17:23:55,39.29243,-75.36986,10.4,-91.0,318.0,,,,,0.0,,,,,B
369222000,2019-05-08T17:22:26,39.48447,-75.56238,10.8,12.9,17.0,LIBERTY PASSION,IMO9777888,WLPI,70.0,0.0,,,,,B
338447000,2019-05-08T17:22:31,38.96903,-75.20059,0.0,48.5,137.0,OSG HORIZON,IMO9436549,WDF6180,31.0,0.0,46.0,15.0,6.5,57.0,B
338191464,2019-05-08T17:22:31,39.33205,-75.41114,4.7,143.9,511.0,DAY DREAMER,,,37.0,,,,,,B
367470320,2019-05-08T17:22:37,39.00267,-75.02806,1.6,-137.0,511.0,CHARISMA,,WDF6070,30.0,,13.0,,,,B
367490480,2019-05-08T17:22:51,38.9838,-75.02145,8.1,177.3,511.0,EVA MARIE,IMO8969408,WDH3461,30.0,,26.0,7.0,,,B
367120230,2019-05-08T17:23:11,38.98859,-75.21629,0.1,-184.8,511.0,SONIE,IMO9373723,WDD2812,31.0,0.0,24.0,9.0,4.0,52.0,B
367459570,2019-05-08T17:22:47,39.30783,-75.388,11.6,-90.3,316.0,CORAL COAST,IMO7205087,WDF5120,31.0,0.0,34.0,9.0,3.9,52.0,B
255805987,2019-05-08T17:23:15,39.14408,-75.23896,16.5,145.0,145.0,WIDUKIND,IMO9252735,CQIK7,70.0,0.0,220.0,32.0,12.2,71.0,A
311073800,2019-05-08T17:23:33,38.98841,-75.21721,0.0,203.8,130.0,EURO,IMO9567702,C6AA5,84.0,1.0,274.0,48.0,-11.5,84.0,A
366914190,2019-05-08T17:25:15,38.93777,-75.01272,12.4,-186.8,227.0,NEW JERSEY,IMO8643078,WYU8850,60.0,0.0,86.0,20.0,,,B
367645750,2019-05-08T17:25:18,38.98651,-74.9745,9.3,167.2,511.0,EVENING STAR,IMO8853013,WDH7195,30.0,,24.0,7.0,,,B
368051050,2019-05-08T17:21:36,39.28734,-75.36408,10.5,-91.4,318.0,,,,,0.0,,,,,B
338447000,2019-05-08T17:23:42,38.969,-75.20058,0.0,48.5,137.0,OSG HORIZON,IMO9436549,WDF6180,31.0,0.0,46.0,15.0,6.5,57.0,B
366914210,2019-05-08T17:23:42,38.94314,-74.99217,10.5,28.7,31.0,DELAWARE,IMO8990304,WYU8553,60.0,0.0,91.0,20.0,,,B
338019392,2019-05-08T17:25:39,39.24188,-75.27464,6.2,129.0,511.0,NORTHSTAR 10,,,90.0,0.0,15.0,6.0,2.0,90.0,B
338169577,2019-05-08T17:25:39,38.85897,-75.2035,17.5,-92.0,511.0,JOANNE DAIBER,,,90.0,0.0,,,,,B
538004030,2019-05-08T17:23:16,38.93101,-75.16128,0.1,130.9,157.0,FRIO,IMO9596985,V7UU3,80.0,1.0,274.0,48.0,17.1,89.0,A
367459570,2019-05-08T17:23:58,39.31067,-75.39117,11.4,-91.3,316.0,CORAL COAST,IMO7205087,WDF5120,31.0,0.0,34.0,9.0,3.9,52.0,B
367470320,2019-05-08T17:24:07,39.00207,-75.02737,7.1,81.7,511.0,CHARISMA,,WDF6070,30.0,,13.0,,,,B
255805987,2019-05-08T17:26:02,39.1336,-75.22955,16.5,144.6,145.0,WIDUKIND,IMO9252735,CQIK7,70.0,0.0,220.0,32.0,12.2,71.0,A
338169577,2019-05-08T17:23:33,38.85045,-75.19664,18.6,-84.6,511.0,JOANNE DAIBER,,,90.0,0.0,,,,,B
369222000,2019-05-08T17:26:14,39.49565,-75.55861,11.0,15.1,15.0,LIBERTY PASSION,IMO9777888,WLPI,70.0,0.0,,,,,B
367490480,2019-05-08T17:26:51,38.98012,-75.02115,2.6,172.2,511.0,EVA MARIE,IMO8969408,WDH3461,30.0,,26.0,7.0,,,B
255805987,2019-05-08T17:22:09,39.14822,-75.24264,16.3,145.2,146.0,WIDUKIND,IMO9252735,CQIK7,70.0,0.0,220.0,32.0,12.2,71.0,A
367120230,2019-05-08T17:24:21,38.98859,-75.2163,0.1,-199.9,511.0,SONIE,IMO9373723,WDD2812,31.0,0.0,24.0,9.0,4.0,52.0,B
538006702,2019-05-08T17:24:28,38.96869,-75.20099,0.0,34.6,138.0,NAMSEN,IMO9761528,V7QJ6,80.0,1.0,,,,,A
369235000,2019-05-08T17:24:42,38.98881,-75.21689,0.0,37.2,128.0,OSG VISION,IMO9436537,WDF2493,31.0,0.0,46.0,15.0,6.5,57.0,B
338447000,2019-05-08T17:24:51,38.96898,-75.20065,0.0,48.5,136.0,OSG HORIZON,IMO9436549,WDF6180,31.0,0.0,46.0,15.0,6.5,57.0,B
366914210,2019-05-08T17:25:03,38.94629,-74.98922,10.6,40.4,40.0,DELAWARE,IMO8990304,WYU8553,60.0,0.0,91.0,20.0,,,B
367490480,2019-05-08T17:24:51,38.98115,-75.0213,2.6,176.5,511.0,EVA MARIE,IMO8969408,WDH3461,30.0,,26.0,7.0,,,B
368051050,2019-05-08T17:25:05,39.29491,-75.37276,10.4,-92.0,317.0,,,,,0.0,,,,,B
338312656,2019-05-08T17:26:36,39.40156,-75.49178,2.3,132.2,511.0,SEA REGALIS,IMO0000000,,90.0,,8.0,2.0,,,B
368051050,2019-05-08T17:27:05,39.29928,-75.37779,10.4,-91.7,317.0,,,,,0.0,,,,,B
240463000,2019-05-08T17:25:06,38.94303,-75.17542,0.0,204.0,123.0,BOUBOULINA,IMO9298753,SZIS,80.0,1.0,274.0,50.0,17.0,80.0,A
367459570,2019-05-08T17:24:59,39.31317,-75.394,11.7,-90.6,316.0,CORAL COAST,IMO7205087,WDF5120,31.0,0.0,34.0,9.0,3.9,52.0,B
366914210,2019-05-08T17:27:11,38.95128,-74.98438,10.4,37.5,38.0,DELAWARE,IMO8990304,WYU8553,60.0,0.0,91.0,20.0,,,B
366914190,2019-05-08T17:27:15,38.93279,-75.01868,12.4,-187.4,224.0,NEW JERSEY,IMO8643078,WYU8850,60.0,0.0,86.0,20.0,,,B
367120230,2019-05-08T17:25:30,38.98854,-75.21634,0.1,-181.2,511.0,SONIE,IMO9373723,WDD2812,31.0,0.0,24.0,9.0,4.0,52.0,B
338169577,2019-05-08T17:27:39,38.86608,-75.21157,16.8,-86.5,511.0,JOANNE DAIBER,,,90.0,0.0,,,,,B
338447000,2019-05-08T17:26:02,38.96898,-75.20068,0.0,48.5,135.0,OSG HORIZON,IMO9436549,WDF6180,31.0,0.0,46.0,15.0,6.5,57.0,B
369235000,2019-05-08T17:25:53,38.98881,-75.21692,0.0,37.2,127.0,OSG VISION,IMO9436537,WDF2493,31.0,0.0,46.0,15.0,6.5,57.0,B
367459570,2019-05-08T17:26:08,39.31583,-75.39717,11.7,-90.9,315.0,CORAL COAST,IMO7205087,WDF5120,31.0,0.0,34.0,9.0,3.9,52.0,B
538004030,2019-05-08T17:26:15,38.93096,-75.1612,0.1,158.0,158.0,FRIO,IMO9596985,V7UU3,80.0,1.0,274.0,48.0,17.1,89.0,A
338191464,2019-05-08T17:26:00,39.32856,-75.40698,4.9,133.6,511.0,DAY DREAMER,,,37.0,,,,,,B
367470320,2019-05-08T17:26:07,39.00239,-75.02672,9.2,-179.6,511.0,CHARISMA,,WDF6070,30.0,,13.0,,,,B
369222000,2019-05-08T17:24:45,39.49126,-75.56013,10.8,14.7,16.0,LIBERTY PASSION,IMO9777888,WLPI,70.0,0.0,,,,,B
367090620,2019-05-08T17:27:39,38.94796,-75.22579,24.3,93.6,511.0,BREAKWATER,,WYH7020,60.0,15.0,14.0,4.0,,,B
367120230,2019-05-08T17:26:51,38.98848,-75.21641,0.1,-181.7,511.0,SONIE,IMO9373723,WDD2812,31.0,0.0,24.0,9.0,4.0,52.0,B
367645750,2019-05-08T17:26:48,38.98267,-74.97343,9.4,167.2,511.0,EVENING STAR,IMO8853013,WDH7195,30.0,,24.0,7.0,,,B
311073800,2019-05-08T17:26:34,38.98837,-75.21728,0.0,-196.9,128.0,EURO,IMO9567702,C6AA5,84.0,1.0,274.0,48.0,-11.5,84.0,A
338191464,2019-05-08T17:27:01,39.32761,-75.40572,4.8,133.7,511.0,DAY DREAMER,,,37.0,,,,,,B
255805987,2019-05-08T17:27:09,39.12943,-75.22581,16.7,144.3,145.0,WIDUKIND,IMO9252735,CQIK7,70.0,0.0,220.0,32.0,12.2,71.0,A
367090620,2019-05-08T17:24:57,38.94727,-75.24909,24.6,91.0,511.0,BREAKWATER,,WYH7020,60.0,15.0,14.0,4.0,,,B
367470320,2019-05-08T17:27:36,39.00326,-75.02701,0.4,171.8,511.0,CHARISMA,,WDF6070,30.0,,13.0,,,,B
538006702,2019-05-08T17:27:29,38.96863,-75.20106,0.0,34.6,136.0,NAMSEN,IMO9761528,V7QJ6,80.0,1.0,,,,,A
338191464,2019-05-08T17:24:00,39.33057,-75.40946,4.9,133.4,511.0,DAY DREAMER,,,37.0,,,,,,B
368051050,2019-05-08T17:28:06,39.30147,-75.38027,10.4,-91.1,318.0,,,,,0.0,,,,,B
369235000,2019-05-08T17:27:03,38.98877,-75.21694,0.1,37.2,127.0,OSG VISION,IMO9436537,WDF2493,31.0,0.0,46.0,15.0,6.5,57.0,B
338019392,2019-05-08T17:28:28,39.23894,-75.26988,6.0,128.1,511.0,NORTHSTAR 10,,,90.0,0.0,15.0,6.0,2.0,90.0,B
367090620,2019-05-08T17:28:47,38.94646,-75.2161,24.7,100.6,511.0,BREAKWATER,,WYH7020,60.0,15.0,14.0,4.0,,,B
367459570,2019-05-08T17:29:09,39.32333,-75.4055,11.6,-90.8,315.0,CORAL COAST,IMO7205087,WDF5120,31.0,0.0,34.0,9.0,3.9,52.0,B
369222000,2019-05-08T17:28:15,39.5017,-75.5565,11.1,15.6,15.0,LIBERTY PASSION,IMO9777888,WLPI,70.0,0.0,,,,,B
367490480,2019-05-08T17:28:21,38.97908,-75.02276,5.3,-142.7,511.0,EVA MARIE,IMO8969408,WDH3461,30.0,,26.0,7.0,,,B
338447000,2019-05-08T17:28:51,38.96898,-75.20072,0.0,48.5,134.0,OSG HORIZON,IMO9436549,WDF6180,31.0,0.0,46.0,15.0,6.5,57.0,B
368051050,2019-05-08T17:30:06,39.3058,-75.38529,10.4,-90.8,318.0,,,,,0.0,,,,,B
240463000,2019-05-08T17:28:05,38.94302,-75.17545,0.0,204.0,122.0,BOUBOULINA,IMO9298753,SZIS,80.0,1.0,274.0,50.0,17.0,80.0,A
367120230,2019-05-08T17:28:02,38.98851,-75.21641,0.1,-170.1,511.0,SONIE,IMO9373723,WDD2812,31.0,0.0,24.0,9.0,4.0,52.0,B
369222000,2019-05-08T17:30:15,39.50785,-75.55429,11.2,15.0,14.0,LIBERTY PASSION,IMO9777888,WLPI,70.0,0.0,,,,,B
255805987,2019-05-08T17:28:14,39.12525,-75.222,16.8,145.3,146.0,WIDUKIND,IMO9252735,CQIK7,70.0,0.0,220.0,32.0,12.2,71.0,A
338169577,2019-05-08T17:30:21,38.87083,-75.21943,0.7,-87.9,511.0,JOANNE DAIBER,,,90.0,0.0,,,,,B
367645750,2019-05-08T17:28:19,38.97892,-74.97236,9.2,168.2,511.0,EVENING STAR,IMO8853013,WDH7195,30.0,,24.0,7.0,,,B
367459570,2019-05-08T17:30:37,39.32683,-75.4095,11.6,-89.5,315.0,CORAL COAST,IMO7205087,WDF5120,31.0,0.0,34.0,9.0,3.9,52.0,B
366914210,2019-05-08T17:31:02,38.96031,-74.97629,10.1,26.2,27.0,DELAWARE,IMO8990304,WYU8553,60.0,0.0,91.0,20.0,,,B
366914190,2019-05-08T17:28:34,38.92945,-75.02266,12.4,-184.0,225.0,NEW JERSEY,IMO8643078,WYU8850,60.0,0.0,86.0,20.0,,,B
367490480,2019-05-08T17:30:51,38.98249,-75.02552,7.0,-58.9,511.0,EVA MARIE,IMO8969408,WDH3461,30.0,,26.0,7.0,,,B
366914210,2019-05-08T17:28:23,38.95405,-74.98173,10.1,35.5,35.0,DELAWARE,IMO8990304,WYU8553,60.0,0.0,91.0,20.0,,,B
367120230,2019-05-08T17:31:12,38.98847,-75.21649,0.1,-161.4,511.0,SONIE,IMO9373723,WDD2812,31.0,0.0,24.0,9.0,4.0,52.0,B
338447000,2019-05-08T17:30:41,38.96893,-75.20072,0.0,48.5,134.0,OSG HORIZON,IMO9436549,WDF6180,31.0,0.0,46.0,15.0,6.5,57.0,B
369235000,2019-05-08T17:30:12,38.98873,-75.21705,0.1,37.2,124.0,OSG VISION,IMO9436537,WDF2493,31.0,0.0,46.0,15.0,6.5,57.0,B
255805987,2019-05-08T17:29:15,39.12145,-75.21853,16.7,144.9,146.0,WIDUKIND,IMO9252735,CQIK7,70.0,0.0,220.0,32.0,12.2,71.0,A
538004030,2019-05-08T17:29:14,38.93092,-75.16113,0.1,151.3,160.0,FRIO,IMO9596985,V7UU3,80.0,1.0,274.0,48.0,17.1,89.0,A
369235000,2019-05-08T17:31:52,38.9887,-75.21711,0.1,37.2,122.0,OSG VISION,IMO9436537,WDF2493,31.0,0.0,46.0,15.0,6.5,57.0,B
367470320,2019-05-08T17:29:07,39.00308,-75.02707,0.8,-191.7,511.0,CHARISMA,,WDF6070,30.0,,13.0,,,,B
311073800,2019-05-08T17:29:33,38.9883,-75.21737,0.0,-199.2,126.0,EURO,IMO9567702,C6AA5,84.0,1.0,274.0,48.0,-11.5,84.0,A
366914190,2019-05-08T17:29:35,38.9269,-75.02566,12.5,-186.8,224.0,NEW JERSEY,IMO8643078,WYU8850,60.0,0.0,86.0,20.0,,,B
368051050,2019-05-08T17:31:25,39.30859,-75.38848,10.0,-91.9,318.0,,,,,0.0,,,,,B
338019392,2019-05-08T17:29:39,39.23774,-75.26788,5.9,128.2,511.0,NORTHSTAR 10,,,90.0,0.0,15.0,6.0,2.0,90.0,B
367090620,2019-05-08T17:31:17,38.94192,-75.19509,24.4,109.7,511.0,BREAKWATER,,WYH7020,60.0,15.0,14.0,4.0,,,B
338191464,2019-05-08T17:29:31,39.32529,-75.40265,4.7,133.1,511.0,DAY DREAMER,,,37.0,,,,,,B
255805987,2019-05-08T17:30:21,39.11728,-75.21475,16.7,144.6,145.0,WIDUKIND,IMO9252735,CQIK7,70.0,0.0,220.0,32.0,12.2,71.0,A
338019392,2019-05-08T17:30:47,39.23657,-75.26593,6.0,127.1,511.0,NORTHSTAR 10,,,90.0,0.0,15.0,6.0,2.0,90.0,B
338169577,2019-05-08T17:32:09,38.87101,-75.21996,2.6,-57.2,511.0,JOANNE DAIBER,,,90.0,0.0,,,,,B
367090620,2019-05-08T17:32:33,38.93883,-75.18485,24.2,113.0,511.0,BREAKWATER,,WYH7020,60.0,15.0,14.0,4.0,,,B
367645750,2019-05-08T17:30:19,38.97442,-74.97115,8.7,166.0,511.0,EVENING STAR,IMO8853013,WDH7195,30.0,,24.0,7.0,,,B
255805987,2019-05-08T17:32:33,39.10882,-75.20709,16.9,145.0,145.0,WIDUKIND,IMO9252735,CQIK7,70.0,0.0,220.0,32.0,12.2,71.0,A
366914190,2019-05-08T17:32:25,38.91997,-75.03436,10.3,-185.1,229.0,NEW JERSEY,IMO8643078,WYU8850,60.0,0.0,86.0,20.0,,,B
538006702,2019-05-08T17:30:29,38.96859,-75.20109,0.0,34.6,136.0,NAMSEN,IMO9761528,V7QJ6,80.0,1.0,,,,,A
367582520,2019-05-08T17:30:55,39.52002,-75.55329,5.1,198.5,193.0,TOPAZ,IMO0000000,WDG8929,36.0,,12.0,4.0,,,B
367459570,2019-05-08T17:32:49,39.33233,-75.4155,11.7,-91.9,313.0,CORAL COAST,IMO7205087,WDF5120,31.0,0.0,34.0,9.0,3.9,52.0,B
367090620,2019-05-08T17:33:37,38.93601,-75.17641,24.7,114.8,511.0,BREAKWATER,,WYH7020,60.0,15.0,14.0,4.0,,,B
338191464,2019-05-08T17:31:00,39.32393,-75.40081,4.5,131.4,511.0,DAY DREAMER,,,37.0,,,,,,B
338169577,2019-05-08T17:33:57,38.87192,-75.21898,1.0,32.4,511.0,JOANNE DAIBER,,,90.0,0.0,,,,,B
366914190,2019-05-08T17:33:45,38.9178,-75.03735,7.8,-184.5,228.0,NEW JERSEY,IMO8643078,WYU8850,60.0,0.0,86.0,20.0,,,B
240463000,2019-05-08T17:31:04,38.94303,-75.17543,0.0,204.0,123.0,BOUBOULINA,IMO9298753,SZIS,80.0,1.0,274.0,50.0,17.0,80.0,A
338447000,2019-05-08T17:32:00,38.96892,-75.20075,0.0,48.5,134.0,OSG HORIZON,IMO9436549,WDF6180,31.0,0.0,46.0,15.0,6.5,57.0,B
338019392,2019-05-08T17:33:57,39.23326,-75.26068,6.0,130.7,511.0,NORTHSTAR 10,,,90.0,0.0,15.0,6.0,2.0,90.0,B
367645750,2019-05-08T17:31:48,38.97059,-74.97013,9.3,168.0,511.0,EVENING STAR,IMO8853013,WDH7195,30.0,,24.0,7.0,,,B
538004030,2019-05-08T17:32:15,38.93087,-75.16111,0.1,192.1,160.0,FRIO,IMO9596985,V7UU3,80.0,1.0,274.0,48.0,17.1,89.0,A
367120230,2019-05-08T17:32:21,38.98848,-75.21648,0.1,-163.6,511.0,SONIE,IMO9373723,WDD2812,31.0,0.0,24.0,9.0,4.0,52.0,B
366914210,2019-05-08T17:32:11,38.96321,-74.97427,10.1,30.2,31.0,DELAWARE,IMO8990304,WYU8553,60.0,0.0,91.0,20.0,,,B
367490480,2019-05-08T17:34:21,38.98903,-75.02772,7.0,-74.6,511.0,EVA MARIE,IMO8969408,WDH3461,30.0,,26.0,7.0,,,B
367582520,2019-05-08T17:32:25,39.51816,-75.55401,4.7,192.8,190.0,TOPAZ,IMO0000000,WDG8929,36.0,,12.0,4.0,,,B
368051050,2019-05-08T17:34:56,39.31575,-75.39661,9.7,-90.8,317.0,,,,,0.0,,,,,B
367090620,2019-05-08T17:34:43,38.93267,-75.16794,24.1,118.6,511.0,BREAKWATER,,WYH7020,60.0,15.0,14.0,4.0,,,B
367459570,2019-05-08T17:34:37,39.33667,-75.4205,11.7,-91.8,313.0,CORAL COAST,IMO7205087,WDF5120,31.0,0.0,34.0,9.0,3.9,52.0,B
369222000,2019-05-08T17:32:36,39.51501,-75.55187,11.3,14.3,14.0,LIBERTY PASSION,IMO9777888,WLPI,70.0,0.0,,,,,B
366914210,2019-05-08T17:34:51,38.96691,-74.96863,7.1,85.3,82.0,DELAWARE,IMO8990304,WYU8553,60.0,0.0,91.0,20.0,,,B
369235000,2019-05-08T17:35:03,38.98858,-75.21721,0.0,37.2,120.0,OSG VISION,IMO9436537,WDF2493,31.0,0.0,46.0,15.0,6.5,57.0,B
338447000,2019-05-08T17:33:02,38.96891,-75.20077,0.0,48.5,134.0,OSG HORIZON,IMO9436549,WDF6180,31.0,0.0,46.0,15.0,6.5,57.0,B
368051050,2019-05-08T17:33:25,39.31266,-75.39313,9.7,-91.7,317.0,,,,,0.0,,,,,B
316022432,2019-05-08T17:33:17,38.99852,-74.99518,7.9,134.0,511.0,BOATEL I,,CFJ8011,37.0,,,,,,B
367645750,2019-05-08T17:33:18,38.96758,-74.96835,7.0,130.6,511.0,EVENING STAR,IMO8853013,WDH7195,30.0,,24.0,7.0,,,B
367120230,2019-05-08T17:35:52,38.98837,-75.2166,0.1,-160.7,511.0,SONIE,IMO9373723,WDD2812,31.0,0.0,24.0,9.0,4.0,52.0,B
367490480,2019-05-08T17:36:21,38.9928,-75.02923,7.1,-61.6,511.0,EVA MARIE,IMO8969408,WDH3461,30.0,,26.0,7.0,,,B
538006702,2019-05-08T17:33:30,38.96854,-75.20108,0.0,34.6,135.0,NAMSEN,IMO9761528,V7QJ6,80.0,1.0,,,,,A
369222000,2019-05-08T17:31:25,39.51132,-75.55311,11.1,14.6,14.0,LIBERTY PASSION,IMO9777888,WLPI,70.0,0.0,,,,,B
255805987,2019-05-08T17:33:39,39.10465,-75.20334,16.9,144.6,145.0,WIDUKIND,IMO9252735,CQIK7,70.0,0.0,220.0,32.0,12.2,71.0,A
367090620,2019-05-08T17:35:49,38.92987,-75.16163,4.1,118.1,511.0,BREAKWATER,,WYH7020,60.0,15.0,14.0,4.0,,,B
369222000,2019-05-08T17:33:46,39.51861,-75.5507,11.3,14.2,15.0,LIBERTY PASSION,IMO9777888,WLPI,70.0,0.0,,,,,B
367459570,2019-05-08T17:35:49,39.3395,-75.424,11.7,-92.6,314.0,CORAL COAST,IMO7205087,WDF5120,31.0,0.0,34.0,9.0,3.9,52.0,B
368051050,2019-05-08T17:36:15,39.31844,-75.39967,9.8,-91.0,318.0,,,,,0.0,,,,,B
366914210,2019-05-08T17:36:32,38.96706,-74.96484,5.7,80.2,82.0,DELAWARE,IMO8990304,WYU8553,60.0,0.0,91.0,20.0,,,B
338169577,2019-05-08T17:36:28,38.87218,-75.21811,1.2,195.4,511.0,JOANNE DAIBER,,,90.0,0.0,,,,,B
255805987,2019-05-08T17:36:33,39.0935,-75.19332,16.9,144.3,145.0,WIDUKIND,IMO9252735,CQIK7,70.0,0.0,220.0,32.0,12.2,71.0,A
240463000,2019-05-08T17:34:06,38.94298,-75.17545,0.0,183.0,120.0,BOUBOULINA,IMO9298753,SZIS,80.0,1.0,274.0,50.0,17.0,80.0,A
369235000,2019-05-08T17:37:12,38.98857,-75.21725,0.0,37.2,119.0,OSG VISION,IMO9436537,WDF2493,31.0,0.0,46.0,15.0,6.5,57.0,B
367090620,2019-05-08T17:37:01,38.93029,-75.16125,0.8,165.1,511.0,BREAKWATER,,WYH7020,60.0,15.0,14.0,4.0,,,B
367645750,2019-05-08T17:34:19,38.96705,-74.96624,6.0,86.5,511.0,EVENING STAR,IMO8853013,WDH7195,30.0,,24.0,7.0,,,B
366914190,2019-05-08T17:34:54,38.91586,-75.03981,10.7,-186.4,224.0,NEW JERSEY,IMO8643078,WYU8850,60.0,0.0,86.0,20.0,,,B
338019392,2019-05-08T17:34:59,39.23217,-75.25903,6.0,130.2,511.0,NORTHSTAR 10,,,90.0,0.0,15.0,6.0,2.0,90.0,B
338191464,2019-05-08T17:34:30,39.32065,-75.39657,4.7,137.5,511.0,DAY DREAMER,,,37.0,,,,,,B
338312656,2019-05-08T17:35:05,39.40031,-75.49081,1.7,-107.2,511.0,SEA REGALIS,IMO0000000,,90.0,,8.0,2.0,,,B
366914210,2019-05-08T17:37:51,38.96722,-74.96229,5.5,88.4,92.0,DELAWARE,IMO8990304,WYU8553,60.0,0.0,91.0,20.0,,,B
367120230,2019-05-08T17:37:41,38.98835,-75.2166,0.1,189.8,511.0,SONIE,IMO9373723,WDD2812,31.0,0.0,24.0,9.0,4.0,52.0,B
338191464,2019-05-08T17:32:32,39.32254,-75.39895,4.8,133.9,511.0,DAY DREAMER,,,37.0,,,,,,B
367090620,2019-05-08T17:38:05,38.93031,-75.16127,0.0,169.0,511.0,BREAKWATER,,WYH7020,60.0,15.0,14.0,4.0,,,B
311073800,2019-05-08T17:32:36,38.9882,-75.21745,0.0,201.2,123.0,EURO,IMO9567702,C6AA5,84.0,1.0,274.0,48.0,-11.5,84.0,A
338019392,2019-05-08T17:38:08,39.2287,-75.25382,6.2,129.6,511.0,NORTHSTAR 10,,,90.0,0.0,15.0,6.0,2.0,90.0,B
368051050,2019-05-08T17:38:15,39.32248,-75.40433,9.7,-91.0,318.0,,,,,0.0,,,,,B
367470320,2019-05-08T17:35:36,39.00197,-75.02689,1.2,179.9,511.0,CHARISMA,,WDF6070,30.0,,13.0,,,,B
538004030,2019-05-08T17:35:16,38.93082,-75.16115,0.1,200.0,160.0,FRIO,IMO9596985,V7UU3,80.0,1.0,274.0,48.0,17.1,89.0,A
366914190,2019-05-08T17:38:05,38.90795,-75.04938,12.6,-185.9,223.0,NEW JERSEY,IMO8643078,WYU8850,60.0,0.0,86.0,20.0,,,B
367582520,2019-05-08T17:35:25,39.51424,-75.55533,4.7,187.6,511.0,TOPAZ,IMO0000000,WDG8929,36.0,,12.0,4.0,,,B
367645750,2019-05-08T17:35:48,38.96714,-74.96246,7.6,89.2,511.0,EVENING STAR,IMO8853013,WDH7195,30.0,,24.0,7.0,,,B
255805987,2019-05-08T17:38:33,39.08576,-75.18637,16.9,148.5,156.0,WIDUKIND,IMO9252735,CQIK7,70.0,0.0,220.0,32.0,12.2,71.0,A
311073800,2019-05-08T17:35:35,38.98811,-75.21751,0.0,190.6,121.0,EURO,IMO9567702,C6AA5,84.0,1.0,274.0,48.0,-11.5,84.0,A
367459570,2019-05-08T17:36:59,39.34233,-75.42733,11.7,-92.7,313.0,CORAL COAST,IMO7205087,WDF5120,31.0,0.0,34.0,9.0,3.9,52.0,B
367582520,2019-05-08T17:36:54,39.51227,-75.55585,4.8,190.2,191.0,TOPAZ,IMO0000000,WDG8929,36.0,,12.0,4.0,,,B
240463000,2019-05-08T17:37:03,38.94288,-75.17545,0.0,179.0,115.0,BOUBOULINA,IMO9298753,SZIS,80.0,1.0,274.0,50.0,17.0,80.0,A
338191464,2019-05-08T17:36:00,39.31923,-75.39471,4.9,133.1,511.0,DAY DREAMER,,,37.0,,,,,,B
538006702,2019-05-08T17:36:29,38.96857,-75.20116,0.0,34.6,135.0,NAMSEN,IMO9761528,V7QJ6,80.0,1.0,,,,,A
338191464,2019-05-08T17:37:02,39.31829,-75.39345,4.7,136.6,511.0,DAY DREAMER,,,37.0,,,,,,B
538004030,2019-05-08T17:38:16,38.93076,-75.16114,0.1,154.3,161.0,FRIO,IMO9596985,V7UU3,80.0,1.0,274.0,48.0,17.1,89.0,A
367582520,2019-05-08T17:38:23,39.51123,-75.55477,5.4,20.4,25.0,TOPAZ,IMO0000000,WDG8929,36.0,,12.0,4.0,,,B
367582520,2019-05-08T17:33:55,39.51619,-75.55468,5.2,195.2,197.0,TOPAZ,IMO0000000,WDG8929,36.0,,12.0,4.0,,,B
338191464,2019-05-08T17:38:31,39.31688,-75.39157,4.8,137.1,511.0,DAY DREAMER,,,37.0,,,,,,B
338447000,2019-05-08T17:36:42,38.96887,-75.2008,0.0,48.5,133.0,OSG HORIZON,IMO9436549,WDF6180,31.0,0.0,46.0,15.0,6.5,57.0,B
369235000,2019-05-08T17:38:13,38.98855,-75.21728,0.1,37.2,118.0,OSG VISION,IMO9436537,WDF2493,31.0,0.0,46.0,15.0,6.5,57.0,B
338447000,2019-05-08T17:39:42,38.96885,-75.20084,0.0,48.5,132.0,OSG HORIZON,IMO9436549,WDF6180,31.0,0.0,46.0,15.0,6.5,57.0,B
369235000,2019-05-08T17:39:43,38.98849,-75.21738,0.1,37.2,117.0,OSG VISION,IMO9436537,WDF2493,31.0,0.0,46.0,15.0,6.5,57.0,B
367490480,2019-05-08T17:39:51,38.99925,-75.02934,3.6,9.9,511.0,EVA MARIE,IMO8969408,WDH3461,30.0,,26.0,7.0,,,B
367090620,2019-05-08T17:39:57,38.93142,-75.16698,24.7,-115.6,511.0,BREAKWATER,,WYH7020,60.0,15.0,14.0,4.0,,,B
368051050,2019-05-08T17:40:15,39.32646,-75.40888,9.6,-92.1,316.0,,,,,0.0,,,,,B
367120230,2019-05-08T17:40:21,38.98832,-75.21669,0.1,-172.8,511.0,SONIE,IMO9373723,WDD2812,31.0,0.0,24.0,9.0,4.0,52.0,B
316022432,2019-05-08T17:40:21,38.98528,-74.98328,8.8,153.4,511.0,BOATEL I,,CFJ8011,37.0,,,,,,B
255805987,2019-05-08T17:40:27,39.0774,-75.18212,17.0,160.3,160.0,WIDUKIND,IMO9252735,CQIK7,70.0,0.0,220.0,32.0,12.2,71.0,A
338019392,2019-05-08T17:39:48,39.22677,-75.25108,6.4,136.3,511.0,NORTHSTAR 10,,,90.0,0.0,15.0,6.0,2.0,90.0,B
367459570,2019-05-08T17:39:58,39.34933,-75.436,11.8,-92.4,315.0,CORAL COAST,IMO7205087,WDF5120,31.0,0.0,34.0,9.0,3.9,52.0,B
338447000,2019-05-08T17:41:02,38.96883,-75.20083,0.0,48.5,132.0,OSG HORIZON,IMO9436549,WDF6180,31.0,0.0,46.0,15.0,6.5,57.0,B
366914190,2019-05-08T17:41:01,38.9005,-75.05854,12.4,-191.5,216.0,NEW JERSEY,IMO8643078,WYU8850,60.0,0.0,86.0,20.0,,,A
338169577,2019-05-08T17:40:08,38.87329,-75.21455,1.4,51.4,511.0,JOANNE DAIBER,,,90.0,0.0,,,,,B
311073800,2019-05-08T17:38:33,38.98805,-75.21756,0.0,-203.5,120.0,EURO,IMO9567702,C6AA5,84.0,1.0,274.0,48.0,-11.5,84.0,A
367470320,2019-05-08T17:38:37,39.00146,-75.02659,0.8,199.6,511.0,CHARISMA,,WDF6070,30.0,,13.0,,,,B
367459570,2019-05-08T17:41:38,39.35333,-75.44083,11.8,-93.7,315.0,CORAL COAST,IMO7205087,WDF5120,31.0,0.0,34.0,9.0,3.9,52.0,B
369235000,2019-05-08T17:41:33,38.98845,-75.21739,0.1,37.2,115.0,OSG VISION,IMO9436537,WDF2493,31.0,0.0,46.0,15.0,6.5,57.0,B
338019392,2019-05-08T17:41:08,39.22505,-75.24894,6.4,135.6,511.0,NORTHSTAR 10,,,90.0,0.0,15.0,6.0,2.0,90.0,B
368051050,2019-05-08T17:42:15,39.33041,-75.41349,9.6,-91.7,316.0,,,,,0.0,,,,,B
367582520,2019-05-08T17:39:54,39.51281,-75.55412,3.3,3.2,347.0,TOPAZ,IMO0000000,WDG8929,36.0,,12.0,4.0,,,B
338019392,2019-05-08T17:42:48,39.22346,-75.24584,6.2,116.1,511.0,NORTHSTAR 10,,,90.0,0.0,15.0,6.0,2.0,90.0,B
240463000,2019-05-08T17:40:05,38.94273,-75.17548,0.0,172.0,112.0,BOUBOULINA,IMO9298753,SZIS,80.0,1.0,274.0,50.0,17.0,80.0,A
366914190,2019-05-08T17:43:18,38.89408,-75.0646,12.3,-191.6,221.0,NEW JERSEY,IMO8643078,WYU8850,60.0,0.0,86.0,20.0,,,A
538006702,2019-05-08T17:39:31,38.96849,-75.20123,0.0,34.6,134.0,NAMSEN,IMO9761528,V7QJ6,80.0,1.0,,,,,A
369235000,2019-05-08T17:43:23,38.98842,-75.21748,0.1,37.2,114.0,OSG VISION,IMO9436537,WDF2493,31.0,0.0,46.0,15.0,6.5,57.0,B
367090620,2019-05-08T17:43:35,38.94141,-75.19534,24.5,-116.6,511.0,BREAKWATER,,WYH7020,60.0,15.0,14.0,4.0,,,B
366980160,2019-05-08T17:43:30,38.80953,-75.09625,23.6,-149.6,259.0,BRANDYWINE,,WDB9646,,15.0,16.0,5.0,,,B
338169577,2019-05-08T17:41:17,38.8733,-75.21482,0.0,-132.9,511.0,JOANNE DAIBER,,,90.0,0.0,,,,,B
338191464,2019-05-08T17:40:35,39.3148,-75.38911,5.1,139.3,511.0,DAY DREAMER,,,37.0,,,,,,B
538004030,2019-05-08T17:41:15,38.93069,-75.16108,0.1,131.1,165.0,FRIO,IMO9596985,V7UU3,80.0,1.0,274.0,48.0,17.1,89.0,A
367490480,2019-05-08T17:41:22,39.00023,-75.0291,1.4,10.7,511.0,EVA MARIE,IMO8969408,WDH3461,30.0,,26.0,7.0,,,B
367459570,2019-05-08T17:43:58,39.35883,-75.4475,11.8,-91.3,316.0,CORAL COAST,IMO7205087,WDF5120,31.0,0.0,34.0,9.0,3.9,52.0,B
255805987,2019-05-08T17:41:32,39.07251,-75.17977,17.1,159.0,159.0,WIDUKIND,IMO9252735,CQIK7,70.0,0.0,220.0,32.0,12.2,71.0,A
369235000,2019-05-08T17:44:33,38.98839,-75.21747,0.0,37.2,114.0,OSG VISION,IMO9436537,WDF2493,31.0,0.0,46.0,15.0,6.5,57.0,B
311073800,2019-05-08T17:41:34,38.98798,-75.21762,0.0,-195.2,117.0,EURO,IMO9567702,C6AA5,84.0,1.0,274.0,48.0,-11.5,84.0,A
367120230,2019-05-08T17:41:31,38.98832,-75.21673,0.2,-143.9,511.0,SONIE,IMO9373723,WDD2812,31.0,0.0,24.0,9.0,4.0,52.0,B
367582520,2019-05-08T17:41:23,39.51365,-75.5543,2.3,194.5,202.0,TOPAZ,IMO0000000,WDG8929,36.0,,12.0,4.0,,,B
316022432,2019-05-08T17:41:48,38.98211,-74.98133,8.8,156.3,511.0,BOATEL I,,CFJ8011,37.0,,,,,,B
367470320,2019-05-08T17:41:37,39.00097,-75.02652,0.5,164.8,511.0,CHARISMA,,WDF6070,30.0,,13.0,,,,B
368051050,2019-05-08T17:45:16,39.33643,-75.42054,9.7,-91.6,317.0,,,,,0.0,,,,,B
367120230,2019-05-08T17:45:01,38.98824,-75.21689,0.1,-155.5,511.0,SONIE,IMO9373723,WDD2812,31.0,0.0,24.0,9.0,4.0,52.0,B
338447000,2019-05-08T17:45:22,38.96874,-75.20099,0.1,48.5,128.0,OSG HORIZON,IMO9436549,WDF6180,31.0,0.0,46.0,15.0,6.5,57.0,B
367090620,2019-05-08T17:45:01,38.94508,-75.20678,24.5,-120.2,511.0,BREAKWATER,,WYH7020,60.0,15.0,14.0,4.0,,,B
367459570,2019-05-08T17:45:29,39.3625,-75.45183,11.7,-91.0,316.0,CORAL COAST,IMO7205087,WDF5120,31.0,0.0,34.0,9.0,3.9,52.0,B
338169577,2019-05-08T17:42:28,38.87328,-75.21513,0.5,-144.8,511.0,JOANNE DAIBER,,,90.0,0.0,,,,,B
255805987,2019-05-08T17:42:39,39.06755,-75.17734,17.1,158.6,159.0,WIDUKIND,IMO9252735,CQIK7,70.0,0.0,220.0,32.0,12.2,71.0,A
338447000,2019-05-08T17:42:12,38.96879,-75.20091,0.0,48.5,131.0,OSG HORIZON,IMO9436549,WDF6180,31.0,0.0,46.0,15.0,6.5,57.0,B
367582520,2019-05-08T17:45:53,39.50913,-75.55759,4.5,-197.7,210.0,TOPAZ,IMO0000000,WDG8929,36.0,,12.0,4.0,,,B
316022432,2019-05-08T17:42:49,38.9798,-74.98015,8.9,159.0,511.0,BOATEL I,,CFJ8011,37.0,,,,,,B
367490480,2019-05-08T17:42:52,39.00072,-75.02896,1.7,12.0,511.0,EVA MARIE,IMO8969408,WDH3461,30.0,,26.0,7.0,,,B
338312656,2019-05-08T17:43:05,39.40055,-75.49246,22.3,137.0,511.0,SEA REGALIS,IMO0000000,,90.0,,8.0,2.0,,,B
240463000,2019-05-08T17:43:06,38.94262,-75.1755,0.0,180.0,110.0,BOUBOULINA,IMO9298753,SZIS,80.0,1.0,274.0,50.0,17.0,80.0,A
368051050,2019-05-08T17:46:25,39.33875,-75.42321,9.7,-92.1,316.0,,,,,0.0,,,,,B
538006702,2019-05-08T17:42:32,38.96847,-75.20127,0.0,34.6,132.0,NAMSEN,IMO9761528,V7QJ6,80.0,1.0,,,,,A
367090620,2019-05-08T17:46:39,38.94775,-75.22028,23.6,-130.0,511.0,BREAKWATER,,WYH7020,60.0,15.0,14.0,4.0,,,B
369235000,2019-05-08T17:46:33,38.98838,-75.21757,0.0,37.2,114.0,OSG VISION,IMO9436537,WDF2493,31.0,0.0,46.0,15.0,6.5,57.0,B
338169577,2019-05-08T17:43:37,38.8731,-75.21541,0.9,-159.2,511.0,JOANNE DAIBER,,,90.0,0.0,,,,,B
366914190,2019-05-08T17:46:44,38.88469,-75.07358,12.3,-192.9,217.0,NEW JERSEY,IMO8643078,WYU8850,60.0,0.0,86.0,20.0,,,B
338191464,2019-05-08T17:42:02,39.31326,-75.38735,5.2,141.5,511.0,DAY DREAMER,,,37.0,,,,,,B
338019392,2019-05-08T17:43:58,39.22227,-75.24371,6.3,130.5,511.0,NORTHSTAR 10,,,90.0,0.0,15.0,6.0,2.0,90.0,B
255805987,2019-05-08T17:43:45,39.06271,-75.17499,17.2,158.6,159.0,WIDUKIND,IMO9252735,CQIK7,70.0,0.0,220.0,32.0,12.2,71.0,A
255805987,2019-05-08T17:47:51,39.04435,-75.16572,17.2,158.6,158.0,WIDUKIND,IMO9252735,CQIK7,70.0,0.0,220.0,32.0,12.2,71.0,A
538004030,2019-05-08T17:44:14,38.93062,-75.16106,0.0,-186.0,166.0,FRIO,IMO9596985,V7UU3,80.0,1.0,274.0,48.0,17.1,89.0,A
311073800,2019-05-08T17:44:35,38.98792,-75.21768,0.0,-201.3,115.0,EURO,IMO9567702,C6AA5,84.0,1.0,274.0,48.0,-11.5,84.0,A
316022432,2019-05-08T17:44:48,38.97523,-74.97784,8.7,158.8,511.0,BOATEL I,,CFJ8011,37.0,,,,,,B
338019392,2019-05-08T17:45:19,39.22081,-75.24128,6.5,125.6,511.0,NORTHSTAR 10,,,90.0,0.0,15.0,6.0,2.0,90.0,B
366980160,2019-05-08T17:46:02,38.80394,-75.11687,24.2,-176.2,230.0,BRANDYWINE,,WDB9646,,15.0,16.0,5.0,,,B
367470320,2019-05-08T17:44:37,39.00058,-75.02637,0.7,164.3,511.0,CHARISMA,,WDF6070,30.0,,13.0,,,,B
338169577,2019-05-08T17:44:47,38.87315,-75.21579,0.6,-144.9,511.0,JOANNE DAIBER,,,90.0,0.0,,,,,B
338191464,2019-05-08T17:48:30,39.30618,-75.3804,4.8,139.6,511.0,DAY DREAMER,,,37.0,,,,,,B
368051050,2019-05-08T17:48:35,39.34308,-75.42836,9.7,-92.2,317.0,,,,,0.0,,,,,A
338019392,2019-05-08T17:48:48,39.21724,-75.23469,6.5,125.7,511.0,NORTHSTAR 10,,,90.0,0.0,15.0,6.0,2.0,90.0,B
369235000,2019-05-08T17:49:32,38.98826,-75.21758,0.0,37.2,115.0,OSG VISION,IMO9436537,WDF2493,31.0,0.0,46.0,15.0,6.5,57.0,B
367120230,2019-05-08T17:46:10,38.98823,-75.2169,0.1,-164.5,511.0,SONIE,IMO9373723,WDD2812,31.0,0.0,24.0,9.0,4.0,52.0,B
367090620,2019-05-08T17:49:23,38.95087,-75.24336,24.1,-148.8,511.0,BREAKWATER,,WYH7020,60.0,15.0,14.0,4.0,,,B
240463000,2019-05-08T17:46:03,38.9425,-75.17553,0.0,192.0,108.0,BOUBOULINA,IMO9298753,SZIS,80.0,1.0,274.0,50.0,17.0,80.0,A
338447000,2019-05-08T17:46:32,38.96871,-75.20103,0.1,48.5,127.0,OSG HORIZON,IMO9436549,WDF6180,31.0,0.0,46.0,15.0,6.5,57.0,B
367459570,2019-05-08T17:46:38,39.36533,-75.455,11.7,-91.4,315.0,CORAL COAST,IMO7205087,WDF5120,31.0,0.0,34.0,9.0,3.9,52.0,B
538004030,2019-05-08T17:47:15,38.93061,-75.16113,0.0,-197.8,164.0,FRIO,IMO9596985,V7UU3,80.0,1.0,274.0,48.0,17.1,89.0,A
367490480,2019-05-08T17:46:22,39.00134,-75.02813,0.7,86.5,511.0,EVA MARIE,IMO8969408,WDH3461,30.0,,26.0,7.0,,,B
311073800,2019-05-08T17:47:35,38.98785,-75.21776,0.1,-204.5,115.0,EURO,IMO9567702,C6AA5,84.0,1.0,274.0,48.0,-11.5,84.0,A
338191464,2019-05-08T17:44:30,39.31054,-75.3847,5.2,144.1,511.0,DAY DREAMER,,,37.0,,,,,,B
367090620,2019-05-08T17:47:51,38.94937,-75.23033,23.7,-133.5,511.0,BREAKWATER,,WYH7020,60.0,15.0,14.0,4.0,,,B
366980160,2019-05-08T17:47:56,38.7915,-75.11728,25.0,174.8,173.0,BRANDYWINE,,WDB9646,,15.0,16.0,5.0,,,B
367459570,2019-05-08T17:47:49,39.36833,-75.45817,11.9,-90.8,315.0,CORAL COAST,IMO7205087,WDF5120,31.0,0.0,34.0,9.0,3.9,52.0,B
338169577,2019-05-08T17:47:08,38.873,-75.21647,1.4,-152.6,511.0,JOANNE DAIBER,,,90.0,0.0,,,,,B
367582520,2019-05-08T17:47:23,39.50751,-75.5588,4.8,-200.8,209.0,TOPAZ,IMO0000000,WDG8929,36.0,,12.0,4.0,,,B
367470320,2019-05-08T17:47:36,39.00009,-75.02644,0.4,189.4,511.0,CHARISMA,,WDF6070,30.0,,13.0,,,,B
255805987,2019-05-08T17:48:56,39.03962,-75.16327,17.2,158.3,158.0,WIDUKIND,IMO9252735,CQIK7,70.0,0.0,220.0,32.0,12.2,71.0,A
367459570,2019-05-08T17:48:57,39.37117,-75.4615,11.9,-91.4,315.0,CORAL COAST,IMO7205087,WDF5120,31.0,0.0,34.0,9.0,3.9,52.0,B
338312656,2019-05-08T17:49:35,39.37772,-75.44878,23.3,121.0,511.0,SEA REGALIS,IMO0000000,,90.0,,8.0,2.0,,,B
538006702,2019-05-08T17:45:31,38.96836,-75.20133,0.0,34.6,130.0,NAMSEN,IMO9761528,V7QJ6,80.0,1.0,,,,,A
367582520,2019-05-08T17:48:56,39.50612,-75.56075,5.3,-163.1,238.0,TOPAZ,IMO0000000,WDG8929,36.0,,12.0,4.0,,,B
538006702,2019-05-08T17:48:32,38.96828,-75.2014,0.0,34.6,128.0,NAMSEN,IMO9761528,V7QJ6,80.0,1.0,,,,,A
338019392,2019-05-08T17:49:57,39.21599,-75.23254,6.5,125.0,511.0,NORTHSTAR 10,,,90.0,0.0,15.0,6.0,2.0,90.0,B
338191464,2019-05-08T17:50:00,39.30456,-75.3789,4.6,142.7,511.0,DAY DREAMER,,,37.0,,,,,,B
338169577,2019-05-08T17:45:57,38.8731,-75.21611,0.9,-145.0,511.0,JOANNE DAIBER,,,90.0,0.0,,,,,B
316022432,2019-05-08T17:46:17,38.97176,-74.97619,9.0,159.8,511.0,BOATEL I,,CFJ8011,37.0,,,,,,B
255805987,2019-05-08T17:50:02,39.03465,-75.16071,17.3,158.0,158.0,WIDUKIND,IMO9252735,CQIK7,70.0,0.0,220.0,32.0,12.2,71.0,A
338312656,2019-05-08T17:47:07,39.3861,-75.46599,22.7,124.1,511.0,SEA REGALIS,IMO0000000,,90.0,,8.0,2.0,,,B
316022432,2019-05-08T17:47:49,38.96833,-74.97424,8.9,152.9,511.0,BOATEL I,,CFJ8011,37.0,,,,,,B
240463000,2019-05-08T17:49:06,38.94237,-75.1756,0.1,198.0,106.0,BOUBOULINA,IMO9298753,SZIS,80.0,1.0,274.0,50.0,17.0,80.0,A
367490480,2019-05-08T17:49:21,39.00124,-75.02791,0.3,-196.3,511.0,EVA MARIE,IMO8969408,WDH3461,30.0,,26.0,7.0,,,B
367120230,2019-05-08T17:50:21,38.98816,-75.21694,0.1,-132.0,511.0,SONIE,IMO9373723,WDD2812,31.0,0.0,24.0,9.0,4.0,52.0,B
338447000,2019-05-08T17:50:21,38.96865,-75.20111,0.1,48.5,125.0,OSG HORIZON,IMO9436549,WDF6180,31.0,0.0,46.0,15.0,6.5,57.0,B
366914190,2019-05-08T17:51:04,38.87311,-75.08503,11.9,-194.8,213.0,NEW JERSEY,IMO8643078,WYU8850,60.0,0.0,86.0,20.0,,,B
368051050,2019-05-08T17:51:06,39.34808,-75.43436,9.7,-93.0,316.0,,,,,0.0,,,,,B
367459570,2019-05-08T17:50:09,39.37417,-75.46483,11.7,-90.3,315.0,CORAL COAST,IMO7205087,WDF5120,31.0,0.0,34.0,9.0,3.9,52.0,B
367090620,2019-05-08T17:51:25,38.94751,-75.2605,24.2,-155.5,511.0,BREAKWATER,,WYH7020,60.0,15.0,14.0,4.0,,,B
316022432,2019-05-08T17:51:49,38.96686,-74.96518,6.8,81.8,511.0,BOATEL I,,CFJ8011,37.0,,,,,,B
338169577,2019-05-08T17:51:07,38.87313,-75.21649,1.2,124.7,511.0,JOANNE DAIBER,,,90.0,0.0,,,,,B
367120230,2019-05-08T17:52:51,38.9881,-75.21697,0.1,187.4,511.0,SONIE,IMO9373723,WDD2812,31.0,0.0,24.0,9.0,4.0,52.0,B
367090620,2019-05-08T17:53:01,38.94422,-75.27366,24.6,-159.3,511.0,BREAKWATER,,WYH7020,60.0,15.0,14.0,4.0,,,B
366914190,2019-05-08T17:53:04,38.86771,-75.0901,12.0,-193.1,214.0,NEW JERSEY,IMO8643078,WYU8850,60.0,0.0,86.0,20.0,,,B
368051050,2019-05-08T17:53:25,39.35261,-75.43991,9.7,-93.3,316.0,,,,,0.0,,,,,B
369235000,2019-05-08T17:53:32,38.98818,-75.21767,0.1,37.2,114.0,OSG VISION,IMO9436537,WDF2493,31.0,0.0,46.0,15.0,6.5,57.0,B
367582520,2019-05-08T17:53:54,39.5044,-75.56972,7.0,-74.2,333.0,TOPAZ,IMO0000000,WDG8929,36.0,,12.0,4.0,,,B
538004030,2019-05-08T17:50:17,38.93062,-75.16115,0.1,-202.0,165.0,FRIO,IMO9596985,V7UU3,80.0,1.0,274.0,48.0,17.1,89.0,A
367470320,2019-05-08T17:50:37,38.99965,-75.02672,0.6,-187.6,511.0,CHARISMA,,WDF6070,30.0,,13.0,,,,B
368051050,2019-05-08T17:54:35,39.35492,-75.4428,9.8,-93.0,317.0,,,,,0.0,,,,,B
367090620,2019-05-08T17:54:33,38.94103,-75.28634,24.4,-158.4,511.0,BREAKWATER,,WYH7020,60.0,15.0,14.0,4.0,,,B
367459570,2019-05-08T17:54:38,39.38517,-75.477,11.5,-91.6,313.0,CORAL COAST,IMO7205087,WDF5120,31.0,0.0,34.0,9.0,3.9,52.0,B
311073800,2019-05-08T17:50:33,38.98778,-75.2178,0.1,203.5,116.0,EURO,IMO9567702,C6AA5,84.0,1.0,274.0,48.0,-11.5,84.0,A
367120230,2019-05-08T17:54:22,38.98808,-75.21698,0.0,-195.9,511.0,SONIE,IMO9373723,WDD2812,31.0,0.0,24.0,9.0,4.0,52.0,B
338191464,2019-05-08T17:51:02,39.30349,-75.37794,4.9,146.9,511.0,DAY DREAMER,,,37.0,,,,,,B
367490480,2019-05-08T17:51:09,39.00128,-75.02784,2.1,64.8,511.0,EVA MARIE,IMO8969408,WDH3461,30.0,,26.0,7.0,,,B
255805987,2019-05-08T17:51:03,39.03021,-75.15844,17.2,157.3,156.0,WIDUKIND,IMO9252735,CQIK7,70.0,0.0,220.0,32.0,12.2,71.0,A
338019392,2019-05-08T17:55:18,39.20985,-75.22303,6.5,125.6,511.0,NORTHSTAR 10,,,90.0,0.0,15.0,6.0,2.0,90.0,B
338447000,2019-05-08T17:51:32,38.96859,-75.20113,0.1,48.5,124.0,OSG HORIZON,IMO9436549,WDF6180,31.0,0.0,46.0,15.0,6.5,57.0,B
538006702,2019-05-08T17:51:32,38.96823,-75.20144,0.1,34.6,126.0,NAMSEN,IMO9761528,V7QJ6,80.0,1.0,,,,,A
367120230,2019-05-08T17:55:42,38.98809,-75.21701,0.2,-153.1,511.0,SONIE,IMO9373723,WDD2812,31.0,0.0,24.0,9.0,4.0,52.0,B
338019392,2019-05-08T17:51:09,39.21473,-75.23035,6.4,127.4,511.0,NORTHSTAR 10,,,90.0,0.0,15.0,6.0,2.0,90.0,B
240463000,2019-05-08T17:52:06,38.94215,-75.17572,0.1,191.0,104.0,BOUBOULINA,IMO9298753,SZIS,80.0,1.0,274.0,50.0,17.0,80.0,A
367090620,2019-05-08T17:56:17,38.93803,-75.29976,24.7,-101.9,511.0,BREAKWATER,,WYH7020,60.0,15.0,14.0,4.0,,,B
338169577,2019-05-08T17:52:17,38.87297,-75.21678,0.0,-161.1,511.0,JOANNE DAIBER,,,90.0,0.0,,,,,B
338019392,2019-05-08T17:56:28,39.20857,-75.22087,6.7,128.5,511.0,NORTHSTAR 10,,,90.0,0.0,15.0,6.0,2.0,90.0,B
338191464,2019-05-08T17:52:31,39.30185,-75.37647,4.9,141.0,511.0,DAY DREAMER,,,37.0,,,,,,B
311073800,2019-05-08T17:56:33,38.98761,-75.21788,0.0,192.3,113.0,EURO,IMO9567702,C6AA5,84.0,1.0,274.0,48.0,-11.5,84.0,A
338447000,2019-05-08T17:52:50,38.96857,-75.20115,0.1,48.5,123.0,OSG HORIZON,IMO9436549,WDF6180,31.0,0.0,46.0,15.0,6.5,57.0,B
255805987,2019-05-08T17:52:09,39.02538,-75.1557,17.3,156.0,156.0,WIDUKIND,IMO9252735,CQIK7,70.0,0.0,220.0,32.0,12.2,71.0,A
367490480,2019-05-08T17:52:34,39.00037,-75.02681,3.6,169.9,511.0,EVA MARIE,IMO8969408,WDH3461,30.0,,26.0,7.0,,,B
366914190,2019-05-08T17:56:58,38.85714,-75.09962,11.5,-201.2,203.0,NEW JERSEY,IMO8643078,WYU8850,60.0,0.0,86.0,20.0,,,A
538004030,2019-05-08T17:53:15,38.93062,-75.16114,0.0,-162.4,165.0,FRIO,IMO9596985,V7UU3,80.0,1.0,274.0,48.0,17.1,89.0,A
368051050,2019-05-08T17:57:16,39.36032,-75.44917,9.8,-92.1,318.0,,,,,0.0,,,,,B
338191464,2019-05-08T17:53:32,39.30077,-75.3755,4.4,144.4,511.0,DAY DREAMER,,,37.0,,,,,,B
255805987,2019-05-08T17:53:15,39.02052,-75.15297,17.4,156.3,155.0,WIDUKIND,IMO9252735,CQIK7,70.0,0.0,220.0,32.0,12.2,71.0,A
338447000,2019-05-08T17:57:31,38.96845,-75.20129,0.1,48.5,120.0,OSG HORIZON,IMO9436549,WDF6180,31.0,0.0,46.0,15.0,6.5,57.0,B
338169577,2019-05-08T17:53:28,38.87286,-75.21715,0.9,-161.6,511.0,JOANNE DAIBER,,,90.0,0.0,,,,,B
367490480,2019-05-08T17:53:35,38.9994,-75.02694,3.1,198.8,511.0,EVA MARIE,IMO8969408,WDH3461,30.0,,26.0,7.0,,,B
240463000,2019-05-08T17:58:04,38.94165,-75.17577,0.1,174.0,97.0,BOUBOULINA,IMO9298753,SZIS,80.0,1.0,274.0,50.0,17.0,80.0,A
338019392,2019-05-08T17:58:28,39.20637,-75.21713,6.5,127.3,511.0,NORTHSTAR 10,,,90.0,0.0,15.0,6.0,2.0,90.0,B
338169577,2019-05-08T17:54:37,38.87278,-75.21745,0.9,-156.8,511.0,JOANNE DAIBER,,,90.0,0.0,,,,,B
367090620,2019-05-08T17:58:05,38.94498,-75.31101,8.8,-103.1,511.0,BREAKWATER,,WYH7020,60.0,15.0,14.0,4.0,,,B
255805987,2019-05-08T17:54:21,39.01569,-75.1501,17.4,154.6,155.0,WIDUKIND,IMO9252735,CQIK7,70.0,0.0,220.0,32.0,12.2,71.0,A
369235000,2019-05-08T17:58:22,38.98808,-75.21771,0.1,37.2,110.0,OSG VISION,IMO9436537,WDF2493,31.0,0.0,46.0,15.0,6.5,57.0,B
538006702,2019-05-08T17:54:33,38.96813,-75.20143,0.1,34.6,124.0,NAMSEN,IMO9761528,V7QJ6,80.0,1.0,,,,,A
338312656,2019-05-08T17:55:05,39.37058,-75.43149,2.2,-68.2,511.0,SEA REGALIS,IMO0000000,,90.0,,8.0,2.0,,,B
368051050,2019-05-08T17:59:05,39.36404,-75.45343,9.8,-91.3,318.0,,,,,0.0,,,,,B
338191464,2019-05-08T17:55:01,39.29918,-75.37398,4.9,146.8,511.0,DAY DREAMER,,,37.0,,,,,,B
367459570,2019-05-08T17:58:08,39.39333,-75.487,11.6,-92.8,312.0,CORAL COAST,IMO7205087,WDF5120,31.0,0.0,34.0,9.0,3.9,52.0,B
367582520,2019-05-08T17:55:23,39.50731,-75.56987,7.6,6.0,511.0,TOPAZ,IMO0000000,WDG8929,36.0,,12.0,4.0,,,B
538004030,2019-05-08T17:56:14,38.93061,-75.16115,0.0,192.2,166.0,FRIO,IMO9596985,V7UU3,80.0,1.0,274.0,48.0,17.1,89.0,A
369235000,2019-05-08T17:59:53,38.98803,-75.21779,0.1,37.2,108.0,OSG VISION,IMO9436537,WDF2493,31.0,0.0,46.0,15.0,6.5,57.0,B
367582520,2019-05-08T17:56:54,39.51035,-75.5695,7.2,12.1,511.0,TOPAZ,IMO0000000,WDG8929,36.0,,12.0,4.0,,,B
367470320,2019-05-08T17:56:36,38.9986,-75.02739,0.7,195.7,511.0,CHARISMA,,WDF6070,30.0,,13.0,,,,B
255805987,2019-05-08T17:56:33,39.00594,-75.14436,17.6,155.0,155.0,WIDUKIND,IMO9252735,CQIK7,70.0,0.0,220.0,32.0,12.2,71.0,A
367120230,2019-05-08T17:58:01,38.98801,-75.21707,0.2,-141.2,511.0,SONIE,IMO9373723,WDD2812,31.0,0.0,24.0,9.0,4.0,52.0,B
338191464,2019-05-08T17:57:00,39.29703,-75.37211,4.9,145.0,511.0,DAY DREAMER,,,37.0,,,,,,B
367120230,2019-05-08T17:56:51,38.98797,-75.21712,0.2,-138.5,511.0,SONIE,IMO9373723,WDD2812,31.0,0.0,24.0,9.0,4.0,52.0,B
367490480,2019-05-08T17:56:35,38.99847,-75.02728,0.7,195.9,511.0,EVA MARIE,IMO8969408,WDH3461,30.0,,26.0,7.0,,,B
338169577,2019-05-08T17:56:58,38.87259,-75.21807,1.2,-155.6,511.0,JOANNE DAIBER,,,90.0,0.0,,,,,B
367490480,2019-05-08T17:55:04,38.99881,-75.02715,1.0,182.2,511.0,EVA MARIE,IMO8969408,WDH3461,30.0,,26.0,7.0,,,B
538006702,2019-05-08T17:57:32,38.96806,-75.20153,0.1,34.6,121.0,NAMSEN,IMO9761528,V7QJ6,80.0,1.0,,,,,A
255805987,2019-05-08T17:57:38,39.00105,-75.14147,17.6,155.3,155.0,WIDUKIND,IMO9252735,CQIK7,70.0,0.0,220.0,32.0,12.2,71.0,A
367582520,2019-05-08T17:57:55,39.51222,-75.56907,5.9,-56.1,350.0,TOPAZ,IMO0000000,WDG8929,36.0,,12.0,4.0,,,B
255805987,2019-05-08T17:55:27,39.01082,-75.14726,17.5,155.3,155.0,WIDUKIND,IMO9252735,CQIK7,70.0,0.0,220.0,32.0,12.2,71.0,A
338169577,2019-05-08T17:58:09,38.8725,-75.21836,0.0,-156.1,511.0,JOANNE DAIBER,,,90.0,0.0,,,,,B
338312656,2019-05-08T17:59:05,39.3692,-75.42942,3.2,140.3,511.0,SEA REGALIS,IMO0000000,,90.0,,8.0,2.0,,,B
338169577,2019-05-08T17:55:48,38.87269,-75.21774,1.2,-151.7,511.0,JOANNE DAIBER,,,90.0,0.0,,,,,B
366914190,2019-05-08T17:58:04,38.85384,-75.10161,12.1,-204.3,203.0,NEW JERSEY,IMO8643078,WYU8850,60.0,0.0,86.0,20.0,,,B
367120230,2019-05-08T17:59:12,38.98799,-75.21709,0.2,-202.9,511.0,SONIE,IMO9373723,WDD2812,31.0,0.0,24.0,9.0,4.0,52.0,B
338169577,2019-05-08T17:59:17,38.87241,-75.21865,0.7,-161.0,511.0,JOANNE DAIBER,,,90.0,0.0,,,,,B
367459570,2019-05-08T17:59:19,39.39617,-75.49033,11.7,-92.8,312.0,CORAL COAST,IMO7205087,WDF5120,31.0,0.0,34.0,9.0,3.9,52.0,B
367470320,2019-05-08T17:59:36,38.99821,-75.02768,0.5,-196.5,511.0,CHARISMA,,WDF6070,30.0,,13.0,,,,B
338447000,2019-05-08T17:59:41,38.9684,-75.20133,0.1,48.5,118.0,OSG HORIZON,IMO9436549,WDF6180,31.0,0.0,46.0,15.0,6.5,57.0,B
367120230,2019-05-08T18:00:01,38.9879,-75.21718,0.2,-154.1,511.0,SONIE,IMO9373723,WDD2812,31.0,0.0,24.0,9.0,4.0,52.0,B
367582520,2019-05-08T17:59:23,39.51408,-75.56988,3.8,-92.2,298.0,TOPAZ,IMO0000000,WDG8929,36.0,,12.0,4.0,,,B
538004030,2019-05-08T17:59:15,38.9306,-75.16114,0.0,168.8,167.0,FRIO,IMO9596985,V7UU3,80.0,1.0,274.0,48.0,17.1,89.0,A
368051050,2019-05-08T18:00:05,39.36604,-75.45574,9.7,-90.7,319.0,,,,,0.0,,,,,B
367490480,2019-05-08T17:59:35,38.99808,-75.02761,0.4,-196.6,511.0,EVA MARIE,IMO8969408,WDH3461,30.0,,26.0,7.0,,,B
311073800,2019-05-08T17:59:35,38.98751,-75.21793,0.0,200.8,110.0,EURO,IMO9567702,C6AA5,84.0,1.0,274.0,48.0,-11.5,84.0,A
338447000,2019-05-08T18:00:02,38.96839,-75.20134,0.1,48.5,117.0,OSG HORIZON,IMO9436549,WDF6180,31.0,0.0,46.0,15.0,6.5,57.0,B
369235000,2019-05-08T18:00:03,38.98806,-75.21778,0.1,37.2,108.0,OSG VISION,IMO9436537,WDF2493,31.0,0.0,46.0,15.0,6.5,57.0,B
338169577,2019-05-08T18:00:09,38.87231,-75.21886,0.0,-175.9,511.0,JOANNE DAIBER,,,90.0,0.0,,,,,B
367459570,2019-05-08T18:00:08,39.398,-75.49267,11.7,-92.7,313.0,CORAL COAST,IMO7205087,WDF5120,31.0,0.0,34.0,9.0,3.9,52.0,B
338019392,2019-05-08T18:00:07,39.20447,-75.2141,6.6,128.7,511.0,NORTHSTAR 10,,,90.0,0.0,15.0,6.0,2.0,90.0,B
366914190,2019-05-08T18:00:05,38.84764,-75.10512,12.1,201.9,202.0,NEW JERSEY,IMO8643078,WYU8850,60.0,0.0,86.0,20.0,,,B
255805987,2019-05-08T18:00:02,38.99033,-75.13525,17.8,157.6,157.0,WIDUKIND,IMO9252735,CQIK7,70.0,0.0,220.0,32.0,12.2,71.0,A
255805987,2019-05-08T17:59:45,38.9917,-75.13596,17.7,156.3,157.0,WIDUKIND,IMO9252735,CQIK7,70.0,0.0,220.0,32.0,12.2,71.0,A
538006702,2019-05-08T18:00:32,38.96794,-75.20159,0.1,34.6,118.0,NAMSEN,IMO9761528,V7QJ6,80.0,1.0,,,,,A
338447000,2019-05-08T17:58:32,38.96842,-75.20129,0.1,48.5,119.0,OSG HORIZON,IMO9436549,WDF6180,31.0,0.0,46.0,15.0,6.5,57.0,B
255805987,2019-05-08T17:58:39,38.99661,-75.13885,17.6,155.0,155.0,WIDUKIND,IMO9252735,CQIK7,70.0,0.0,220.0,32.0,12.2,71.0,A
338191464,2019-05-08T18:00:31,39.29343,-75.36814,4.7,137.3,511.0,DAY DREAMER,,,37.0,,,,,,B
367582520,2019-05-08T18:00:24,39.51476,-75.57071,2.7,-93.0,283.0,TOPAZ,IMO0000000,WDG8929,36.0,,12.0,4.0,,,B
366914190,2019-05-08T17:59:15,38.85023,-75.10365,12.1,202.9,203.0,NEW JERSEY,IMO8643078,WYU8850,60.0,0.0,86.0,20.0,,,B
338019392,2019-05-08T17:59:38,39.20504,-75.21503,6.6,127.7,511.0,NORTHSTAR 10,,,90.0,0.0,15.0,6.0,2.0,90.0,B
311000546,2019-05-08T18:00:07,38.83268,-75.06598,9.3,-69.7,340.0,,,,,4.0,,,,,B
240463000,2019-05-08T18:01:03,38.94135,-75.17572,0.0,167.0,91.0,BOUBOULINA,IMO9298753,SZIS,80.0,1.0,274.0,50.0,17.0,80.0,A
338312656,2019-05-08T18:01:07,39.36783,-75.42802,3.2,138.9,511.0,SEA REGALIS,IMO0000000,,90.0,,8.0,2.0,,,B
367459570,2019-05-08T18:01:09,39.4005,-75.4955,11.7,-94.3,312.0,CORAL COAST,IMO7205087,WDF5120,31.0,0.0,34.0,9.0,3.9,52.0,B
366914190,2019-05-08T18:01:08,38.84422,-75.10654,12.1,192.6,191.0,NEW JERSEY,IMO8643078,WYU8850,60.0,0.0,86.0,20.0,,,A
255805987,2019-05-08T18:01:09,38.9853,-75.13252,17.9,156.6,157.0,WIDUKIND,IMO9252735,CQIK7,70.0,0.0,220.0,32.0,12.2,71.0,A
338447000,2019-05-08T18:01:10,38.96834,-75.20138,0.1,48.5,116.0,OSG HORIZON,IMO9436549,WDF6180,31.0,0.0,46.0,15.0,6.5,57.0,B
367120230,2019-05-08T18:01:12,38.98792,-75.21713,0.0,57.1,511.0,SONIE,IMO9373723,WDD2812,31.0,0.0,24.0,9.0,4.0,52.0,B
369235000,2019-05-08T18:01:13,38.98799,-75.21783,0.1,37.2,107.0,OSG VISION,IMO9436537,WDF2493,31.0,0.0,46.0,15.0,6.5,57.0,B
368051050,2019-05-08T18:01:16,39.36848,-75.45839,9.6,-90.6,318.0,,,,,0.0,,,,,B
338019392,2019-05-08T18:01:18,39.20317,-75.21192,6.6,128.3,511.0,NORTHSTAR 10,,,90.0,0.0,15.0,6.0,2.0,90.0,B
338169577,2019-05-08T18:01:18,38.87273,-75.21918,1.0,-82.7,511.0,JOANNE DAIBER,,,90.0,0.0,,,,,B
311000546,2019-05-08T18:01:18,38.83551,-75.06723,9.2,-68.6,339.0,,,,,4.0,,,,,B
338191464,2019-05-08T18:02:01,39.29183,-75.36646,5.2,143.8,511.0,DAY DREAMER,,,37.0,,,,,,B
367582520,2019-05-08T18:01:55,39.51501,-75.57154,1.5,-150.0,225.0,TOPAZ,IMO0000000,WDG8929,36.0,,12.0,4.0,,,B
366914190,2019-05-08T18:02:15,38.84048,-75.10742,12.4,189.8,187.0,NEW JERSEY,IMO8643078,WYU8850,60.0,0.0,86.0,20.0,,,B
338447000,2019-05-08T18:02:22,38.96832,-75.20143,0.1,48.5,115.0,OSG HORIZON,IMO9436549,WDF6180,31.0,0.0,46.0,15.0,6.5,57.0,B
368051050,2019-05-08T18:02:25,39.37084,-75.46102,9.7,-89.3,318.0,,,,,0.0,,,,,B
255805987,2019-05-08T18:02:14,38.98023,-75.12982,17.9,157.6,157.0,WIDUKIND,IMO9252735,CQIK7,70.0,0.0,220.0,32.0,12.2,71.0,A
311000546,2019-05-08T18:02:27,38.83828,-75.06853,9.1,-70.5,332.0,,,,,4.0,,,,,B
338169577,2019-05-08T18:02:27,38.87275,-75.21946,0.0,-134.3,511.0,JOANNE DAIBER,,,90.0,0.0,,,,,B
367459570,2019-05-08T18:02:19,39.40317,-75.499,11.8,-93.5,312.0,CORAL COAST,IMO7205087,WDF5120,31.0,0.0,34.0,9.0,3.9,52.0,B
367120230,2019-05-08T18:02:21,38.98794,-75.2172,0.1,-156.3,511.0,SONIE,IMO9373723,WDD2812,31.0,0.0,24.0,9.0,4.0,52.0,B
369235000,2019-05-08T18:02:22,38.98792,-75.21787,0.1,37.2,105.0,OSG VISION,IMO9436537,WDF2493,31.0,0.0,46.0,15.0,6.5,57.0,B
311073800,2019-05-08T18:02:35,38.98738,-75.218,0.0,192.4,107.0,EURO,IMO9567702,C6AA5,84.0,1.0,274.0,48.0,-11.5,84.0,A
338019392,2019-05-08T18:02:38,39.20167,-75.20944,6.5,128.4,511.0,NORTHSTAR 10,,,90.0,0.0,15.0,6.0,2.0,90.0,B
367490480,2019-05-08T18:02:34,38.99774,-75.0279,0.5,-184.7,511.0,EVA MARIE,IMO8969408,WDH3461,30.0,,26.0,7.0,,,B
538004030,2019-05-08T18:02:13,38.93062,-75.16114,0.0,167.2,167.0,FRIO,IMO9596985,V7UU3,80.0,1.0,274.0,48.0,17.1,89.0,A
367470320,2019-05-08T18:02:37,38.99786,-75.02802,0.6,-186.9,511.0,CHARISMA,,WDF6070,30.0,,13.0,,,,B
367582520,2019-05-08T18:02:56,39.5148,-75.572,1.3,-186.9,218.0,TOPAZ,IMO0000000,WDG8929,36.0,,12.0,4.0,,,B
366914190,2019-05-08T18:03:25,38.83643,-75.10816,12.5,195.2,193.0,NEW JERSEY,IMO8643078,WYU8850,60.0,0.0,86.0,20.0,,,B
255805987,2019-05-08T18:03:15,38.97565,-75.12731,17.9,157.0,157.0,WIDUKIND,IMO9252735,CQIK7,70.0,0.0,220.0,32.0,12.2,71.0,A
538006702,2019-05-08T18:03:32,38.96779,-75.20165,0.1,34.6,116.0,NAMSEN,IMO9761528,V7QJ6,80.0,1.0,,,,,A
367120230,2019-05-08T18:03:32,38.98791,-75.21721,0.4,-200.5,511.0,SONIE,IMO9373723,WDD2812,31.0,0.0,24.0,9.0,4.0,52.0,B
338447000,2019-05-08T18:03:32,38.96824,-75.20145,0.1,48.5,114.0,OSG HORIZON,IMO9436549,WDF6180,31.0,0.0,46.0,15.0,6.5,57.0,B
367459570,2019-05-08T18:03:28,39.406,-75.50233,11.8,-92.3,313.0,CORAL COAST,IMO7205087,WDF5120,31.0,0.0,34.0,9.0,3.9,52.0,B
369235000,2019-05-08T18:03:32,38.98785,-75.2179,0.2,-196.9,104.0,OSG VISION,IMO9436537,WDF2493,31.0,0.0,46.0,15.0,6.5,57.0,B
338169577,2019-05-08T18:03:38,38.87284,-75.21967,1.0,22.1,511.0,JOANNE DAIBER,,,90.0,0.0,,,,,B
240463000,2019-05-08T18:04:04,38.941,-75.17555,0.0,165.0,82.0,BOUBOULINA,IMO9298753,SZIS,80.0,1.0,274.0,50.0,17.0,80.0,A
311000546,2019-05-08T18:03:37,38.84087,-75.07016,8.9,-76.3,330.0,,,,,4.0,,,,,B
338191464,2019-05-08T18:04:00,39.28965,-75.36418,4.5,137.4,511.0,DAY DREAMER,,,37.0,,,,,,B
338312656,2019-05-08T18:04:05,39.36571,-75.42615,3.0,145.1,511.0,SEA REGALIS,IMO0000000,,90.0,,8.0,2.0,,,B
338019392,2019-05-08T18:03:48,39.20031,-75.20728,6.6,128.8,511.0,NORTHSTAR 10,,,90.0,0.0,15.0,6.0,2.0,90.0,B
368051050,2019-05-08T18:03:46,39.37364,-75.46413,9.7,-91.3,318.0,,,,,0.0,,,,,B
367582520,2019-05-08T18:04:24,39.51495,-75.57215,0.8,-175.1,212.0,TOPAZ,IMO0000000,WDG8929,36.0,,12.0,4.0,,,B
367459570,2019-05-08T18:04:38,39.40867,-75.50567,11.6,-93.4,312.0,CORAL COAST,IMO7205087,WDF5120,31.0,0.0,34.0,9.0,3.9,52.0,B
338447000,2019-05-08T18:04:42,38.96822,-75.20149,0.1,48.5,113.0,OSG HORIZON,IMO9436549,WDF6180,31.0,0.0,46.0,15.0,6.5,57.0,B
255805987,2019-05-08T18:04:21,38.97053,-75.12454,17.9,157.0,157.0,WIDUKIND,IMO9252735,CQIK7,70.0,0.0,220.0,32.0,12.2,71.0,A
367120230,2019-05-08T18:04:41,38.98781,-75.21732,0.3,-179.5,511.0,SONIE,IMO9373723,WDD2812,31.0,0.0,24.0,9.0,4.0,52.0,B
369235000,2019-05-08T18:04:43,38.98782,-75.21795,0.1,-198.0,102.0,OSG VISION,IMO9436537,WDF2493,31.0,0.0,46.0,15.0,6.5,57.0,B
311000546,2019-05-08T18:04:47,38.84329,-75.07187,8.6,-78.8,330.0,,,,,4.0,,,,,B
255805987,2019-05-08T18:05:27,38.96555,-75.12183,17.9,156.6,157.0,WIDUKIND,IMO9252735,CQIK7,70.0,0.0,220.0,32.0,12.2,71.0,A
338019392,2019-05-08T18:04:49,39.19914,-75.20551,6.5,131.1,511.0,NORTHSTAR 10,,,90.0,0.0,15.0,6.0,2.0,90.0,B
311073800,2019-05-08T18:05:34,38.98724,-75.21806,0.1,187.1,102.0,EURO,IMO9567702,C6AA5,84.0,1.0,274.0,48.0,-11.5,84.0,A
368051050,2019-05-08T18:04:55,39.37599,-75.46678,9.7,-91.2,317.0,,,,,0.0,,,,,B
538004030,2019-05-08T18:05:16,38.93061,-75.16109,0.0,129.8,169.0,FRIO,IMO9596985,V7UU3,80.0,1.0,274.0,48.0,17.1,89.0,A
367490480,2019-05-08T18:05:35,38.99736,-75.02827,0.3,-192.8,511.0,EVA MARIE,IMO8969408,WDH3461,30.0,,26.0,7.0,,,B
366914190,2019-05-08T18:04:35,38.83261,-75.10942,11.9,195.0,194.0,NEW JERSEY,IMO8643078,WYU8850,60.0,0.0,86.0,20.0,,,B
338312656,2019-05-08T18:05:36,39.36465,-75.42519,2.9,131.1,511.0,SEA REGALIS,IMO0000000,,90.0,,8.0,2.0,,,B
367470320,2019-05-08T18:05:37,38.99749,-75.02838,0.2,-190.1,511.0,CHARISMA,,WDF6070,30.0,,13.0,,,,B
366914190,2019-05-08T18:05:45,38.82892,-75.1107,12.1,195.5,195.0,NEW JERSEY,IMO8643078,WYU8850,60.0,0.0,86.0,20.0,,,B
367582520,2019-05-08T18:05:56,39.51404,-75.5726,1.5,185.1,192.0,TOPAZ,IMO0000000,WDG8929,36.0,,12.0,4.0,,,B
367459570,2019-05-08T18:05:48,39.41133,-75.50883,10.9,-91.7,314.0,CORAL COAST,IMO7205087,WDF5120,31.0,0.0,34.0,9.0,3.9,52.0,B
311000546,2019-05-08T18:05:58,38.84571,-75.0736,8.4,-79.1,330.0,,,,,4.0,,,,,B
338447000,2019-05-08T18:05:51,38.96817,-75.2015,0.1,48.5,113.0,OSG HORIZON,IMO9436549,WDF6180,31.0,0.0,46.0,15.0,6.5,57.0,B
338169577,2019-05-08T18:05:58,38.87278,-75.21807,3.9,111.1,511.0,JOANNE DAIBER,,,90.0,0.0,,,,,B
338169577,2019-05-08T18:04:48,38.87317,-75.21921,2.2,93.0,511.0,JOANNE DAIBER,,,90.0,0.0,,,,,B
338191464,2019-05-08T18:06:00,39.28766,-75.36193,4.4,140.0,511.0,DAY DREAMER,,,37.0,,,,,,B
369235000,2019-05-08T18:05:53,38.98775,-75.21801,0.2,-204.2,100.0,OSG VISION,IMO9436537,WDF2493,31.0,0.0,46.0,15.0,6.5,57.0,B
367120230,2019-05-08T18:06:02,38.98776,-75.21734,0.2,198.6,511.0,SONIE,IMO9373723,WDD2812,31.0,0.0,24.0,9.0,4.0,52.0,B
255805987,2019-05-08T18:06:32,38.96052,-75.11907,17.9,156.6,157.0,WIDUKIND,IMO9252735,CQIK7,70.0,0.0,220.0,32.0,12.2,71.0,A
368051050,2019-05-08T18:06:16,39.37873,-75.46988,9.6,-89.8,318.0,,,,,0.0,,,,,B
367459570,2019-05-08T18:06:49,39.4135,-75.5115,10.5,-92.9,313.0,CORAL COAST,IMO7205087,WDF5120,31.0,0.0,34.0,9.0,3.9,52.0,B
366914190,2019-05-08T18:06:56,38.82516,-75.11206,11.7,195.8,195.0,NEW JERSEY,IMO8643078,WYU8850,60.0,0.0,86.0,20.0,,,B
338447000,2019-05-08T18:07:02,38.96813,-75.20152,0.1,48.5,112.0,OSG HORIZON,IMO9436549,WDF6180,31.0,0.0,46.0,15.0,6.5,57.0,B
369235000,2019-05-08T18:07:03,38.98767,-75.21804,0.2,201.5,98.0,OSG VISION,IMO9436537,WDF2493,31.0,0.0,46.0,15.0,6.5,57.0,B
311000546,2019-05-08T18:07:06,38.84792,-75.07522,8.1,-78.9,330.0,,,,,4.0,,,,,B
367120230,2019-05-08T18:07:11,38.98774,-75.21739,0.2,-184.0,511.0,SONIE,IMO9373723,WDD2812,31.0,0.0,24.0,9.0,4.0,52.0,B
338169577,2019-05-08T18:07:08,38.8722,-75.21837,4.9,184.5,511.0,JOANNE DAIBER,,,90.0,0.0,,,,,B
338019392,2019-05-08T18:07:19,39.19625,-75.2009,6.6,121.1,511.0,NORTHSTAR 10,,,90.0,0.0,15.0,6.0,2.0,90.0,B
338019392,2019-05-08T18:05:58,39.19776,-75.20344,6.7,131.4,511.0,NORTHSTAR 10,,,90.0,0.0,15.0,6.0,2.0,90.0,B
255805987,2019-05-08T18:07:33,38.956,-75.11658,17.9,156.6,157.0,WIDUKIND,IMO9252735,CQIK7,70.0,0.0,220.0,32.0,12.2,71.0,A
367582520,2019-05-08T18:07:24,39.51401,-75.57281,0.3,-49.6,231.0,TOPAZ,IMO0000000,WDG8929,36.0,,12.0,4.0,,,B
368051050,2019-05-08T18:07:25,39.38104,-75.47243,9.5,-91.3,317.0,,,,,0.0,,,,,B
338191464,2019-05-08T18:07:30,39.28619,-75.36028,5.1,144.8,511.0,DAY DREAMER,,,37.0,,,,,,B
367459570,2019-05-08T18:07:58,39.416,-75.5145,10.3,-91.8,313.0,CORAL COAST,IMO7205087,WDF5120,31.0,0.0,34.0,9.0,3.9,52.0,B
538004030,2019-05-08T18:08:16,38.93061,-75.16103,0.0,124.9,171.0,FRIO,IMO9596985,V7UU3,80.0,1.0,274.0,48.0,17.1,89.0,A
338312656,2019-05-08T18:08:08,39.36415,-75.42448,2.6,-97.7,511.0,SEA REGALIS,IMO0000000,,90.0,,8.0,2.0,,,B
538006702,2019-05-08T18:06:31,38.96772,-75.20173,0.1,34.6,114.0,NAMSEN,IMO9761528,V7QJ6,80.0,1.0,,,,,A
369235000,2019-05-08T18:08:11,38.98759,-75.21803,0.2,198.5,96.0,OSG VISION,IMO9436537,WDF2493,31.0,0.0,46.0,15.0,6.5,57.0,B
338169577,2019-05-08T18:08:19,38.87084,-75.21797,4.7,89.9,511.0,JOANNE DAIBER,,,90.0,0.0,,,,,B
338019392,2019-05-08T18:08:28,39.19519,-75.19848,6.6,121.0,511.0,NORTHSTAR 10,,,90.0,0.0,15.0,6.0,2.0,90.0,B
368051050,2019-05-08T18:08:35,39.38337,-75.47504,9.4,-90.3,318.0,,,,,0.0,,,,,B
367120230,2019-05-08T18:08:32,38.98762,-75.21747,0.2,-191.3,511.0,SONIE,IMO9373723,WDD2812,31.0,0.0,24.0,9.0,4.0,52.0,B
311073800,2019-05-08T18:08:36,38.98703,-75.2181,0.0,183.9,97.0,EURO,IMO9567702,C6AA5,84.0,1.0,274.0,48.0,-11.5,84.0,A
367490480,2019-05-08T18:08:34,38.99698,-75.02867,0.6,-195.6,511.0,EVA MARIE,IMO8969408,WDH3461,30.0,,26.0,7.0,,,B
240463000,2019-05-08T18:07:05,38.94063,-75.17537,0.0,161.0,72.0,BOUBOULINA,IMO9298753,SZIS,80.0,1.0,274.0,50.0,17.0,80.0,A
366914190,2019-05-08T18:09:15,38.81759,-75.11451,12.3,194.0,195.0,NEW JERSEY,IMO8643078,WYU8850,60.0,0.0,86.0,20.0,,,B
367582520,2019-05-08T18:08:55,39.51389,-75.57286,0.3,-49.6,189.0,TOPAZ,IMO0000000,WDG8929,36.0,,12.0,4.0,,,B
367459570,2019-05-08T18:08:59,39.41817,-75.517,10.3,-92.7,313.0,CORAL COAST,IMO7205087,WDF5120,31.0,0.0,34.0,9.0,3.9,52.0,B
369235000,2019-05-08T18:09:13,38.98755,-75.21809,0.2,195.5,94.0,OSG VISION,IMO9436537,WDF2493,31.0,0.0,46.0,15.0,6.5,57.0,B
366914190,2019-05-08T18:08:04,38.82149,-75.11331,12.1,194.9,193.0,NEW JERSEY,IMO8643078,WYU8850,60.0,0.0,86.0,20.0,,,B
338447000,2019-05-08T18:08:11,38.96809,-75.20153,0.1,48.5,111.0,OSG HORIZON,IMO9436549,WDF6180,31.0,0.0,46.0,15.0,6.5,57.0,B
311000546,2019-05-08T18:08:27,38.85045,-75.07694,7.7,-78.0,327.0,,,,,4.0,,,,,B
255805987,2019-05-08T18:08:39,38.95088,-75.11375,18.0,156.3,157.0,WIDUKIND,IMO9252735,CQIK7,70.0,0.0,220.0,32.0,12.2,71.0,A
538006702,2019-05-08T18:09:32,38.9676,-75.20176,0.1,34.6,112.0,NAMSEN,IMO9761528,V7QJ6,80.0,1.0,,,,,A
367120230,2019-05-08T18:09:40,38.98752,-75.21753,0.3,193.5,511.0,SONIE,IMO9373723,WDD2812,31.0,0.0,24.0,9.0,4.0,52.0,B
368051050,2019-05-08T18:09:36,39.3854,-75.47732,9.4,-90.5,317.0,,,,,0.0,,,,,B
338019392,2019-05-08T18:09:38,39.19407,-75.19615,6.7,119.8,511.0,NORTHSTAR 10,,,90.0,0.0,15.0,6.0,2.0,90.0,B
338447000,2019-05-08T18:09:31,38.96804,-75.20154,0.1,48.5,111.0,OSG HORIZON,IMO9436549,WDF6180,31.0,0.0,46.0,15.0,6.5,57.0,B
255805987,2019-05-08T18:09:45,38.94583,-75.11093,18.1,156.6,157.0,WIDUKIND,IMO9252735,CQIK7,70.0,0.0,220.0,32.0,12.2,71.0,A
311000546,2019-05-08T18:09:36,38.85253,-75.07849,7.4,-80.6,320.0,,,,,4.0,,,,,B
338169577,2019-05-08T18:09:38,38.87178,-75.21563,5.4,64.8,511.0,JOANNE DAIBER,,,90.0,0.0,,,,,B
338191464,2019-05-08T18:10:00,39.28374,-75.35744,5.1,137.9,511.0,DAY DREAMER,,,37.0,,,,,,B
367459570,2019-05-08T18:10:09,39.4205,-75.51983,10.2,-91.9,315.0,CORAL COAST,IMO7205087,WDF5120,31.0,0.0,34.0,9.0,3.9,52.0,B
240463000,2019-05-08T18:10:04,38.94027,-75.17525,0.0,151.0,61.0,BOUBOULINA,IMO9298753,SZIS,80.0,1.0,274.0,50.0,17.0,80.0,A
366914190,2019-05-08T18:10:25,38.81368,-75.11568,12.1,192.9,193.0,NEW JERSEY,IMO8643078,WYU8850,60.0,0.0,86.0,20.0,,,B
369235000,2019-05-08T18:10:22,38.98742,-75.21812,0.3,196.2,91.0,OSG VISION,IMO9436537,WDF2493,31.0,0.0,46.0,15.0,6.5,57.0,B
338447000,2019-05-08T18:10:41,38.96798,-75.20157,0.1,48.5,110.0,OSG HORIZON,IMO9436549,WDF6180,31.0,0.0,46.0,15.0,6.5,57.0,B
368051050,2019-05-08T18:10:45,39.38769,-75.47988,9.4,-90.6,318.0,,,,,0.0,,,,,B
338019392,2019-05-08T18:10:49,39.19295,-75.19378,6.5,121.4,511.0,NORTHSTAR 10,,,90.0,0.0,15.0,6.0,2.0,90.0,B
311000546,2019-05-08T18:10:47,38.85437,-75.08024,6.9,-86.8,314.0,,,,,4.0,,,,,B
367120230,2019-05-08T18:10:51,38.9875,-75.21749,0.3,195.3,511.0,SONIE,IMO9373723,WDD2812,31.0,0.0,24.0,9.0,4.0,52.0,B
255805987,2019-05-08T18:10:51,38.94076,-75.10814,18.0,157.0,157.0,WIDUKIND,IMO9252735,CQIK7,70.0,0.0,220.0,32.0,12.2,71.0,A
369235000,2019-05-08T18:11:23,38.98735,-75.21814,0.3,192.7,89.0,OSG VISION,IMO9436537,WDF2493,31.0,0.0,46.0,15.0,6.5,57.0,B
338312656,2019-05-08T18:10:35,39.36499,-75.42508,1.2,-83.1,511.0,SEA REGALIS,IMO0000000,,90.0,,8.0,2.0,,,B
367360320,2019-05-08T18:11:27,39.16172,-75.11723,7.3,76.0,511.0,MORNING STAR,IMO0000000,WDE4969,30.0,,22.0,7.0,,,B
538004030,2019-05-08T18:11:15,38.93064,-75.16093,0.0,115.9,174.0,FRIO,IMO9596985,V7UU3,80.0,1.0,274.0,48.0,17.1,89.0,A
367459570,2019-05-08T18:11:19,39.423,-75.52267,10.0,-92.9,315.0,CORAL COAST,IMO7205087,WDF5120,31.0,0.0,34.0,9.0,3.9,52.0,B
366914190,2019-05-08T18:11:34,38.80996,-75.11668,11.5,187.4,185.0,NEW JERSEY,IMO8643078,WYU8850,60.0,0.0,86.0,20.0,,,B
367490480,2019-05-08T18:11:35,38.99649,-75.029,0.7,202.3,511.0,EVA MARIE,IMO8969408,WDH3461,30.0,,26.0,7.0,,,B
338191464,2019-05-08T18:11:30,39.28224,-75.35576,5.1,139.9,511.0,DAY DREAMER,,,37.0,,,,,,B
367470320,2019-05-08T18:11:37,38.9966,-75.02911,0.7,188.5,511.0,CHARISMA,,WDF6070,30.0,,13.0,,,,B
368051050,2019-05-08T18:11:46,39.38976,-75.48217,9.5,-90.2,317.0,,,,,0.0,,,,,B
311073800,2019-05-08T18:11:34,38.98681,-75.2181,0.1,178.3,91.0,EURO,IMO9567702,C6AA5,84.0,1.0,274.0,48.0,-11.5,84.0,A
338169577,2019-05-08T18:10:48,38.87201,-75.21512,3.3,-137.7,511.0,JOANNE DAIBER,,,90.0,0.0,,,,,B
338447000,2019-05-08T18:11:52,38.96791,-75.20163,0.2,200.8,109.0,OSG HORIZON,IMO9436549,WDF6180,31.0,0.0,46.0,15.0,6.5,57.0,B
255805987,2019-05-08T18:11:57,38.9357,-75.10535,18.0,156.6,157.0,WIDUKIND,IMO9252735,CQIK7,70.0,0.0,220.0,32.0,12.2,71.0,A
311000546,2019-05-08T18:11:57,38.85591,-75.08211,6.7,-94.1,308.0,,,,,4.0,,,,,B
338169577,2019-05-08T18:11:58,38.87179,-75.21625,2.6,173.3,511.0,JOANNE DAIBER,,,90.0,0.0,,,,,B
367120230,2019-05-08T18:12:00,38.98745,-75.21754,0.2,-191.8,511.0,SONIE,IMO9373723,WDD2812,31.0,0.0,24.0,9.0,4.0,52.0,B
367582520,2019-05-08T18:11:56,39.51397,-75.57283,0.4,-49.6,269.0,TOPAZ,IMO0000000,WDG8929,36.0,,12.0,4.0,,,B
538006702,2019-05-08T18:12:32,38.96743,-75.20186,0.2,189.0,110.0,NAMSEN,IMO9761528,V7QJ6,80.0,1.0,,,,,A
366914190,2019-05-08T18:12:45,38.80633,-75.11759,11.4,192.1,191.0,NEW JERSEY,IMO8643078,WYU8850,60.0,0.0,86.0,20.0,,,B
368051050,2019-05-08T18:12:55,39.392,-75.48474,9.4,-91.2,317.0,,,,,0.0,,,,,B
338447000,2019-05-08T18:13:01,38.96785,-75.2016,0.2,197.9,108.0,OSG HORIZON,IMO9436549,WDF6180,31.0,0.0,46.0,15.0,6.5,57.0,B
369235000,2019-05-08T18:12:43,38.98724,-75.2182,0.3,192.0,87.0,OSG VISION,IMO9436537,WDF2493,31.0,0.0,46.0,15.0,6.5,57.0,B
338312656,2019-05-08T18:13:05,39.36587,-75.42597,2.0,-83.8,511.0,SEA REGALIS,IMO0000000,,90.0,,8.0,2.0,,,B
338169577,2019-05-08T18:13:08,38.8721,-75.21547,3.8,86.2,511.0,JOANNE DAIBER,,,90.0,0.0,,,,,B
338019392,2019-05-08T18:13:17,39.19052,-75.18889,6.5,123.4,511.0,NORTHSTAR 10,,,90.0,0.0,15.0,6.0,2.0,90.0,B
368058330,2019-05-08T18:13:18,39.20903,-75.03686,4.8,-184.9,511.0,PURPLE  HAYS,,WDC9127,52.0,0.0,24.0,8.0,3.0,52.0,B
338312656,2019-05-08T18:11:36,39.36534,-75.42542,2.2,-78.9,511.0,SEA REGALIS,IMO0000000,,90.0,,8.0,2.0,,,B
367120230,2019-05-08T18:13:12,38.98736,-75.21758,0.3,192.9,511.0,SONIE,IMO9373723,WDD2812,31.0,0.0,24.0,9.0,4.0,52.0,B
367459570,2019-05-08T18:13:38,39.42783,-75.52833,10.0,-92.4,315.0,CORAL COAST,IMO7205087,WDF5120,31.0,0.0,34.0,9.0,3.9,52.0,B
367490480,2019-05-08T18:13:35,38.99604,-75.02922,2.1,188.7,511.0,EVA MARIE,IMO8969408,WDH3461,30.0,,26.0,7.0,,,B
369235000,2019-05-08T18:13:51,38.98711,-75.21825,0.3,191.6,84.0,OSG VISION,IMO9436537,WDF2493,31.0,0.0,46.0,15.0,6.5,57.0,B
366914190,2019-05-08T18:13:54,38.8027,-75.11838,11.3,188.0,186.0,NEW JERSEY,IMO8643078,WYU8850,60.0,0.0,86.0,20.0,,,B
367360320,2019-05-08T18:13:57,39.16319,-75.11102,7.2,70.1,511.0,MORNING STAR,IMO0000000,WDE4969,30.0,,22.0,7.0,,,B
311000546,2019-05-08T18:14:07,38.85823,-75.08572,6.0,-101.1,308.0,,,,,4.0,,,,,B
368051050,2019-05-08T18:14:05,39.39435,-75.48733,9.4,-90.1,315.0,,,,,0.0,,,,,B
338447000,2019-05-08T18:14:12,38.96776,-75.20164,0.2,192.0,107.0,OSG HORIZON,IMO9436549,WDF6180,31.0,0.0,46.0,15.0,6.5,57.0,B
538004030,2019-05-08T18:14:16,38.93064,-75.16083,0.0,111.3,176.0,FRIO,IMO9596985,V7UU3,80.0,1.0,274.0,48.0,17.1,89.0,A
338169577,2019-05-08T18:14:17,38.87149,-75.21612,3.0,166.4,511.0,JOANNE DAIBER,,,90.0,0.0,,,,,B
255805987,2019-05-08T18:14:08,38.92563,-75.09991,17.8,157.3,157.0,WIDUKIND,IMO9252735,CQIK7,70.0,0.0,220.0,32.0,12.2,71.0,A
338019392,2019-05-08T18:14:28,39.18937,-75.18661,6.8,123.0,511.0,NORTHSTAR 10,,,90.0,0.0,15.0,6.0,2.0,90.0,B
338019392,2019-05-08T18:11:57,39.19186,-75.1915,6.6,122.8,511.0,NORTHSTAR 10,,,90.0,0.0,15.0,6.0,2.0,90.0,B
368058330,2019-05-08T18:14:28,39.20788,-75.03814,4.6,-188.9,511.0,PURPLE  HAYS,,WDC9127,52.0,0.0,24.0,8.0,3.0,52.0,B
311073800,2019-05-08T18:14:35,38.98652,-75.21808,0.1,178.1,84.0,EURO,IMO9567702,C6AA5,84.0,1.0,274.0,48.0,-11.5,84.0,A
367120230,2019-05-08T18:14:21,38.98724,-75.21765,0.4,198.3,511.0,SONIE,IMO9373723,WDD2812,31.0,0.0,24.0,9.0,4.0,52.0,B
338312656,2019-05-08T18:14:07,39.36623,-75.42636,2.1,-85.9,511.0,SEA REGALIS,IMO0000000,,90.0,,8.0,2.0,,,B
367582520,2019-05-08T18:14:54,39.51382,-75.57281,0.4,-49.6,163.0,TOPAZ,IMO0000000,WDG8929,36.0,,12.0,4.0,,,B
368051050,2019-05-08T18:15:25,39.3969,-75.49044,9.4,-93.3,315.0,,,,,0.0,,,,,B
255805987,2019-05-08T18:15:14,38.92059,-75.0971,17.8,156.1,161.0,WIDUKIND,IMO9252735,CQIK7,70.0,0.0,220.0,32.0,12.2,71.0,A
367459570,2019-05-08T18:14:47,39.43017,-75.53117,10.0,-92.8,316.0,CORAL COAST,IMO7205087,WDF5120,31.0,0.0,34.0,9.0,3.9,52.0,B
369235000,2019-05-08T18:14:52,38.98705,-75.21825,0.3,188.2,82.0,OSG VISION,IMO9436537,WDF2493,31.0,0.0,46.0,15.0,6.5,57.0,B
366914190,2019-05-08T18:14:58,38.79938,-75.11875,10.8,174.9,169.0,NEW JERSEY,IMO8643078,WYU8850,60.0,0.0,86.0,20.0,,,A
367490480,2019-05-08T18:15:01,38.99344,-75.02913,9.0,185.3,511.0,EVA MARIE,IMO8969408,WDH3461,30.0,,26.0,7.0,,,B
367459570,2019-05-08T18:12:28,39.42533,-75.5255,10.0,-92.0,314.0,CORAL COAST,IMO7205087,WDF5120,31.0,0.0,34.0,9.0,3.9,52.0,B
338191464,2019-05-08T18:15:33,39.278,-75.35113,5.2,137.7,511.0,DAY DREAMER,,,37.0,,,,,,B
311000546,2019-05-08T18:15:18,38.85942,-75.08768,5.8,-102.2,310.0,,,,,4.0,,,,,B
338019392,2019-05-08T18:15:39,39.18818,-75.18423,6.8,121.9,511.0,NORTHSTAR 10,,,90.0,0.0,15.0,6.0,2.0,90.0,B
367459570,2019-05-08T18:15:58,39.43267,-75.534,10.1,-90.6,316.0,CORAL COAST,IMO7205087,WDF5120,31.0,0.0,34.0,9.0,3.9,52.0,B
368058330,2019-05-08T18:15:37,39.20685,-75.03947,4.5,-182.4,511.0,PURPLE  HAYS,,WDC9127,52.0,0.0,24.0,8.0,3.0,52.0,B
338447000,2019-05-08T18:15:21,38.9677,-75.20165,0.2,192.0,105.0,OSG HORIZON,IMO9436549,WDF6180,31.0,0.0,46.0,15.0,6.5,57.0,B
338169577,2019-05-08T18:15:28,38.87153,-75.21468,3.9,50.6,511.0,JOANNE DAIBER,,,90.0,0.0,,,,,B
366914190,2019-05-08T18:16:04,38.7963,-75.11809,9.5,167.0,165.0,NEW JERSEY,IMO8643078,WYU8850,60.0,0.0,86.0,20.0,,,B
240463000,2019-05-08T18:16:05,38.93975,-75.17467,0.0,126.0,40.0,BOUBOULINA,IMO9298753,SZIS,80.0,1.0,274.0,50.0,17.0,80.0,A
367360320,2019-05-08T18:15:57,39.16448,-75.10617,7.4,72.3,511.0,MORNING STAR,IMO0000000,WDE4969,30.0,,22.0,7.0,,,B
369235000,2019-05-08T18:16:03,38.98691,-75.21824,0.3,188.5,79.0,OSG VISION,IMO9436537,WDF2493,31.0,0.0,46.0,15.0,6.5,57.0,B
255805987,2019-05-08T18:16:21,38.91523,-75.09521,18.0,168.4,170.0,WIDUKIND,IMO9252735,CQIK7,70.0,0.0,220.0,32.0,12.2,71.0,A
255805987,2019-05-08T18:13:03,38.93062,-75.10262,18.0,157.3,157.0,WIDUKIND,IMO9252735,CQIK7,70.0,0.0,220.0,32.0,12.2,71.0,A
311000546,2019-05-08T18:16:27,38.86058,-75.08945,5.5,-99.7,310.0,,,,,4.0,,,,,B
368051050,2019-05-08T18:16:36,39.39914,-75.49318,9.4,-93.8,314.0,,,,,0.0,,,,,B
311000546,2019-05-08T18:13:06,38.8572,-75.08405,6.3,-99.5,308.0,,,,,4.0,,,,,B
367120230,2019-05-08T18:16:41,38.98708,-75.21766,0.3,200.1,511.0,SONIE,IMO9373723,WDD2812,31.0,0.0,24.0,9.0,4.0,52.0,B
368058330,2019-05-08T18:16:48,39.20576,-75.04067,4.4,-193.0,511.0,PURPLE  HAYS,,WDC9127,52.0,0.0,24.0,8.0,3.0,52.0,B
338447000,2019-05-08T18:16:31,38.9676,-75.20168,0.2,191.1,104.0,OSG HORIZON,IMO9436549,WDF6180,31.0,0.0,46.0,15.0,6.5,57.0,B
338191464,2019-05-08T18:17:02,39.27653,-75.34955,4.8,138.5,511.0,DAY DREAMER,,,37.0,,,,,,B
338019392,2019-05-08T18:16:49,39.187,-75.18188,6.7,121.8,511.0,NORTHSTAR 10,,,90.0,0.0,15.0,6.0,2.0,90.0,B
367459570,2019-05-08T18:17:07,39.435,-75.53683,10.2,-91.1,317.0,CORAL COAST,IMO7205087,WDF5120,31.0,0.0,34.0,9.0,3.9,52.0,B
367120230,2019-05-08T18:17:52,38.98699,-75.21771,0.3,-200.8,511.0,SONIE,IMO9373723,WDD2812,31.0,0.0,24.0,9.0,4.0,52.0,B
311000546,2019-05-08T18:17:28,38.86157,-75.09095,5.6,-99.9,310.0,,,,,4.0,,,,,B
369235000,2019-05-08T18:17:11,38.98679,-75.21828,0.3,187.7,76.0,OSG VISION,IMO9436537,WDF2493,31.0,0.0,46.0,15.0,6.5,57.0,B
366914190,2019-05-08T18:17:14,38.79329,-75.11732,9.4,173.1,172.0,NEW JERSEY,IMO8643078,WYU8850,60.0,0.0,86.0,20.0,,,B
367470320,2019-05-08T18:17:14,38.99502,-75.03016,2.2,-91.8,511.0,CHARISMA,,WDF6070,30.0,,13.0,,,,B
538004030,2019-05-08T18:17:14,38.93064,-75.16071,0.0,104.1,179.0,FRIO,IMO9596985,V7UU3,80.0,1.0,274.0,48.0,17.1,89.0,A
338312656,2019-05-08T18:16:35,39.36706,-75.42732,2.1,-116.5,511.0,SEA REGALIS,IMO0000000,,90.0,,8.0,2.0,,,B
368051050,2019-05-08T18:17:45,39.40137,-75.49594,9.5,-92.4,317.0,,,,,0.0,,,,,B
255805987,2019-05-08T18:17:27,38.90988,-75.09398,18.1,170.0,170.0,WIDUKIND,IMO9252735,CQIK7,70.0,0.0,220.0,32.0,12.2,71.0,A
367582520,2019-05-08T18:17:55,39.51382,-75.57267,0.6,-49.6,511.0,TOPAZ,IMO0000000,WDG8929,36.0,,12.0,4.0,,,B
367360320,2019-05-08T18:17:57,39.1657,-75.10123,7.1,74.2,511.0,MORNING STAR,IMO0000000,WDE4969,30.0,,22.0,7.0,,,B
367400050,2019-05-08T18:17:39,38.9014,-75.02676,3.5,181.1,511.0,CAPE MAY WHALE WATCH,,WDE7979,60.0,15.0,26.0,8.0,,,A
338191464,2019-05-08T18:14:00,39.27967,-75.35292,5.3,140.9,511.0,DAY DREAMER,,,37.0,,,,,,B
368058330,2019-05-08T18:17:58,39.20457,-75.04167,4.4,204.5,511.0,PURPLE  HAYS,,WDC9127,52.0,0.0,24.0,8.0,3.0,52.0,B
338019392,2019-05-08T18:17:59,39.18599,-75.17944,6.7,123.0,511.0,NORTHSTAR 10,,,90.0,0.0,15.0,6.0,2.0,90.0,B
367470320,2019-05-08T18:14:37,38.99599,-75.02957,0.7,-200.8,511.0,CHARISMA,,WDF6070,30.0,,13.0,,,,B
367120230,2019-05-08T18:15:31,38.98717,-75.21763,0.3,195.5,511.0,SONIE,IMO9373723,WDD2812,31.0,0.0,24.0,9.0,4.0,52.0,B
367490480,2019-05-08T18:16:30,38.98962,-75.02941,9.2,180.5,511.0,EVA MARIE,IMO8969408,WDH3461,30.0,,26.0,7.0,,,B
338169577,2019-05-08T18:16:58,38.87229,-75.21538,2.5,38.6,511.0,JOANNE DAIBER,,,90.0,0.0,,,,,B
311073800,2019-05-08T18:17:34,38.98624,-75.21809,0.1,176.7,77.0,EURO,IMO9567702,C6AA5,84.0,1.0,274.0,48.0,-11.5,84.0,A
338447000,2019-05-08T18:17:42,38.96753,-75.20171,0.2,190.4,102.0,OSG HORIZON,IMO9436549,WDF6180,31.0,0.0,46.0,15.0,6.5,57.0,B
367490480,2019-05-08T18:18:00,38.98574,-75.02952,9.3,179.7,511.0,EVA MARIE,IMO8969408,WDH3461,30.0,,26.0,7.0,,,B
367459570,2019-05-08T18:18:08,39.43717,-75.53917,10.0,-90.6,316.0,CORAL COAST,IMO7205087,WDF5120,31.0,0.0,34.0,9.0,3.9,52.0,B
338169577,2019-05-08T18:18:08,38.87289,-75.21518,2.8,-92.8,511.0,JOANNE DAIBER,,,90.0,0.0,,,,,B
338478000,2019-05-08T18:18:10,39.51995,-75.55131,26.8,194.2,511.0,COMPLETELY KNOTS,IMO0000000,WDK3527,37.0,,28.0,17.0,,,B
311000546,2019-05-08T18:18:37,38.86269,-75.09263,5.3,-100.0,310.0,,,,,4.0,,,,,B
538006702,2019-05-08T18:18:30,38.96704,-75.20181,0.2,181.5,103.0,NAMSEN,IMO9761528,V7QJ6,80.0,1.0,,,,,A
369235000,2019-05-08T18:18:23,38.9867,-75.21828,0.3,184.8,73.0,OSG VISION,IMO9436537,WDF2493,31.0,0.0,46.0,15.0,6.5,57.0,B
255805987,2019-05-08T18:18:33,38.90443,-75.09274,18.1,169.6,170.0,WIDUKIND,IMO9252735,CQIK7,70.0,0.0,220.0,32.0,12.2,71.0,A
367400050,2019-05-08T18:18:58,38.8999,-75.02689,6.2,183.8,511.0,CAPE MAY WHALE WATCH,,WDE7979,60.0,15.0,26.0,8.0,,,A
367470320,2019-05-08T18:18:40,38.99361,-75.02697,8.8,126.1,511.0,CHARISMA,,WDF6070,30.0,,13.0,,,,B
366914190,2019-05-08T18:18:35,38.78978,-75.11656,9.5,170.6,170.0,NEW JERSEY,IMO8643078,WYU8850,60.0,0.0,86.0,20.0,,,B
338447000,2019-05-08T18:18:51,38.96745,-75.2017,0.2,191.4,101.0,OSG HORIZON,IMO9436549,WDF6180,31.0,0.0,46.0,15.0,6.5,57.0,B
368051050,2019-05-08T18:19:25,39.40472,-75.49975,9.5,-92.1,316.0,,,,,0.0,,,,,B
367120230,2019-05-08T18:19:00,38.9869,-75.21772,0.3,182.9,511.0,SONIE,IMO9373723,WDD2812,31.0,0.0,24.0,9.0,4.0,52.0,B
240463000,2019-05-08T18:19:04,38.93967,-75.17435,0.0,122.0,34.0,BOUBOULINA,IMO9298753,SZIS,80.0,1.0,274.0,50.0,17.0,80.0,A
367459570,2019-05-08T18:19:19,39.43967,-75.542,10.0,-90.7,316.0,CORAL COAST,IMO7205087,WDF5120,31.0,0.0,34.0,9.0,3.9,52.0,B
338169577,2019-05-08T18:19:17,38.87302,-75.21605,3.2,204.4,511.0,JOANNE DAIBER,,,90.0,0.0,,,,,B
368058330,2019-05-08T18:19:07,39.20324,-75.04184,4.2,172.2,511.0,PURPLE  HAYS,,WDC9127,52.0,0.0,24.0,8.0,3.0,52.0,B
338478000,2019-05-08T18:20:07,39.50582,-75.55575,26.8,193.6,511.0,COMPLETELY KNOTS,IMO0000000,WDK3527,37.0,,28.0,17.0,,,B
366914190,2019-05-08T18:19:38,38.78704,-75.11652,8.9,186.3,185.0,NEW JERSEY,IMO8643078,WYU8850,60.0,0.0,86.0,20.0,,,A
367490480,2019-05-08T18:19:31,38.98196,-75.02944,9.0,177.5,511.0,EVA MARIE,IMO8969408,WDH3461,30.0,,26.0,7.0,,,B
338019392,2019-05-08T18:19:07,39.18506,-75.17691,6.7,115.3,511.0,NORTHSTAR 10,,,90.0,0.0,15.0,6.0,2.0,90.0,B
255805987,2019-05-08T18:19:39,38.89899,-75.09154,18.0,170.3,170.0,WIDUKIND,IMO9252735,CQIK7,70.0,0.0,220.0,32.0,12.2,71.0,A
311000546,2019-05-08T18:19:47,38.86375,-75.09424,5.1,-99.7,310.0,,,,,4.0,,,,,B
367360320,2019-05-08T18:19:57,39.1669,-75.09635,7.2,72.7,511.0,MORNING STAR,IMO0000000,WDE4969,30.0,,22.0,7.0,,,B
368058330,2019-05-08T18:20:37,39.20156,-75.04147,4.0,162.3,511.0,PURPLE  HAYS,,WDC9127,52.0,0.0,24.0,8.0,3.0,52.0,B
338169577,2019-05-08T18:20:37,38.87313,-75.21624,2.2,-196.8,511.0,JOANNE DAIBER,,,90.0,0.0,,,,,B
338447000,2019-05-08T18:20:01,38.96737,-75.20174,0.2,190.7,98.0,OSG HORIZON,IMO9436549,WDF6180,31.0,0.0,46.0,15.0,6.5,57.0,B
338191464,2019-05-08T18:20:04,39.27329,-75.34602,5.3,137.3,511.0,DAY DREAMER,,,37.0,,,,,,B
367400050,2019-05-08T18:20:07,38.89856,-75.02751,3.2,195.7,511.0,CAPE MAY WHALE WATCH,,WDE7979,60.0,15.0,26.0,8.0,,,B
367470320,2019-05-08T18:20:09,38.99147,-75.02279,10.2,123.2,511.0,CHARISMA,,WDF6070,30.0,,13.0,,,,B
538004030,2019-05-08T18:20:17,38.93065,-75.16055,0.0,107.7,182.0,FRIO,IMO9596985,V7UU3,80.0,1.0,274.0,48.0,17.1,89.0,A
368051050,2019-05-08T18:20:56,39.40771,-75.50326,9.6,-91.3,317.0,,,,,0.0,,,,,B
338019392,2019-05-08T18:20:17,39.18417,-75.17447,6.3,117.1,511.0,NORTHSTAR 10,,,90.0,0.0,15.0,6.0,2.0,90.0,B
367120230,2019-05-08T18:20:12,38.98679,-75.21776,0.4,194.0,511.0,SONIE,IMO9373723,WDD2812,31.0,0.0,24.0,9.0,4.0,52.0,B
369235000,2019-05-08T18:19:33,38.98654,-75.21832,0.3,179.9,70.0,OSG VISION,IMO9436537,WDF2493,31.0,0.0,46.0,15.0,6.5,57.0,B
367459570,2019-05-08T18:20:29,39.44217,-75.54483,10.0,-90.0,317.0,CORAL COAST,IMO7205087,WDF5120,31.0,0.0,34.0,9.0,3.9,52.0,B
311073800,2019-05-08T18:20:36,38.98596,-75.21802,0.2,167.2,70.0,EURO,IMO9567702,C6AA5,84.0,1.0,274.0,48.0,-11.5,84.0,A
369235000,2019-05-08T18:20:42,38.98645,-75.21829,0.3,177.2,68.0,OSG VISION,IMO9436537,WDF2493,31.0,0.0,46.0,15.0,6.5,57.0,B
367490480,2019-05-08T18:21:30,38.97733,-75.02933,8.6,175.7,511.0,EVA MARIE,IMO8969408,WDH3461,30.0,,26.0,7.0,,,B
366914190,2019-05-08T18:20:41,38.78479,-75.11711,6.7,200.1,203.0,NEW JERSEY,IMO8643078,WYU8850,60.0,0.0,86.0,20.0,,,A
311000546,2019-05-08T18:20:57,38.8648,-75.09585,5.0,-100.3,310.0,,,,,4.0,,,,,B
338312656,2019-05-08T18:21:05,39.36279,-75.45792,23.7,-150.3,511.0,SEA REGALIS,IMO0000000,,90.0,,8.0,2.0,,,B
367400050,2019-05-08T18:21:58,38.89679,-75.02871,3.8,204.7,511.0,CAPE MAY WHALE WATCH,,WDE7979,60.0,15.0,26.0,8.0,,,B
367120230,2019-05-08T18:21:22,38.98667,-75.21777,0.4,180.6,511.0,SONIE,IMO9373723,WDD2812,31.0,0.0,24.0,9.0,4.0,52.0,B
367582520,2019-05-08T18:20:56,39.5139,-75.57291,0.6,-49.6,174.0,TOPAZ,IMO0000000,WDG8929,36.0,,12.0,4.0,,,B
255805987,2019-05-08T18:20:44,38.89365,-75.09041,17.9,170.9,170.0,WIDUKIND,IMO9252735,CQIK7,70.0,0.0,220.0,32.0,12.2,71.0,A
338478000,2019-05-08T18:21:10,39.49828,-75.55814,26.9,194.0,511.0,COMPLETELY KNOTS,IMO0000000,WDK3527,37.0,,28.0,17.0,,,B
368051050,2019-05-08T18:22:15,39.41032,-75.5063,9.6,-91.6,317.0,,,,,0.0,,,,,B
338447000,2019-05-08T18:21:11,38.96727,-75.20175,0.3,193.0,96.0,OSG HORIZON,IMO9436549,WDF6180,31.0,0.0,46.0,15.0,6.5,57.0,B
538006702,2019-05-08T18:21:32,38.96679,-75.20183,0.3,178.6,96.0,NAMSEN,IMO9761528,V7QJ6,80.0,1.0,,,,,A
367459570,2019-05-08T18:21:38,39.4445,-75.5475,10.0,-89.9,316.0,CORAL COAST,IMO7205087,WDF5120,31.0,0.0,34.0,9.0,3.9,52.0,B
338169577,2019-05-08T18:21:47,38.87197,-75.21756,6.7,203.7,511.0,JOANNE DAIBER,,,90.0,0.0,,,,,B
338019392,2019-05-08T18:21:28,39.18321,-75.17204,6.5,118.7,511.0,NORTHSTAR 10,,,90.0,0.0,15.0,6.0,2.0,90.0,B
338191464,2019-05-08T18:21:30,39.27175,-75.34436,5.6,141.3,511.0,DAY DREAMER,,,37.0,,,,,,B
255805987,2019-05-08T18:21:51,38.8882,-75.08922,17.7,170.6,170.0,WIDUKIND,IMO9252735,CQIK7,70.0,0.0,220.0,32.0,12.2,71.0,A
367699890,2019-05-08T18:22:19,38.79217,-75.11717,23.6,-55.3,511.0,J P VIRDEN,,WDI4560,,15.0,16.0,,,,B
367470320,2019-05-08T18:21:40,38.989,-75.01834,10.1,124.8,511.0,CHARISMA,,WDF6070,30.0,,13.0,,,,B
338019392,2019-05-08T18:23:17,39.18166,-75.16823,6.7,120.3,511.0,NORTHSTAR 10,,,90.0,0.0,15.0,6.0,2.0,90.0,B
369235000,2019-05-08T18:22:33,38.98624,-75.21828,0.3,173.5,64.0,OSG VISION,IMO9436537,WDF2493,31.0,0.0,46.0,15.0,6.5,57.0,B
368058330,2019-05-08T18:21:49,39.20027,-75.04103,4.2,163.5,511.0,PURPLE  HAYS,,WDC9127,52.0,0.0,24.0,8.0,3.0,52.0,B
338312656,2019-05-08T18:22:07,39.36214,-75.46645,23.2,-139.8,511.0,SEA REGALIS,IMO0000000,,90.0,,8.0,2.0,,,B
367400050,2019-05-08T18:23:29,38.89557,-75.02932,2.4,-195.6,511.0,CAPE MAY WHALE WATCH,,WDE7979,60.0,15.0,26.0,8.0,,,B
338447000,2019-05-08T18:22:21,38.96715,-75.20177,0.3,190.0,93.0,OSG HORIZON,IMO9436549,WDF6180,31.0,0.0,46.0,15.0,6.5,57.0,B
367459570,2019-05-08T18:22:58,39.44733,-75.5505,10.0,-90.3,317.0,CORAL COAST,IMO7205087,WDF5120,31.0,0.0,34.0,9.0,3.9,52.0,B
338447000,2019-05-08T18:23:22,38.96707,-75.20183,0.3,190.7,90.0,OSG HORIZON,IMO9436549,WDF6180,31.0,0.0,46.0,15.0,6.5,57.0,B
338478000,2019-05-08T18:22:38,39.48771,-75.56165,26.8,193.1,511.0,COMPLETELY KNOTS,IMO0000000,WDK3527,37.0,,28.0,17.0,,,B
367120230,2019-05-08T18:22:41,38.98655,-75.21778,0.5,183.8,511.0,SONIE,IMO9373723,WDD2812,31.0,0.0,24.0,9.0,4.0,52.0,B
338169577,2019-05-08T18:23:17,38.87217,-75.21889,1.4,-134.5,511.0,JOANNE DAIBER,,,90.0,0.0,,,,,B
538004030,2019-05-08T18:23:17,38.93064,-75.16034,0.0,101.4,186.0,FRIO,IMO9596985,V7UU3,80.0,1.0,274.0,48.0,17.1,89.0,A
367360320,2019-05-08T18:22:27,39.1685,-75.09027,7.1,69.9,511.0,MORNING STAR,IMO0000000,WDE4969,30.0,,22.0,7.0,,,B
367490480,2019-05-08T18:22:31,38.97488,-75.02897,8.9,172.9,511.0,EVA MARIE,IMO8969408,WDH3461,30.0,,26.0,7.0,,,B
367470320,2019-05-08T18:23:09,38.98649,-75.01385,10.4,126.0,511.0,CHARISMA,,WDF6070,30.0,,13.0,,,,B
311000546,2019-05-08T18:23:17,38.86677,-75.09891,4.7,-100.6,310.0,,,,,4.0,,,,,B
338191464,2019-05-08T18:23:01,39.27013,-75.34254,5.0,141.5,511.0,DAY DREAMER,,,37.0,,,,,,B
369235000,2019-05-08T18:24:12,38.98605,-75.21823,0.4,169.6,60.0,OSG VISION,IMO9436537,WDF2493,31.0,0.0,46.0,15.0,6.5,57.0,B
367699890,2019-05-08T18:21:17,38.78567,-75.11783,23.1,34.2,511.0,J P VIRDEN,,WDI4560,,15.0,16.0,,,,A
368051050,2019-05-08T18:23:26,39.41268,-75.50906,9.6,-91.7,316.0,,,,,0.0,,,,,B
311000546,2019-05-08T18:22:08,38.86583,-75.09744,4.8,-100.7,310.0,,,,,4.0,,,,,B
368058330,2019-05-08T18:23:08,39.19879,-75.04058,4.2,163.8,511.0,PURPLE  HAYS,,WDC9127,52.0,0.0,24.0,8.0,3.0,52.0,B
367582520,2019-05-08T18:23:55,39.51389,-75.57255,0.5,-49.6,511.0,TOPAZ,IMO0000000,WDG8929,36.0,,12.0,4.0,,,B
338478000,2019-05-08T18:24:07,39.47666,-75.56257,27.1,182.1,511.0,COMPLETELY KNOTS,IMO0000000,WDK3527,37.0,,28.0,17.0,,,B
367470320,2019-05-08T18:24:10,38.98482,-75.01081,10.4,124.1,511.0,CHARISMA,,WDF6070,30.0,,13.0,,,,B
368051050,2019-05-08T18:24:55,39.41562,-75.51253,9.5,-92.3,317.0,,,,,0.0,,,,,B
368058330,2019-05-08T18:24:18,39.19745,-75.04015,4.3,163.9,511.0,PURPLE  HAYS,,WDC9127,52.0,0.0,24.0,8.0,3.0,52.0,B
367120230,2019-05-08T18:24:00,38.98645,-75.21777,0.2,176.7,511.0,SONIE,IMO9373723,WDD2812,31.0,0.0,24.0,9.0,4.0,52.0,B
338191464,2019-05-08T18:24:02,39.26899,-75.34136,4.8,139.2,511.0,DAY DREAMER,,,37.0,,,,,,B
311073800,2019-05-08T18:23:33,38.98567,-75.21792,0.1,161.2,63.0,EURO,IMO9567702,C6AA5,84.0,1.0,274.0,48.0,-11.5,84.0,A
311000546,2019-05-08T18:24:28,38.86772,-75.10042,4.5,-101.2,310.0,,,,,4.0,,,,,B
367490480,2019-05-08T18:24:00,38.97115,-75.02826,8.9,172.2,511.0,EVA MARIE,IMO8969408,WDH3461,30.0,,26.0,7.0,,,B
338447000,2019-05-08T18:24:32,38.96697,-75.20183,0.3,186.7,87.0,OSG HORIZON,IMO9436549,WDF6180,31.0,0.0,46.0,15.0,6.5,57.0,B
367400050,2019-05-08T18:24:39,38.89503,-75.02972,1.3,199.6,511.0,CAPE MAY WHALE WATCH,,WDE7979,60.0,15.0,26.0,8.0,,,B
367699890,2019-05-08T18:24:23,38.804,-75.11333,23.9,61.6,511.0,J P VIRDEN,,WDI4560,,15.0,16.0,,,,B
338019392,2019-05-08T18:24:28,39.18063,-75.16579,6.7,118.5,511.0,NORTHSTAR 10,,,90.0,0.0,15.0,6.0,2.0,90.0,B
255805987,2019-05-08T18:25:03,38.87272,-75.08577,17.8,170.0,170.0,WIDUKIND,IMO9252735,CQIK7,70.0,0.0,220.0,32.0,12.2,71.0,A
538006702,2019-05-08T18:24:29,38.96655,-75.20182,0.3,175.2,89.0,NAMSEN,IMO9761528,V7QJ6,80.0,1.0,,,,,A
367360320,2019-05-08T18:24:57,39.17003,-75.08415,7.1,73.2,511.0,MORNING STAR,IMO0000000,WDE4969,30.0,,22.0,7.0,,,B
338447000,2019-05-08T18:26:01,38.96683,-75.20186,0.3,184.9,83.0,OSG HORIZON,IMO9436549,WDF6180,31.0,0.0,46.0,15.0,6.5,57.0,B
240463000,2019-05-08T18:25:05,38.93955,-75.17398,0.1,123.0,30.0,BOUBOULINA,IMO9298753,SZIS,80.0,1.0,274.0,50.0,17.0,80.0,A
240463000,2019-05-08T18:22:04,38.93962,-75.17412,0.1,126.0,31.0,BOUBOULINA,IMO9298753,SZIS,80.0,1.0,274.0,50.0,17.0,80.0,A
338169577,2019-05-08T18:24:18,38.87226,-75.22051,5.6,-69.1,511.0,JOANNE DAIBER,,,90.0,0.0,,,,,B
367459570,2019-05-08T18:26:08,39.45433,-75.55767,9.8,-81.9,326.0,CORAL COAST,IMO7205087,WDF5120,31.0,0.0,34.0,9.0,3.9,52.0,B
311000546,2019-05-08T18:26:08,38.86903,-75.10251,4.3,-101.8,310.0,,,,,4.0,,,,,B
369235000,2019-05-08T18:25:23,38.98592,-75.21824,0.3,169.3,58.0,OSG VISION,IMO9436537,WDF2493,31.0,0.0,46.0,15.0,6.5,57.0,B
368058330,2019-05-08T18:25:27,39.19609,-75.0397,4.4,164.2,511.0,PURPLE  HAYS,,WDC9127,52.0,0.0,24.0,8.0,3.0,52.0,B
338478000,2019-05-08T18:26:08,39.46135,-75.56288,27.4,179.9,511.0,COMPLETELY KNOTS,IMO0000000,WDK3527,37.0,,28.0,17.0,,,B
367699890,2019-05-08T18:26:29,38.8105,-75.0975,23.8,61.8,511.0,J P VIRDEN,,WDI4560,,15.0,16.0,,,,B
367120230,2019-05-08T18:25:11,38.98634,-75.21775,0.5,179.6,511.0,SONIE,IMO9373723,WDD2812,31.0,0.0,24.0,9.0,4.0,52.0,B
367490480,2019-05-08T18:25:31,38.9674,-75.02738,9.0,161.1,511.0,EVA MARIE,IMO8969408,WDH3461,30.0,,26.0,7.0,,,B
369235000,2019-05-08T18:26:52,38.98575,-75.21819,0.3,162.9,55.0,OSG VISION,IMO9436537,WDF2493,31.0,0.0,46.0,15.0,6.5,57.0,B
367400050,2019-05-08T18:25:47,38.89472,-75.02991,1.9,197.8,511.0,CAPE MAY WHALE WATCH,,WDE7979,60.0,15.0,26.0,8.0,,,B
338169577,2019-05-08T18:25:27,38.87373,-75.2213,6.3,0.0,511.0,JOANNE DAIBER,,,90.0,0.0,,,,,B
338019392,2019-05-08T18:25:39,39.17959,-75.16327,6.7,117.5,511.0,NORTHSTAR 10,,,90.0,0.0,15.0,6.0,2.0,90.0,B
338312656,2019-05-08T18:26:05,39.36388,-75.4713,1.7,-153.6,511.0,SEA REGALIS,IMO0000000,,90.0,,8.0,2.0,,,B
311000546,2019-05-08T18:27:17,38.86992,-75.10391,4.3,-101.0,310.0,,,,,4.0,,,,,B
538004030,2019-05-08T18:26:13,38.93062,-75.16013,0.0,114.6,190.0,FRIO,IMO9596985,V7UU3,80.0,1.0,274.0,48.0,17.1,89.0,A
368051050,2019-05-08T18:26:15,39.41826,-75.5156,9.5,-92.0,316.0,,,,,0.0,,,,,B
368058330,2019-05-08T18:26:38,39.19471,-75.03928,4.5,169.4,511.0,PURPLE  HAYS,,WDC9127,52.0,0.0,24.0,8.0,3.0,52.0,B
255805987,2019-05-08T18:26:09,38.86738,-75.08454,17.7,170.0,170.0,WIDUKIND,IMO9252735,CQIK7,70.0,0.0,220.0,32.0,12.2,71.0,A
338019392,2019-05-08T18:26:57,39.17842,-75.16053,6.7,119.1,511.0,NORTHSTAR 10,,,90.0,0.0,15.0,6.0,2.0,90.0,B
338191464,2019-05-08T18:26:31,39.2666,-75.33879,5.0,133.8,511.0,DAY DREAMER,,,37.0,,,,,,B
338169577,2019-05-08T18:26:38,38.87441,-75.21896,4.7,46.7,511.0,JOANNE DAIBER,,,90.0,0.0,,,,,B
311073800,2019-05-08T18:26:34,38.98539,-75.21777,0.1,156.2,57.0,EURO,IMO9567702,C6AA5,84.0,1.0,274.0,48.0,-11.5,84.0,A
255805987,2019-05-08T18:22:56,38.8829,-75.08806,17.6,170.3,170.0,WIDUKIND,IMO9252735,CQIK7,70.0,0.0,220.0,32.0,12.2,71.0,A
367582520,2019-05-08T18:26:55,39.5139,-75.57262,1.9,150.8,166.0,TOPAZ,IMO0000000,WDG8929,36.0,,12.0,4.0,,,B
367459570,2019-05-08T18:27:17,39.45717,-75.55967,9.8,-72.3,335.0,CORAL COAST,IMO7205087,WDF5120,31.0,0.0,34.0,9.0,3.9,52.0,B
255805987,2019-05-08T18:27:15,38.86205,-75.08331,17.6,169.3,171.0,WIDUKIND,IMO9252735,CQIK7,70.0,0.0,220.0,32.0,12.2,71.0,A
367699890,2019-05-08T18:23:21,38.799,-75.11817,23.9,-54.4,511.0,J P VIRDEN,,WDI4560,,15.0,16.0,,,,B
367459570,2019-05-08T18:24:29,39.45067,-75.554,10.1,-91.1,317.0,CORAL COAST,IMO7205087,WDF5120,31.0,0.0,34.0,9.0,3.9,52.0,B
255805987,2019-05-08T18:24:02,38.87765,-75.0869,17.7,170.6,170.0,WIDUKIND,IMO9252735,CQIK7,70.0,0.0,220.0,32.0,12.2,71.0,A
367120230,2019-05-08T18:27:02,38.98615,-75.21773,0.4,171.7,511.0,SONIE,IMO9373723,WDD2812,31.0,0.0,24.0,9.0,4.0,52.0,B
367470320,2019-05-08T18:26:10,38.98154,-75.00459,10.4,121.4,511.0,CHARISMA,,WDF6070,30.0,,13.0,,,,B
338447000,2019-05-08T18:27:22,38.96668,-75.20189,0.4,185.7,79.0,OSG HORIZON,IMO9436549,WDF6180,31.0,0.0,46.0,15.0,6.5,57.0,B
368051050,2019-05-08T18:27:25,39.42052,-75.51833,9.5,-92.6,317.0,,,,,0.0,,,,,B
367400050,2019-05-08T18:27:29,38.89552,-75.03142,5.7,-72.2,511.0,CAPE MAY WHALE WATCH,,WDE7979,60.0,15.0,26.0,8.0,,,B
367360320,2019-05-08T18:26:27,39.17096,-75.08045,7.0,68.8,511.0,MORNING STAR,IMO0000000,WDE4969,30.0,,22.0,7.0,,,B
367699890,2019-05-08T18:28:29,38.82017,-75.08833,22.5,12.7,511.0,J P VIRDEN,,WDI4560,,15.0,16.0,,,,B
367490480,2019-05-08T18:27:31,38.96272,-75.02487,9.0,156.9,511.0,EVA MARIE,IMO8969408,WDH3461,30.0,,26.0,7.0,,,B
538006702,2019-05-08T18:27:32,38.96621,-75.20178,0.4,170.6,80.0,NAMSEN,IMO9761528,V7QJ6,80.0,1.0,,,,,A
338478000,2019-05-08T18:27:38,39.45145,-75.55678,27.3,137.4,511.0,COMPLETELY KNOTS,IMO0000000,WDK3527,37.0,,28.0,17.0,,,B
367582520,2019-05-08T18:28:53,39.51254,-75.57187,2.8,152.1,165.0,TOPAZ,IMO0000000,WDG8929,36.0,,12.0,4.0,,,B
367470320,2019-05-08T18:27:40,38.97913,-74.99992,10.6,129.0,511.0,CHARISMA,,WDF6070,30.0,,13.0,,,,B
311000546,2019-05-08T18:28:48,38.87102,-75.10572,4.2,-102.0,310.0,,,,,4.0,,,,,B
368058330,2019-05-08T18:27:48,39.19331,-75.03884,4.4,163.1,511.0,PURPLE  HAYS,,WDC9127,52.0,0.0,24.0,8.0,3.0,52.0,B
338312656,2019-05-08T18:27:35,39.36384,-75.47029,3.1,106.2,511.0,SEA REGALIS,IMO0000000,,90.0,,8.0,2.0,,,B
338169577,2019-05-08T18:27:57,38.8749,-75.22057,3.7,-84.8,511.0,JOANNE DAIBER,,,90.0,0.0,,,,,B
369235000,2019-05-08T18:28:02,38.98564,-75.21812,0.3,161.9,52.0,OSG VISION,IMO9436537,WDF2493,31.0,0.0,46.0,15.0,6.5,57.0,B
338019392,2019-05-08T18:28:08,39.17742,-75.1581,6.6,118.3,511.0,NORTHSTAR 10,,,90.0,0.0,15.0,6.0,2.0,90.0,B
367120230,2019-05-08T18:28:12,38.98604,-75.2177,0.3,171.4,511.0,SONIE,IMO9373723,WDD2812,31.0,0.0,24.0,9.0,4.0,52.0,B
367459570,2019-05-08T18:28:18,39.45967,-75.56067,9.5,-64.1,344.0,CORAL COAST,IMO7205087,WDF5120,31.0,0.0,34.0,9.0,3.9,52.0,B
338191464,2019-05-08T18:28:00,39.26508,-75.33704,5.4,137.0,511.0,DAY DREAMER,,,37.0,,,,,,B
338447000,2019-05-08T18:28:31,38.96653,-75.20189,0.4,180.7,75.0,OSG HORIZON,IMO9436549,WDF6180,31.0,0.0,46.0,15.0,6.5,57.0,B
367120230,2019-05-08T18:29:52,38.98592,-75.21765,0.3,147.6,511.0,SONIE,IMO9373723,WDD2812,31.0,0.0,24.0,9.0,4.0,52.0,B
369235000,2019-05-08T18:29:52,38.98549,-75.21799,0.3,155.0,48.0,OSG VISION,IMO9436537,WDF2493,31.0,0.0,46.0,15.0,6.5,57.0,B
368051050,2019-05-08T18:28:36,39.42279,-75.52101,9.4,-91.9,317.0,,,,,0.0,,,,,B
255805987,2019-05-08T18:28:21,38.85695,-75.08236,16.4,173.9,175.0,WIDUKIND,IMO9252735,CQIK7,70.0,0.0,220.0,32.0,12.2,71.0,A
367400050,2019-05-08T18:29:39,38.89737,-75.03276,1.9,-84.7,511.0,CAPE MAY WHALE WATCH,,WDE7979,60.0,15.0,26.0,8.0,,,B
367490480,2019-05-08T18:29:00,38.9594,-75.02324,6.4,161.8,511.0,EVA MARIE,IMO8969408,WDH3461,30.0,,26.0,7.0,,,B
368058330,2019-05-08T18:30:08,39.19048,-75.03813,4.5,164.7,511.0,PURPLE  HAYS,,WDC9127,52.0,0.0,24.0,8.0,3.0,52.0,B
367090580,2019-05-08T18:30:30,38.94421,-75.30979,21.8,128.2,511.0,BIG STONE 5,,WSE3119,60.0,0.0,15.0,4.0,,50.0,A
338312656,2019-05-08T18:29:06,39.36319,-75.46936,2.9,154.2,511.0,SEA REGALIS,IMO0000000,,90.0,,8.0,2.0,,,B
338478000,2019-05-08T18:29:09,39.44297,-75.54672,27.3,139.4,511.0,COMPLETELY KNOTS,IMO0000000,WDK3527,37.0,,28.0,17.0,,,B
338169577,2019-05-08T18:29:18,38.87614,-75.21998,3.6,-75.5,511.0,JOANNE DAIBER,,,90.0,0.0,,,,,B
538004030,2019-05-08T18:29:16,38.93059,-75.15988,0.0,106.6,195.0,FRIO,IMO9596985,V7UU3,80.0,1.0,274.0,48.0,17.1,89.0,A
367360320,2019-05-08T18:29:27,39.17283,-75.07318,7.2,70.6,511.0,MORNING STAR,IMO0000000,WDE4969,30.0,,22.0,7.0,,,B
367459570,2019-05-08T18:29:28,39.46283,-75.5615,9.7,-57.5,352.0,CORAL COAST,IMO7205087,WDF5120,31.0,0.0,34.0,9.0,3.9,52.0,B
367699890,2019-05-08T18:29:31,38.8265,-75.08683,22.7,12.8,511.0,J P VIRDEN,,WDI4560,,15.0,16.0,,,,B
338019392,2019-05-08T18:29:09,39.17654,-75.15597,6.7,117.0,511.0,NORTHSTAR 10,,,90.0,0.0,15.0,6.0,2.0,90.0,B
255805987,2019-05-08T18:29:27,38.85207,-75.08174,15.5,173.4,169.0,WIDUKIND,IMO9252735,CQIK7,70.0,0.0,220.0,32.0,12.2,71.0,A
367470320,2019-05-08T18:29:40,38.97568,-74.99375,10.5,126.7,511.0,CHARISMA,,WDF6070,30.0,,13.0,,,,B
338191464,2019-05-08T18:29:30,39.26352,-75.33517,5.5,134.5,511.0,DAY DREAMER,,,37.0,,,,,,B
338447000,2019-05-08T18:29:42,38.96634,-75.2019,0.4,177.1,71.0,OSG HORIZON,IMO9436549,WDF6180,31.0,0.0,46.0,15.0,6.5,57.0,B
367699890,2019-05-08T18:31:29,38.83733,-75.08233,15.7,29.5,511.0,J P VIRDEN,,WDI4560,,15.0,16.0,,,,B
311000546,2019-05-08T18:29:57,38.87184,-75.10705,4.0,-101.6,310.0,,,,,4.0,,,,,B
368051050,2019-05-08T18:29:45,39.42504,-75.52371,9.4,-93.0,316.0,,,,,0.0,,,,,B
338169577,2019-05-08T18:30:27,38.87542,-75.22141,6.1,-198.4,511.0,JOANNE DAIBER,,,90.0,0.0,,,,,B
338478000,2019-05-08T18:30:10,39.43696,-75.54041,27.4,142.3,511.0,COMPLETELY KNOTS,IMO0000000,WDK3527,37.0,,28.0,17.0,,,B
338019392,2019-05-08T18:31:38,39.17444,-75.15068,6.6,118.1,511.0,NORTHSTAR 10,,,90.0,0.0,15.0,6.0,2.0,90.0,B
311073800,2019-05-08T18:29:32,38.98511,-75.21758,0.1,142.2,51.0,EURO,IMO9567702,C6AA5,84.0,1.0,274.0,48.0,-11.5,84.0,A
367582520,2019-05-08T18:30:23,39.51138,-75.57134,3.7,172.7,181.0,TOPAZ,IMO0000000,WDG8929,36.0,,12.0,4.0,,,B
367582520,2019-05-08T18:31:53,39.50957,-75.57105,4.6,168.5,175.0,TOPAZ,IMO0000000,WDG8929,36.0,,12.0,4.0,,,B
367459570,2019-05-08T18:30:38,39.466,-75.562,9.8,-56.5,352.0,CORAL COAST,IMO7205087,WDF5120,31.0,0.0,34.0,9.0,3.9,52.0,B
368058330,2019-05-08T18:32:08,39.18804,-75.0377,4.4,192.0,511.0,PURPLE  HAYS,,WDC9127,52.0,0.0,24.0,8.0,3.0,52.0,B
367360320,2019-05-08T18:30:57,39.1738,-75.06956,7.2,64.6,511.0,MORNING STAR,IMO0000000,WDE4969,30.0,,22.0,7.0,,,B
338447000,2019-05-08T18:30:51,38.96621,-75.20188,0.4,174.4,67.0,OSG HORIZON,IMO9436549,WDF6180,31.0,0.0,46.0,15.0,6.5,57.0,B
367400050,2019-05-08T18:30:49,38.89779,-75.03314,1.2,-83.4,511.0,CAPE MAY WHALE WATCH,,WDE7979,60.0,15.0,26.0,8.0,,,B
338191464,2019-05-08T18:31:01,39.26185,-75.3333,5.3,138.8,511.0,DAY DREAMER,,,37.0,,,,,,B
311073800,2019-05-08T18:32:34,38.98491,-75.21735,0.0,133.4,44.0,EURO,IMO9567702,C6AA5,84.0,1.0,274.0,48.0,-11.5,84.0,A
368051050,2019-05-08T18:30:56,39.42731,-75.52645,9.4,-92.6,317.0,,,,,0.0,,,,,B
369235000,2019-05-08T18:31:03,38.9854,-75.21797,0.3,150.8,46.0,OSG VISION,IMO9436537,WDF2493,31.0,0.0,46.0,15.0,6.5,57.0,B
367120230,2019-05-08T18:31:01,38.98583,-75.21761,0.3,161.6,511.0,SONIE,IMO9373723,WDD2812,31.0,0.0,24.0,9.0,4.0,52.0,B
367470320,2019-05-08T18:31:10,38.9731,-74.9891,10.6,127.2,511.0,CHARISMA,,WDF6070,30.0,,13.0,,,,B
538006702,2019-05-08T18:30:29,38.96584,-75.20167,0.4,163.3,70.0,NAMSEN,IMO9761528,V7QJ6,80.0,1.0,,,,,A
255805987,2019-05-08T18:30:33,38.84779,-75.08045,13.9,164.5,165.0,WIDUKIND,IMO9252735,CQIK7,70.0,0.0,220.0,32.0,12.2,71.0,A
255805987,2019-05-08T18:31:39,38.84415,-75.07902,11.5,155.0,155.0,WIDUKIND,IMO9252735,CQIK7,70.0,0.0,220.0,32.0,12.2,71.0,A
338169577,2019-05-08T18:31:37,38.87494,-75.22347,5.8,-90.1,511.0,JOANNE DAIBER,,,90.0,0.0,,,,,B
367490480,2019-05-08T18:31:31,38.95407,-75.02062,9.6,158.6,511.0,EVA MARIE,IMO8969408,WDH3461,30.0,,26.0,7.0,,,B
338447000,2019-05-08T18:33:12,38.96589,-75.20181,0.4,166.5,60.0,OSG HORIZON,IMO9436549,WDF6180,31.0,0.0,46.0,15.0,6.5,57.0,B
367090580,2019-05-08T18:31:32,38.93986,-75.30278,25.3,128.6,511.0,BIG STONE 5,,WSE3119,60.0,0.0,15.0,4.0,,50.0,A
367582520,2019-05-08T18:33:23,39.50767,-75.57053,5.1,167.0,173.0,TOPAZ,IMO0000000,WDG8929,36.0,,12.0,4.0,,,B
367490480,2019-05-08T18:30:30,38.95651,-75.02188,9.3,158.9,511.0,EVA MARIE,IMO8969408,WDH3461,30.0,,26.0,7.0,,,B
311000546,2019-05-08T18:31:07,38.87264,-75.10836,3.9,-101.6,310.0,,,,,4.0,,,,,B
368051050,2019-05-08T18:32:05,39.42957,-75.52908,9.3,-91.0,317.0,,,,,0.0,,,,,B
538004030,2019-05-08T18:32:14,38.93054,-75.15962,0.1,108.3,201.0,FRIO,IMO9596985,V7UU3,80.0,1.0,274.0,48.0,17.1,89.0,A
367120230,2019-05-08T18:32:12,38.98574,-75.21756,0.3,155.0,511.0,SONIE,IMO9373723,WDD2812,31.0,0.0,24.0,9.0,4.0,52.0,B
338019392,2019-05-08T18:33:57,39.17256,-75.14596,6.4,115.0,511.0,NORTHSTAR 10,,,90.0,0.0,15.0,6.0,2.0,90.0,B
367120230,2019-05-08T18:34:01,38.98564,-75.21748,0.2,135.0,511.0,SONIE,IMO9373723,WDD2812,31.0,0.0,24.0,9.0,4.0,52.0,B
369235000,2019-05-08T18:32:12,38.98534,-75.21794,0.3,148.9,43.0,OSG VISION,IMO9436537,WDF2493,31.0,0.0,46.0,15.0,6.5,57.0,B
367400050,2019-05-08T18:32:39,38.89828,-75.03384,2.0,-129.8,511.0,CAPE MAY WHALE WATCH,,WDE7979,60.0,15.0,26.0,8.0,,,B
368058330,2019-05-08T18:34:08,39.18559,-75.03806,4.5,185.7,511.0,PURPLE  HAYS,,WDC9127,52.0,0.0,24.0,8.0,3.0,52.0,B
367470320,2019-05-08T18:32:39,38.97037,-74.98453,10.8,128.1,511.0,CHARISMA,,WDF6070,30.0,,13.0,,,,B
367699890,2019-05-08T18:32:31,38.84,-75.07933,10.8,60.4,511.0,J P VIRDEN,,WDI4560,,15.0,16.0,,,,B
367490480,2019-05-08T18:33:00,38.95038,-75.01871,9.3,155.8,511.0,EVA MARIE,IMO8969408,WDH3461,30.0,,26.0,7.0,,,B
367459570,2019-05-08T18:32:59,39.47233,-75.56267,9.7,-53.6,355.0,CORAL COAST,IMO7205087,WDF5120,31.0,0.0,34.0,9.0,3.9,52.0,B
338478000,2019-05-08T18:33:07,39.4206,-75.52069,27.5,136.5,511.0,COMPLETELY KNOTS,IMO0000000,WDK3527,37.0,,28.0,17.0,,,B
338312656,2019-05-08T18:32:35,39.36147,-75.46648,2.6,131.7,511.0,SEA REGALIS,IMO0000000,,90.0,,8.0,2.0,,,B
369235000,2019-05-08T18:35:03,38.98508,-75.2177,0.2,139.2,38.0,OSG VISION,IMO9436537,WDF2493,31.0,0.0,46.0,15.0,6.5,57.0,B
367090580,2019-05-08T18:35:02,38.93122,-75.27562,25.0,126.4,511.0,BIG STONE 5,,WSE3119,60.0,0.0,15.0,4.0,,50.0,B
338447000,2019-05-08T18:35:01,38.96568,-75.20173,0.4,159.8,54.0,OSG HORIZON,IMO9436549,WDF6180,31.0,0.0,46.0,15.0,6.5,57.0,B
368051050,2019-05-08T18:33:15,39.4318,-75.53171,9.3,-92.6,318.0,,,,,0.0,,,,,B
255805987,2019-05-08T18:35:02,38.83525,-75.07588,9.0,173.7,175.0,WIDUKIND,IMO9252735,CQIK7,70.0,0.0,220.0,32.0,12.2,71.0,A
338478000,2019-05-08T18:31:40,39.42856,-75.53048,27.3,135.6,511.0,COMPLETELY KNOTS,IMO0000000,WDK3527,37.0,,28.0,17.0,,,B
368051050,2019-05-08T18:35:05,39.43539,-75.53577,9.2,-91.1,318.0,,,,,0.0,,,,,B
367699890,2019-05-08T18:35:07,38.83433,-75.076,8.9,174.5,511.0,J P VIRDEN,,WDI4560,,15.0,16.0,,,,B
338191464,2019-05-08T18:34:30,39.25808,-75.32903,4.6,143.8,511.0,DAY DREAMER,,,37.0,,,,,,B
367400050,2019-05-08T18:35:09,38.89837,-75.03436,0.8,203.1,511.0,CAPE MAY WHALE WATCH,,WDE7979,60.0,15.0,26.0,8.0,,,B
338169577,2019-05-08T18:35:08,38.87722,-75.22906,3.3,8.9,511.0,JOANNE DAIBER,,,90.0,0.0,,,,,B
367459570,2019-05-08T18:31:47,39.46917,-75.56233,9.7,-54.2,354.0,CORAL COAST,IMO7205087,WDF5120,31.0,0.0,34.0,9.0,3.9,52.0,B
311000546,2019-05-08T18:35:07,38.87534,-75.11274,3.8,-102.5,310.0,,,,,4.0,,,,,B
338019392,2019-05-08T18:35:08,39.17159,-75.14361,6.3,117.5,511.0,NORTHSTAR 10,,,90.0,0.0,15.0,6.0,2.0,90.0,B
367120230,2019-05-08T18:35:12,38.98557,-75.21743,0.2,147.6,511.0,SONIE,IMO9373723,WDD2812,31.0,0.0,24.0,9.0,4.0,52.0,B
538006702,2019-05-08T18:33:26,38.96549,-75.20149,0.4,154.8,60.0,NAMSEN,IMO9761528,V7QJ6,80.0,1.0,,,,,A
338478000,2019-05-08T18:35:07,39.4096,-75.50719,27.2,136.4,511.0,COMPLETELY KNOTS,IMO0000000,WDK3527,37.0,,28.0,17.0,,,B
367470320,2019-05-08T18:35:10,38.96692,-74.97645,9.9,101.0,511.0,CHARISMA,,WDF6070,30.0,,13.0,,,,B
367360320,2019-05-08T18:33:27,39.17525,-75.06354,7.1,63.7,511.0,MORNING STAR,IMO0000000,WDE4969,30.0,,22.0,7.0,,,B
538004030,2019-05-08T18:35:14,38.93045,-75.15924,0.1,117.4,208.0,FRIO,IMO9596985,V7UU3,80.0,1.0,274.0,48.0,17.1,89.0,A
368058330,2019-05-08T18:35:18,39.18412,-75.03813,4.5,182.4,511.0,PURPLE  HAYS,,WDC9127,52.0,0.0,24.0,8.0,3.0,52.0,B
367582520,2019-05-08T18:35:23,39.50512,-75.5696,5.0,169.4,174.0,TOPAZ,IMO0000000,WDG8929,36.0,,12.0,4.0,,,B
367490480,2019-05-08T18:35:30,38.94521,-75.01361,9.4,137.0,511.0,EVA MARIE,IMO8969408,WDH3461,30.0,,26.0,7.0,,,B
311073800,2019-05-08T18:35:34,38.98476,-75.21714,0.1,127.4,39.0,EURO,IMO9567702,C6AA5,84.0,1.0,274.0,48.0,-11.5,84.0,A
311000546,2019-05-08T18:32:17,38.87346,-75.10967,3.8,-101.6,310.0,,,,,4.0,,,,,B
367459570,2019-05-08T18:35:09,39.47817,-75.563,9.8,-51.5,354.0,CORAL COAST,IMO7205087,WDF5120,31.0,0.0,34.0,9.0,3.9,52.0,B
367090580,2019-05-08T18:32:35,38.93742,-75.29465,24.8,76.1,511.0,BIG STONE 5,,WSE3119,60.0,0.0,15.0,4.0,,50.0,B
367360320,2019-05-08T18:34:57,39.17647,-75.06,7.1,63.5,511.0,MORNING STAR,IMO0000000,WDE4969,30.0,,22.0,7.0,,,B
255805987,2019-05-08T18:32:45,38.84117,-75.07727,10.2,158.4,168.0,WIDUKIND,IMO9252735,CQIK7,70.0,0.0,220.0,32.0,12.2,71.0,A
367582520,2019-05-08T18:36:55,39.50361,-75.56773,5.6,92.6,98.0,TOPAZ,IMO0000000,WDG8929,36.0,,12.0,4.0,,,B
368051050,2019-05-08T18:37:05,39.43925,-75.54012,9.2,-90.8,318.0,,,,,0.0,,,,,B
338169577,2019-05-08T18:32:57,38.87667,-75.22492,4.9,-123.6,511.0,JOANNE DAIBER,,,90.0,0.0,,,,,B
338169577,2019-05-08T18:36:18,38.87752,-75.22895,0.0,-91.1,511.0,JOANNE DAIBER,,,90.0,0.0,,,,,B
255805987,2019-05-08T18:36:09,38.83255,-75.07563,9.2,178.6,168.0,WIDUKIND,IMO9252735,CQIK7,70.0,0.0,220.0,32.0,12.2,71.0,A
367699890,2019-05-08T18:36:09,38.82933,-75.07867,23.1,-199.7,511.0,J P VIRDEN,,WDI4560,,15.0,16.0,,,,A
367090580,2019-05-08T18:36:04,38.92682,-75.26832,24.8,138.8,511.0,BIG STONE 5,,WSE3119,60.0,0.0,15.0,4.0,,50.0,B
367400050,2019-05-08T18:36:18,38.89838,-75.03495,4.6,-116.1,511.0,CAPE MAY WHALE WATCH,,WDE7979,60.0,15.0,26.0,8.0,,,B
368058330,2019-05-08T18:36:27,39.18268,-75.03849,4.3,180.7,511.0,PURPLE  HAYS,,WDC9127,52.0,0.0,24.0,8.0,3.0,52.0,B
367490480,2019-05-08T18:36:31,38.94331,-75.01121,9.3,126.7,511.0,EVA MARIE,IMO8969408,WDH3461,30.0,,26.0,7.0,,,B
367120230,2019-05-08T18:36:32,38.98547,-75.21733,0.2,136.9,511.0,SONIE,IMO9373723,WDD2812,31.0,0.0,24.0,9.0,4.0,52.0,B
367470320,2019-05-08T18:36:40,38.9665,-74.97126,9.7,91.5,511.0,CHARISMA,,WDF6070,30.0,,13.0,,,,B
338478000,2019-05-08T18:36:38,39.40126,-75.49686,27.3,136.1,511.0,COMPLETELY KNOTS,IMO0000000,WDK3527,37.0,,28.0,17.0,,,B
338312656,2019-05-08T18:36:35,39.3588,-75.46411,3.0,147.5,511.0,SEA REGALIS,IMO0000000,,90.0,,8.0,2.0,,,B
311000546,2019-05-08T18:36:17,38.87611,-75.11402,3.6,-102.9,310.0,,,,,4.0,,,,,B
367459570,2019-05-08T18:36:18,39.48133,-75.563,9.8,-50.3,354.0,CORAL COAST,IMO7205087,WDF5120,31.0,0.0,34.0,9.0,3.9,52.0,B
338447000,2019-05-08T18:36:21,38.96552,-75.20163,0.4,154.7,50.0,OSG HORIZON,IMO9436549,WDF6180,31.0,0.0,46.0,15.0,6.5,57.0,B
338169577,2019-05-08T18:37:27,38.87754,-75.22909,0.6,-135.8,511.0,JOANNE DAIBER,,,90.0,0.0,,,,,B
240463000,2019-05-08T18:37:02,38.93928,-75.17288,0.1,107.0,20.0,BOUBOULINA,IMO9298753,SZIS,80.0,1.0,274.0,50.0,17.0,80.0,A
255805987,2019-05-08T18:37:15,38.82989,-75.07483,9.1,157.5,150.0,WIDUKIND,IMO9252735,CQIK7,70.0,0.0,220.0,32.0,12.2,71.0,A
367360320,2019-05-08T18:36:57,39.17863,-75.05579,7.1,60.6,511.0,MORNING STAR,IMO0000000,WDE4969,30.0,,22.0,7.0,,,B
338019392,2019-05-08T18:36:38,39.17038,-75.14053,6.5,114.6,511.0,NORTHSTAR 10,,,90.0,0.0,15.0,6.0,2.0,90.0,B
369235000,2019-05-08T18:37:12,38.98497,-75.21756,0.2,135.8,35.0,OSG VISION,IMO9436537,WDF2493,31.0,0.0,46.0,15.0,6.5,57.0,B
538006702,2019-05-08T18:36:29,38.96516,-75.20123,0.4,145.0,51.0,NAMSEN,IMO9761528,V7QJ6,80.0,1.0,,,,,A
338191464,2019-05-08T18:36:30,39.25581,-75.32646,5.7,138.8,511.0,DAY DREAMER,,,37.0,,,,,,B
367090580,2019-05-08T18:37:06,38.9228,-75.26074,25.0,119.7,511.0,BIG STONE 5,,WSE3119,60.0,0.0,15.0,4.0,,50.0,B
311000546,2019-05-08T18:37:27,38.87686,-75.11528,3.7,-102.5,310.0,,,,,4.0,,,,,B
338447000,2019-05-08T18:37:51,38.96534,-75.2015,0.5,148.5,47.0,OSG HORIZON,IMO9436549,WDF6180,31.0,0.0,46.0,15.0,6.5,57.0,B
367120230,2019-05-08T18:38:11,38.98539,-75.21725,0.2,153.0,511.0,SONIE,IMO9373723,WDD2812,31.0,0.0,24.0,9.0,4.0,52.0,B
367699890,2019-05-08T18:38:23,38.81667,-75.08683,23.1,204.2,511.0,J P VIRDEN,,WDI4560,,15.0,16.0,,,,B
367459570,2019-05-08T18:38:19,39.48683,-75.5625,9.9,15.4,15.0,CORAL COAST,IMO7205087,WDF5120,31.0,0.0,34.0,9.0,3.9,52.0,B
368058330,2019-05-08T18:37:28,39.18147,-75.03831,4.4,174.4,511.0,PURPLE  HAYS,,WDC9127,52.0,0.0,24.0,8.0,3.0,52.0,B
367400050,2019-05-08T18:37:29,38.89708,-75.036,6.6,154.1,511.0,CAPE MAY WHALE WATCH,,WDE7979,60.0,15.0,26.0,8.0,,,B
338478000,2019-05-08T18:37:39,39.39581,-75.49004,27.5,136.1,511.0,COMPLETELY KNOTS,IMO0000000,WDK3527,37.0,,28.0,17.0,,,B
338447000,2019-05-08T18:39:01,38.96521,-75.20139,0.4,144.9,44.0,OSG HORIZON,IMO9436549,WDF6180,31.0,0.0,46.0,15.0,6.5,57.0,B
338019392,2019-05-08T18:37:59,39.16948,-75.1377,6.3,111.9,511.0,NORTHSTAR 10,,,90.0,0.0,15.0,6.0,2.0,90.0,B
367490480,2019-05-08T18:38:00,38.94174,-75.00679,8.9,112.1,511.0,EVA MARIE,IMO8969408,WDH3461,30.0,,26.0,7.0,,,B
367400050,2019-05-08T18:39:18,38.89741,-75.03273,5.6,54.1,511.0,CAPE MAY WHALE WATCH,,WDE7979,60.0,15.0,26.0,8.0,,,B
367120230,2019-05-08T18:39:41,38.98533,-75.21721,0.2,142.8,511.0,SONIE,IMO9373723,WDD2812,31.0,0.0,24.0,9.0,4.0,52.0,B
538004030,2019-05-08T18:38:13,38.93029,-75.15882,0.1,122.8,218.0,FRIO,IMO9596985,V7UU3,80.0,1.0,274.0,48.0,17.1,89.0,A
367459570,2019-05-08T18:39:48,39.49083,-75.56083,9.9,16.8,15.0,CORAL COAST,IMO7205087,WDF5120,31.0,0.0,34.0,9.0,3.9,52.0,B
367582520,2019-05-08T18:38:23,39.50467,-75.56498,6.0,51.4,63.0,TOPAZ,IMO0000000,WDG8929,36.0,,12.0,4.0,,,B
311073800,2019-05-08T18:38:35,38.98466,-75.21691,0.1,137.3,35.0,EURO,IMO9567702,C6AA5,84.0,1.0,274.0,48.0,-11.5,84.0,A
368058330,2019-05-08T18:38:37,39.18017,-75.0387,4.2,-204.2,511.0,PURPLE  HAYS,,WDC9127,52.0,0.0,24.0,8.0,3.0,52.0,B
368051050,2019-05-08T18:38:15,39.44157,-75.54274,9.2,-90.4,319.0,,,,,0.0,,,,,B
368051050,2019-05-08T18:39:56,39.44484,-75.54639,9.2,-90.6,319.0,,,,,0.0,,,,,B
367470320,2019-05-08T18:38:40,38.96857,-74.96887,4.6,28.0,511.0,CHARISMA,,WDF6070,30.0,,13.0,,,,B
367699890,2019-05-08T18:40:03,38.81083,-75.09733,22.2,-173.3,511.0,J P VIRDEN,,WDI4560,,15.0,16.0,,,,B
240463000,2019-05-08T18:40:03,38.93928,-75.17263,0.1,106.0,17.0,BOUBOULINA,IMO9298753,SZIS,80.0,1.0,274.0,50.0,17.0,80.0,A
255805987,2019-05-08T18:38:21,38.82722,-75.07304,10.6,151.7,149.0,WIDUKIND,IMO9252735,CQIK7,70.0,0.0,220.0,32.0,12.2,71.0,A
369235000,2019-05-08T18:39:32,38.98486,-75.21747,0.1,134.7,33.0,OSG VISION,IMO9436537,WDF2493,31.0,0.0,46.0,15.0,6.5,57.0,B
367090580,2019-05-08T18:38:08,38.9189,-75.25293,25.2,125.1,511.0,BIG STONE 5,,WSE3119,60.0,0.0,15.0,4.0,,50.0,B
338019392,2019-05-08T18:39:08,39.16874,-75.13522,6.5,108.3,511.0,NORTHSTAR 10,,,90.0,0.0,15.0,6.0,2.0,90.0,B
338169577,2019-05-08T18:38:47,38.87759,-75.22926,1.3,-154.2,511.0,JOANNE DAIBER,,,90.0,0.0,,,,,B
338478000,2019-05-08T18:39:07,39.38753,-75.48007,27.3,138.1,511.0,COMPLETELY KNOTS,IMO0000000,WDK3527,37.0,,28.0,17.0,,,B
367090580,2019-05-08T18:39:12,38.91438,-75.24539,25.0,135.9,511.0,BIG STONE 5,,WSE3119,60.0,0.0,15.0,4.0,,50.0,B
338312656,2019-05-08T18:39:05,39.3586,-75.46403,0.7,-117.1,511.0,SEA REGALIS,IMO0000000,,90.0,,8.0,2.0,,,B
311000546,2019-05-08T18:38:37,38.8776,-75.11649,3.5,-102.2,310.0,,,,,4.0,,,,,B
368058330,2019-05-08T18:39:49,39.17883,-75.03884,4.3,176.7,511.0,PURPLE  HAYS,,WDC9127,52.0,0.0,24.0,8.0,3.0,52.0,B
538006702,2019-05-08T18:39:31,38.96484,-75.20091,0.4,137.0,44.0,NAMSEN,IMO9761528,V7QJ6,80.0,1.0,,,,,A
367459570,2019-05-08T18:41:09,39.49433,-75.5595,10.1,17.1,14.0,CORAL COAST,IMO7205087,WDF5120,31.0,0.0,34.0,9.0,3.9,52.0,B
338169577,2019-05-08T18:39:48,38.87756,-75.22941,0.0,-158.4,511.0,JOANNE DAIBER,,,90.0,0.0,,,,,B
367490480,2019-05-08T18:39:31,38.93995,-75.0024,9.1,114.6,511.0,EVA MARIE,IMO8969408,WDH3461,30.0,,26.0,7.0,,,B
311000546,2019-05-08T18:39:38,38.87826,-75.11756,3.7,-101.6,310.0,,,,,4.0,,,,,B
338447000,2019-05-08T18:40:42,38.96505,-75.2012,0.4,137.9,41.0,OSG HORIZON,IMO9436549,WDF6180,31.0,0.0,46.0,15.0,6.5,57.0,B
338191464,2019-05-08T18:40:00,39.25207,-75.32189,4.9,128.5,511.0,DAY DREAMER,,,37.0,,,,,,B
367400050,2019-05-08T18:40:29,38.89857,-75.03099,5.3,37.0,511.0,CAPE MAY WHALE WATCH,,WDE7979,60.0,15.0,26.0,8.0,,,B
368051050,2019-05-08T18:41:56,39.44874,-75.55069,9.2,-90.3,319.0,,,,,0.0,,,,,B
366914210,2019-05-08T18:40:29,38.96727,-74.96249,6.7,-150.0,258.0,DELAWARE,IMO8990304,WYU8553,60.0,0.0,91.0,20.0,,,A
367470320,2019-05-08T18:40:10,38.96785,-74.97006,3.5,-81.9,511.0,CHARISMA,,WDF6070,30.0,,13.0,,,,B
367090580,2019-05-08T18:40:14,38.91007,-75.23781,25.1,122.9,511.0,BIG STONE 5,,WSE3119,60.0,0.0,15.0,4.0,,50.0,B
338478000,2019-05-08T18:40:38,39.37901,-75.47035,27.3,138.6,511.0,COMPLETELY KNOTS,IMO0000000,WDK3527,37.0,,28.0,17.0,,,B
338169577,2019-05-08T18:41:38,38.87666,-75.2284,7.9,150.7,511.0,JOANNE DAIBER,,,90.0,0.0,,,,,B
338019392,2019-05-08T18:40:18,39.16832,-75.13257,6.4,99.4,511.0,NORTHSTAR 10,,,90.0,0.0,15.0,6.0,2.0,90.0,B
367582520,2019-05-08T18:39:55,39.5065,-75.56238,6.6,44.2,511.0,TOPAZ,IMO0000000,WDG8929,36.0,,12.0,4.0,,,B
367490480,2019-05-08T18:41:00,38.93847,-74.9979,9.1,116.7,511.0,EVA MARIE,IMO8969408,WDH3461,30.0,,26.0,7.0,,,B
367400050,2019-05-08T18:41:58,38.90071,-75.02962,7.0,25.1,511.0,CAPE MAY WHALE WATCH,,WDE7979,60.0,15.0,26.0,8.0,,,B
311000546,2019-05-08T18:42:27,38.88,-75.12045,3.6,-103.4,311.0,,,,,4.0,,,,,B
338312656,2019-05-08T18:40:35,39.35901,-75.4645,1.7,-86.0,511.0,SEA REGALIS,IMO0000000,,90.0,,8.0,2.0,,,B
338447000,2019-05-08T18:42:01,38.96498,-75.20111,0.3,131.6,38.0,OSG HORIZON,IMO9436549,WDF6180,31.0,0.0,46.0,15.0,6.5,57.0,B
366914210,2019-05-08T18:42:31,38.96683,-74.96727,7.8,-147.6,265.0,DELAWARE,IMO8990304,WYU8553,60.0,0.0,91.0,20.0,,,B
369235000,2019-05-08T18:40:42,38.98483,-75.21743,0.1,134.7,32.0,OSG VISION,IMO9436537,WDF2493,31.0,0.0,46.0,15.0,6.5,57.0,B
311000546,2019-05-08T18:40:48,38.87899,-75.11875,3.4,-102.0,310.0,,,,,4.0,,,,,B
367120230,2019-05-08T18:40:51,38.98532,-75.2172,0.1,156.0,511.0,SONIE,IMO9373723,WDD2812,31.0,0.0,24.0,9.0,4.0,52.0,B
367699890,2019-05-08T18:41:05,38.808,-75.10433,21.5,-166.1,511.0,J P VIRDEN,,WDI4560,,15.0,16.0,,,,B
368058330,2019-05-08T18:40:58,39.17746,-75.03892,4.0,196.8,511.0,PURPLE  HAYS,,WDC9127,52.0,0.0,24.0,8.0,3.0,52.0,B
367360320,2019-05-08T18:40:57,39.1825,-75.04686,7.1,66.1,511.0,MORNING STAR,IMO0000000,WDE4969,30.0,,22.0,7.0,,,B
367090580,2019-05-08T18:41:16,38.90575,-75.23061,25.0,129.9,511.0,BIG STONE 5,,WSE3119,60.0,0.0,15.0,4.0,,50.0,B
367470320,2019-05-08T18:41:40,38.96848,-74.96942,4.8,122.5,511.0,CHARISMA,,WDF6070,30.0,,13.0,,,,B
367360320,2019-05-08T18:42:27,39.18299,-75.04312,7.0,91.1,511.0,MORNING STAR,IMO0000000,WDE4969,30.0,,22.0,7.0,,,B
367400050,2019-05-08T18:43:28,38.90337,-75.02791,6.8,30.3,511.0,CAPE MAY WHALE WATCH,,WDE7979,60.0,15.0,26.0,8.0,,,B
338019392,2019-05-08T18:41:27,39.16813,-75.12993,6.4,87.0,511.0,NORTHSTAR 10,,,90.0,0.0,15.0,6.0,2.0,90.0,B
538004030,2019-05-08T18:41:15,38.93002,-75.15834,0.1,132.1,230.0,FRIO,IMO9596985,V7UU3,80.0,1.0,274.0,48.0,17.1,89.0,A
311073800,2019-05-08T18:41:35,38.98457,-75.2168,0.1,125.9,33.0,EURO,IMO9567702,C6AA5,84.0,1.0,274.0,48.0,-11.5,84.0,A
367582520,2019-05-08T18:42:55,39.51146,-75.55828,7.4,24.3,25.0,TOPAZ,IMO0000000,WDG8929,36.0,,12.0,4.0,,,B
367459570,2019-05-08T18:43:09,39.49983,-75.55733,10.2,17.0,15.0,CORAL COAST,IMO7205087,WDF5120,31.0,0.0,34.0,9.0,3.9,52.0,B
368051050,2019-05-08T18:43:05,39.45103,-75.55316,9.2,-90.4,318.0,,,,,0.0,,,,,B
367120230,2019-05-08T18:42:22,38.98527,-75.21714,0.1,143.6,511.0,SONIE,IMO9373723,WDD2812,31.0,0.0,24.0,9.0,4.0,52.0,B
338191464,2019-05-08T18:42:02,39.25026,-75.31901,4.7,130.9,511.0,DAY DREAMER,,,37.0,,,,,,B
369235000,2019-05-08T18:41:43,38.98478,-75.21735,0.1,134.7,31.0,OSG VISION,IMO9436537,WDF2493,31.0,0.0,46.0,15.0,6.5,57.0,B
367699890,2019-05-08T18:42:07,38.80517,-75.11117,21.7,-166.7,511.0,J P VIRDEN,,WDI4560,,15.0,16.0,,,,B
367699890,2019-05-08T18:44:15,38.795,-75.118,22.9,173.2,511.0,J P VIRDEN,,WDI4560,,15.0,16.0,,,,A
368058330,2019-05-08T18:42:09,39.17647,-75.0401,4.3,-178.8,511.0,PURPLE  HAYS,,WDC9127,52.0,0.0,24.0,8.0,3.0,52.0,B
538004030,2019-05-08T18:44:15,38.9296,-75.15787,0.1,144.7,243.0,FRIO,IMO9596985,V7UU3,80.0,1.0,274.0,48.0,17.1,89.0,A
367090580,2019-05-08T18:42:18,38.90095,-75.22373,25.1,129.7,511.0,BIG STONE 5,,WSE3119,60.0,0.0,15.0,4.0,,50.0,B
538006702,2019-05-08T18:42:32,38.96463,-75.2006,0.3,121.5,38.0,NAMSEN,IMO9761528,V7QJ6,80.0,1.0,,,,,A
368051050,2019-05-08T18:44:16,39.45336,-75.55568,9.2,-88.4,318.0,,,,,0.0,,,,,B
338478000,2019-05-08T18:42:39,39.36762,-75.45712,27.4,138.3,511.0,COMPLETELY KNOTS,IMO0000000,WDK3527,37.0,,28.0,17.0,,,B
369235000,2019-05-08T18:44:03,38.98474,-75.21728,0.1,134.7,31.0,OSG VISION,IMO9436537,WDF2493,31.0,0.0,46.0,15.0,6.5,57.0,B
367490480,2019-05-08T18:42:30,38.93613,-74.99383,9.4,123.4,511.0,EVA MARIE,IMO8969408,WDH3461,30.0,,26.0,7.0,,,B
338019392,2019-05-08T18:42:37,39.16824,-75.12723,6.3,85.6,511.0,NORTHSTAR 10,,,90.0,0.0,15.0,6.0,2.0,90.0,B
240463000,2019-05-08T18:43:04,38.93927,-75.17238,0.0,108.0,15.0,BOUBOULINA,IMO9298753,SZIS,80.0,1.0,274.0,50.0,17.0,80.0,A
367120230,2019-05-08T18:44:12,38.98525,-75.21709,0.1,125.2,511.0,SONIE,IMO9373723,WDD2812,31.0,0.0,24.0,9.0,4.0,52.0,B
338169577,2019-05-08T18:42:48,38.87492,-75.22763,2.2,178.5,511.0,JOANNE DAIBER,,,90.0,0.0,,,,,B
338019392,2019-05-08T18:44:27,39.16845,-75.12318,6.4,88.1,511.0,NORTHSTAR 10,,,90.0,0.0,15.0,6.0,2.0,90.0,B
367459570,2019-05-08T18:44:38,39.50367,-75.55567,10.1,17.3,15.0,CORAL COAST,IMO7205087,WDF5120,31.0,0.0,34.0,9.0,3.9,52.0,B
367470320,2019-05-08T18:43:10,38.96702,-74.96569,9.2,101.2,511.0,CHARISMA,,WDF6070,30.0,,13.0,,,,B
368058330,2019-05-08T18:43:19,39.17548,-75.04135,4.5,-195.0,511.0,PURPLE  HAYS,,WDC9127,52.0,0.0,24.0,8.0,3.0,52.0,B
367090580,2019-05-08T18:43:20,38.89642,-75.2166,25.2,131.9,511.0,BIG STONE 5,,WSE3119,60.0,0.0,15.0,4.0,,50.0,B
338447000,2019-05-08T18:43:10,38.96487,-75.20101,0.4,127.4,36.0,OSG HORIZON,IMO9436549,WDF6180,31.0,0.0,46.0,15.0,6.5,57.0,B
338169577,2019-05-08T18:44:38,38.87206,-75.22613,6.6,153.0,511.0,JOANNE DAIBER,,,90.0,0.0,,,,,B
366914210,2019-05-08T18:44:02,38.96556,-74.97199,10.8,-170.4,237.0,DELAWARE,IMO8990304,WYU8553,60.0,0.0,91.0,20.0,,,A
338478000,2019-05-08T18:44:08,39.35921,-75.44739,27.5,139.1,511.0,COMPLETELY KNOTS,IMO0000000,WDK3527,37.0,,28.0,17.0,,,B
367582520,2019-05-08T18:45:53,39.51712,-75.55514,7.5,23.5,25.0,TOPAZ,IMO0000000,WDG8929,36.0,,12.0,4.0,,,B
367090580,2019-05-08T18:44:22,38.89139,-75.21001,24.7,136.2,511.0,BIG STONE 5,,WSE3119,60.0,0.0,15.0,4.0,,50.0,B
368051050,2019-05-08T18:46:12,39.45728,-75.55949,8.9,-76.6,341.0,,,,,0.0,,,,,A
311073800,2019-05-08T18:44:35,38.9845,-75.21667,0.1,136.5,32.0,EURO,IMO9567702,C6AA5,84.0,1.0,274.0,48.0,-11.5,84.0,A
367699890,2019-05-08T18:45:55,38.78467,-75.11917,18.3,-199.7,511.0,J P VIRDEN,,WDI4560,,15.0,16.0,,,,B
311000546,2019-05-08T18:44:38,38.88138,-75.12257,3.6,-96.9,315.0,,,,,4.0,,,,,B
367490480,2019-05-08T18:44:00,38.93338,-74.99003,10.1,145.7,511.0,EVA MARIE,IMO8969408,WDH3461,30.0,,26.0,7.0,,,B
338169577,2019-05-08T18:46:28,38.87056,-75.22502,5.5,-72.4,511.0,JOANNE DAIBER,,,90.0,0.0,,,,,B
368058330,2019-05-08T18:44:28,39.17419,-75.04218,4.4,-198.7,511.0,PURPLE  HAYS,,WDC9127,52.0,0.0,24.0,8.0,3.0,52.0,B
338447000,2019-05-08T18:45:22,38.96471,-75.20072,0.4,124.0,32.0,OSG HORIZON,IMO9436549,WDF6180,31.0,0.0,46.0,15.0,6.5,57.0,B
367090580,2019-05-08T18:45:24,38.88628,-75.20353,24.8,130.1,511.0,BIG STONE 5,,WSE3119,60.0,0.0,15.0,4.0,,50.0,B
367400050,2019-05-08T18:45:49,38.90431,-75.0227,9.7,138.5,511.0,CAPE MAY WHALE WATCH,,WDE7979,60.0,15.0,26.0,8.0,,,B
367459570,2019-05-08T18:47:08,39.5105,-75.553,10.2,15.5,12.0,CORAL COAST,IMO7205087,WDF5120,31.0,0.0,34.0,9.0,3.9,52.0,B
338312656,2019-05-08T18:45:06,39.36025,-75.46612,1.2,-93.2,511.0,SEA REGALIS,IMO0000000,,90.0,,8.0,2.0,,,B
369235000,2019-05-08T18:45:22,38.9847,-75.21725,0.1,134.7,30.0,OSG VISION,IMO9436537,WDF2493,31.0,0.0,46.0,15.0,6.5,57.0,B
538006702,2019-05-08T18:45:33,38.96447,-75.20019,0.3,114.1,33.0,NAMSEN,IMO9761528,V7QJ6,80.0,1.0,,,,,A
366914210,2019-05-08T18:45:12,38.96296,-74.97563,12.7,-183.8,231.0,DELAWARE,IMO8990304,WYU8553,60.0,0.0,91.0,20.0,,,B
338019392,2019-05-08T18:45:38,39.16858,-75.12045,6.4,87.5,511.0,NORTHSTAR 10,,,90.0,0.0,15.0,6.0,2.0,90.0,B
338478000,2019-05-08T18:45:39,39.35038,-75.43742,27.5,138.6,511.0,COMPLETELY KNOTS,IMO0000000,WDK3527,37.0,,28.0,17.0,,,B
367490480,2019-05-08T18:45:30,38.92968,-74.98718,10.3,149.8,511.0,EVA MARIE,IMO8969408,WDH3461,30.0,,26.0,7.0,,,B
311000546,2019-05-08T18:45:48,38.88215,-75.12362,3.3,-96.9,315.0,,,,,4.0,,,,,B
367090580,2019-05-08T18:46:26,38.88096,-75.19762,24.9,140.8,511.0,BIG STONE 5,,WSE3119,60.0,0.0,15.0,4.0,,50.0,B
368058330,2019-05-08T18:45:58,39.17326,-75.04401,4.1,-168.7,511.0,PURPLE  HAYS,,WDC9127,52.0,0.0,24.0,8.0,3.0,52.0,B
367360320,2019-05-08T18:45:57,39.18798,-75.03775,7.0,16.3,511.0,MORNING STAR,IMO0000000,WDE4969,30.0,,22.0,7.0,,,B
240463000,2019-05-08T18:46:06,38.93928,-75.17225,0.1,116.0,14.0,BOUBOULINA,IMO9298753,SZIS,80.0,1.0,274.0,50.0,17.0,80.0,A
338191464,2019-05-08T18:46:30,39.24607,-75.31291,5.5,133.2,511.0,DAY DREAMER,,,37.0,,,,,,B
367120230,2019-05-08T18:46:50,38.98519,-75.21701,0.1,136.2,511.0,SONIE,IMO9373723,WDD2812,31.0,0.0,24.0,9.0,4.0,52.0,B
338447000,2019-05-08T18:44:11,38.9648,-75.20087,0.4,126.6,34.0,OSG HORIZON,IMO9436549,WDF6180,31.0,0.0,46.0,15.0,6.5,57.0,B
311000546,2019-05-08T18:46:57,38.88288,-75.12462,3.4,-96.8,315.0,,,,,4.0,,,,,B
338478000,2019-05-08T18:47:08,39.34186,-75.42778,27.5,138.8,511.0,COMPLETELY KNOTS,IMO0000000,WDK3527,37.0,,28.0,17.0,,,B
368058330,2019-05-08T18:47:07,39.17224,-75.045,4.1,-203.1,511.0,PURPLE  HAYS,,WDC9127,52.0,0.0,24.0,8.0,3.0,52.0,B
338191464,2019-05-08T18:44:31,39.24801,-75.31567,5.0,133.4,511.0,DAY DREAMER,,,37.0,,,,,,B
538004030,2019-05-08T18:47:14,38.92908,-75.15752,0.2,156.3,257.0,FRIO,IMO9596985,V7UU3,80.0,1.0,274.0,48.0,17.1,89.0,A
367490480,2019-05-08T18:47:00,38.92599,-74.98419,10.6,147.8,511.0,EVA MARIE,IMO8969408,WDH3461,30.0,,26.0,7.0,,,B
367400050,2019-05-08T18:44:38,38.90504,-75.0259,7.4,69.5,511.0,CAPE MAY WHALE WATCH,,WDE7979,60.0,15.0,26.0,8.0,,,B
367090580,2019-05-08T18:47:28,38.87539,-75.19232,23.2,135.4,511.0,BIG STONE 5,,WSE3119,60.0,0.0,15.0,4.0,,50.0,B
367120230,2019-05-08T18:45:30,38.98522,-75.21704,0.1,137.0,511.0,SONIE,IMO9373723,WDD2812,31.0,0.0,24.0,9.0,4.0,52.0,B
366914210,2019-05-08T18:47:32,38.95708,-74.98347,13.1,-182.5,232.0,DELAWARE,IMO8990304,WYU8553,60.0,0.0,91.0,20.0,,,B
367360320,2019-05-08T18:47:27,39.19083,-75.03831,7.1,-64.8,511.0,MORNING STAR,IMO0000000,WDE4969,30.0,,22.0,7.0,,,B
338169577,2019-05-08T18:47:38,38.87223,-75.22584,5.7,0.0,511.0,JOANNE DAIBER,,,90.0,0.0,,,,,B
369235000,2019-05-08T18:48:03,38.98467,-75.21718,0.1,134.7,29.0,OSG VISION,IMO9436537,WDF2493,31.0,0.0,46.0,15.0,6.5,57.0,B
338019392,2019-05-08T18:48:08,39.16921,-75.11472,6.4,78.9,511.0,NORTHSTAR 10,,,90.0,0.0,15.0,6.0,2.0,90.0,B
338447000,2019-05-08T18:48:12,38.96457,-75.20034,0.4,112.7,27.0,OSG HORIZON,IMO9436549,WDF6180,31.0,0.0,46.0,15.0,6.5,57.0,B
367400050,2019-05-08T18:48:18,38.90121,-75.02108,7.7,-86.9,511.0,CAPE MAY WHALE WATCH,,WDE7979,60.0,15.0,26.0,8.0,,,B
368051050,2019-05-08T18:48:36,39.46301,-75.56135,8.9,-59.5,354.0,,,,,0.0,,,,,A
367459570,2019-05-08T18:49:08,39.516,-75.551,10.3,14.6,12.0,CORAL COAST,IMO7205087,WDF5120,31.0,0.0,34.0,9.0,3.9,52.0,B
311073800,2019-05-08T18:47:35,38.98444,-75.21654,0.0,128.7,30.0,EURO,IMO9567702,C6AA5,84.0,1.0,274.0,48.0,-11.5,84.0,A
367120230,2019-05-08T18:49:11,38.98515,-75.21692,0.1,118.6,511.0,SONIE,IMO9373723,WDD2812,31.0,0.0,24.0,9.0,4.0,52.0,B
366914190,2019-05-08T18:49:55,38.78702,-75.11678,8.4,14.3,12.0,NEW JERSEY,IMO8643078,WYU8850,60.0,0.0,86.0,20.0,,,B
311000546,2019-05-08T18:48:07,38.88363,-75.12565,3.3,-97.0,315.0,,,,,4.0,,,,,B
338191464,2019-05-08T18:48:32,39.24401,-75.31033,4.9,134.7,511.0,DAY DREAMER,,,37.0,,,,,,B
366914210,2019-05-08T18:48:42,38.95412,-74.98741,13.0,-184.7,232.0,DELAWARE,IMO8990304,WYU8553,60.0,0.0,91.0,20.0,,,B
366914210,2019-05-08T18:50:51,38.94884,-74.99451,12.6,-183.6,232.0,DELAWARE,IMO8990304,WYU8553,60.0,0.0,91.0,20.0,,,B
368051050,2019-05-08T18:49:56,39.46634,-75.56181,8.9,-50.7,2.0,,,,,0.0,,,,,B
367090580,2019-05-08T18:48:30,38.87108,-75.18583,23.1,129.4,511.0,BIG STONE 5,,WSE3119,60.0,0.0,15.0,4.0,,50.0,B
366914190,2019-05-08T18:50:58,38.78951,-75.11709,8.8,-68.0,341.0,NEW JERSEY,IMO8643078,WYU8850,60.0,0.0,86.0,20.0,,,A
538006702,2019-05-08T18:48:31,38.96438,-75.19977,0.4,105.4,27.0,NAMSEN,IMO9761528,V7QJ6,80.0,1.0,,,,,A
369235000,2019-05-08T18:51:02,38.98455,-75.21698,0.1,134.7,26.0,OSG VISION,IMO9436537,WDF2493,31.0,0.0,46.0,15.0,6.5,57.0,B
368058330,2019-05-08T18:48:19,39.17099,-75.04593,4.6,-193.9,511.0,PURPLE  HAYS,,WDC9127,52.0,0.0,24.0,8.0,3.0,52.0,B
338478000,2019-05-08T18:48:38,39.33327,-75.41805,27.9,138.7,511.0,COMPLETELY KNOTS,IMO0000000,WDK3527,37.0,,28.0,17.0,,,B
338169577,2019-05-08T18:51:17,38.87341,-75.22613,6.2,161.8,511.0,JOANNE DAIBER,,,90.0,0.0,,,,,B
311000546,2019-05-08T18:49:16,38.88435,-75.12663,3.2,-97.5,315.0,,,,,4.0,,,,,B
368058330,2019-05-08T18:51:07,39.16777,-75.04825,4.9,204.6,511.0,PURPLE  HAYS,,WDC9127,52.0,0.0,24.0,8.0,3.0,52.0,B
240463000,2019-05-08T18:49:06,38.93922,-75.17208,0.1,121.0,12.0,BOUBOULINA,IMO9298753,SZIS,80.0,1.0,274.0,50.0,17.0,80.0,A
367490480,2019-05-08T18:48:31,38.92226,-74.98116,10.2,146.9,511.0,EVA MARIE,IMO8969408,WDH3461,30.0,,26.0,7.0,,,B
338019392,2019-05-08T18:49:19,39.16953,-75.11207,6.3,83.3,511.0,NORTHSTAR 10,,,90.0,0.0,15.0,6.0,2.0,90.0,B
367360320,2019-05-08T18:48:57,39.19366,-75.03938,7.1,-65.8,511.0,MORNING STAR,IMO0000000,WDE4969,30.0,,22.0,7.0,,,B
338447000,2019-05-08T18:52:12,38.96444,-75.19979,0.3,106.6,18.0,OSG HORIZON,IMO9436549,WDF6180,31.0,0.0,46.0,15.0,6.5,57.0,B
367400050,2019-05-08T18:51:18,38.90603,-75.02856,9.5,-101.1,511.0,CAPE MAY WHALE WATCH,,WDE7979,60.0,15.0,26.0,8.0,,,B
367090580,2019-05-08T18:49:32,38.86659,-75.17945,23.2,136.0,511.0,BIG STONE 5,,WSE3119,60.0,0.0,15.0,4.0,,50.0,B
338169577,2019-05-08T18:48:47,38.87388,-75.22656,5.9,-87.0,511.0,JOANNE DAIBER,,,90.0,0.0,,,,,B
311000546,2019-05-08T18:50:27,38.88504,-75.1276,3.0,-96.8,315.0,,,,,4.0,,,,,B
367120230,2019-05-08T18:50:31,38.98511,-75.21686,0.1,138.8,511.0,SONIE,IMO9373723,WDD2812,31.0,0.0,24.0,9.0,4.0,52.0,B
366914190,2019-05-08T18:52:15,38.79264,-75.11808,9.2,-67.5,340.0,NEW JERSEY,IMO8643078,WYU8850,60.0,0.0,86.0,20.0,,,B
338191464,2019-05-08T18:50:00,39.24261,-75.30846,4.6,129.4,511.0,DAY DREAMER,,,37.0,,,,,,B
338447000,2019-05-08T18:51:02,38.96445,-75.19995,0.3,107.9,21.0,OSG HORIZON,IMO9436549,WDF6180,31.0,0.0,46.0,15.0,6.5,57.0,B
338019392,2019-05-08T18:53:09,39.17042,-75.10326,6.6,83.7,511.0,NORTHSTAR 10,,,90.0,0.0,15.0,6.0,2.0,90.0,B
338019392,2019-05-08T18:50:29,39.16985,-75.10943,6.3,82.6,511.0,NORTHSTAR 10,,,90.0,0.0,15.0,6.0,2.0,90.0,B
369235000,2019-05-08T18:52:32,38.98456,-75.21697,0.1,134.7,25.0,OSG VISION,IMO9436537,WDF2493,31.0,0.0,46.0,15.0,6.5,57.0,B
367360320,2019-05-08T18:50:27,39.19649,-75.04048,7.0,-66.2,511.0,MORNING STAR,IMO0000000,WDE4969,30.0,,22.0,7.0,,,B
538004030,2019-05-08T18:50:14,38.92847,-75.15734,0.2,170.4,271.0,FRIO,IMO9596985,V7UU3,80.0,1.0,274.0,48.0,17.1,89.0,A
368051050,2019-05-08T18:51:36,39.47047,-75.56192,9.0,-52.3,358.0,,,,,0.0,,,,,B
311073800,2019-05-08T18:50:34,38.9844,-75.2164,0.1,122.3,28.0,EURO,IMO9567702,C6AA5,84.0,1.0,274.0,48.0,-11.5,84.0,A
338447000,2019-05-08T18:53:52,38.96437,-75.19959,0.3,102.0,15.0,OSG HORIZON,IMO9436549,WDF6180,31.0,0.0,46.0,15.0,6.5,57.0,B
366914210,2019-05-08T18:53:21,38.94299,-75.00239,11.1,-184.6,231.0,DELAWARE,IMO8990304,WYU8553,60.0,0.0,91.0,20.0,,,B
538006702,2019-05-08T18:51:31,38.96429,-75.19937,0.3,99.0,21.0,NAMSEN,IMO9761528,V7QJ6,80.0,1.0,,,,,A
311000546,2019-05-08T18:51:37,38.88571,-75.12854,2.9,-97.5,315.0,,,,,4.0,,,,,B
367090580,2019-05-08T18:52:06,38.85462,-75.16537,21.1,127.6,511.0,BIG STONE 5,,WSE3119,60.0,0.0,15.0,4.0,,50.0,B
338478000,2019-05-08T18:50:08,39.32452,-75.40812,28.0,138.6,511.0,COMPLETELY KNOTS,IMO0000000,WDK3527,37.0,,28.0,17.0,,,B
367360320,2019-05-08T18:51:59,39.19933,-75.04145,6.9,-66.0,511.0,MORNING STAR,IMO0000000,WDE4969,30.0,,22.0,7.0,,,B
368058330,2019-05-08T18:52:18,39.16639,-75.04927,4.8,-192.0,511.0,PURPLE  HAYS,,WDC9127,52.0,0.0,24.0,8.0,3.0,52.0,B
369235000,2019-05-08T18:54:32,38.98451,-75.21685,0.1,134.7,24.0,OSG VISION,IMO9436537,WDF2493,31.0,0.0,46.0,15.0,6.5,57.0,B
367120230,2019-05-08T18:51:50,38.98507,-75.21682,0.1,127.2,511.0,SONIE,IMO9373723,WDD2812,31.0,0.0,24.0,9.0,4.0,52.0,B
338169577,2019-05-08T18:52:28,38.8715,-75.22518,6.2,162.5,511.0,JOANNE DAIBER,,,90.0,0.0,,,,,B
338478000,2019-05-08T18:54:39,39.29801,-75.37817,28.2,139.1,511.0,COMPLETELY KNOTS,IMO0000000,WDK3527,37.0,,28.0,17.0,,,B
311000546,2019-05-08T18:52:48,38.88637,-75.12947,2.8,-97.5,315.0,,,,,4.0,,,,,B
367400050,2019-05-08T18:54:48,38.9091,-75.03841,10.4,-168.8,511.0,CAPE MAY WHALE WATCH,,WDE7979,60.0,15.0,26.0,8.0,,,B
367090580,2019-05-08T18:53:08,38.85034,-75.15953,22.7,135.3,511.0,BIG STONE 5,,WSE3119,60.0,0.0,15.0,4.0,,50.0,B
367120230,2019-05-08T18:55:01,38.98502,-75.21673,0.1,147.4,511.0,SONIE,IMO9373723,WDD2812,31.0,0.0,24.0,9.0,4.0,52.0,B
366914210,2019-05-08T18:55:32,38.93782,-75.0089,12.2,-186.0,231.0,DELAWARE,IMO8990304,WYU8553,60.0,0.0,91.0,20.0,,,B
338169577,2019-05-08T18:53:38,38.87053,-75.22432,4.3,0.0,511.0,JOANNE DAIBER,,,90.0,0.0,,,,,B
368051050,2019-05-08T18:56:06,39.48184,-75.56234,9.0,1.5,4.0,,,,,0.0,,,,,A
311073800,2019-05-08T18:53:34,38.98436,-75.21628,0.0,121.3,25.0,EURO,IMO9567702,C6AA5,84.0,1.0,274.0,48.0,-11.5,84.0,A
338447000,2019-05-08T18:55:12,38.96435,-75.19943,0.3,99.1,13.0,OSG HORIZON,IMO9436549,WDF6180,31.0,0.0,46.0,15.0,6.5,57.0,B
366914190,2019-05-08T18:55:38,38.80167,-75.12023,10.9,8.8,18.0,NEW JERSEY,IMO8643078,WYU8850,60.0,0.0,86.0,20.0,,,A
367360320,2019-05-08T18:53:27,39.20222,-75.04242,7.1,-55.6,511.0,MORNING STAR,IMO0000000,WDE4969,30.0,,22.0,7.0,,,B
338191464,2019-05-08T18:53:30,39.2389,-75.30369,5.7,137.3,511.0,DAY DREAMER,,,37.0,,,,,,B
367400050,2019-05-08T18:56:28,38.9039,-75.03977,12.1,189.0,511.0,CAPE MAY WHALE WATCH,,WDE7979,60.0,15.0,26.0,8.0,,,B
368058330,2019-05-08T18:56:29,39.16156,-75.05295,4.9,-200.4,511.0,PURPLE  HAYS,,WDC9127,52.0,0.0,24.0,8.0,3.0,52.0,B
311000546,2019-05-08T18:53:57,38.88699,-75.13033,2.8,-97.4,315.0,,,,,4.0,,,,,B
368058330,2019-05-08T18:53:19,39.16524,-75.0502,4.9,-204.8,511.0,PURPLE  HAYS,,WDC9127,52.0,0.0,24.0,8.0,3.0,52.0,B
338478000,2019-05-08T18:51:38,39.31573,-75.39821,28.1,138.8,511.0,COMPLETELY KNOTS,IMO0000000,WDK3527,37.0,,28.0,17.0,,,B
367090580,2019-05-08T18:54:10,38.8457,-75.15387,20.6,134.1,511.0,BIG STONE 5,,WSE3119,60.0,0.0,15.0,4.0,,50.0,B
338169577,2019-05-08T18:54:47,38.87207,-75.22498,5.2,-56.1,511.0,JOANNE DAIBER,,,90.0,0.0,,,,,B
538006702,2019-05-08T18:54:29,38.96426,-75.19897,0.3,93.1,15.0,NAMSEN,IMO9761528,V7QJ6,80.0,1.0,,,,,A
369235000,2019-05-08T18:56:32,38.98443,-75.21678,0.1,134.7,22.0,OSG VISION,IMO9436537,WDF2493,31.0,0.0,46.0,15.0,6.5,57.0,B
311000546,2019-05-08T18:54:58,38.88754,-75.13109,2.9,-97.4,315.0,,,,,4.0,,,,,B
366914210,2019-05-08T18:57:21,38.93348,-75.01438,12.1,-185.0,229.0,DELAWARE,IMO8990304,WYU8553,60.0,0.0,91.0,20.0,,,B
240463000,2019-05-08T18:55:04,38.93907,-75.1717,0.1,123.0,10.0,BOUBOULINA,IMO9298753,SZIS,80.0,1.0,274.0,50.0,17.0,80.0,A
338019392,2019-05-08T18:54:29,39.17077,-75.10016,6.5,81.7,511.0,NORTHSTAR 10,,,90.0,0.0,15.0,6.0,2.0,90.0,B
338191464,2019-05-08T18:54:31,39.23788,-75.30231,5.2,132.0,511.0,DAY DREAMER,,,37.0,,,,,,B
367400050,2019-05-08T18:52:27,38.90819,-75.03111,9.2,-99.7,511.0,CAPE MAY WHALE WATCH,,WDE7979,60.0,15.0,26.0,8.0,,,B
367360320,2019-05-08T18:55:57,39.20666,-75.04041,6.8,36.6,511.0,MORNING STAR,IMO0000000,WDE4969,30.0,,22.0,7.0,,,B
367090580,2019-05-08T18:55:12,38.84179,-75.14819,20.6,129.0,511.0,BIG STONE 5,,WSE3119,60.0,0.0,15.0,4.0,,50.0,B
368051050,2019-05-08T18:52:45,39.47339,-75.5621,9.0,-51.9,359.0,,,,,0.0,,,,,B
538004030,2019-05-08T18:56:14,38.92725,-75.15752,0.2,197.0,299.0,FRIO,IMO9596985,V7UU3,80.0,1.0,274.0,48.0,17.1,89.0,A
338019392,2019-05-08T18:55:38,39.17105,-75.09751,6.4,82.2,511.0,NORTHSTAR 10,,,90.0,0.0,15.0,6.0,2.0,90.0,B
311000546,2019-05-08T18:56:06,38.88816,-75.13195,2.8,-97.5,315.0,,,,,4.0,,,,,B
338169577,2019-05-08T18:55:57,38.87371,-75.22569,5.2,0.0,511.0,JOANNE DAIBER,,,90.0,0.0,,,,,B
367360320,2019-05-08T18:57:27,39.20895,-75.03824,6.8,43.4,511.0,MORNING STAR,IMO0000000,WDE4969,30.0,,22.0,7.0,,,B
338019392,2019-05-08T18:56:48,39.17131,-75.09478,6.4,82.1,511.0,NORTHSTAR 10,,,90.0,0.0,15.0,6.0,2.0,90.0,B
368058330,2019-05-08T18:58:29,39.15908,-75.05449,4.9,-197.9,511.0,PURPLE  HAYS,,WDC9127,52.0,0.0,24.0,8.0,3.0,52.0,B
367090580,2019-05-08T18:58:16,38.83015,-75.1298,25.0,138.2,511.0,BIG STONE 5,,WSE3119,60.0,0.0,15.0,4.0,,50.0,A
338447000,2019-05-08T18:56:21,38.96433,-75.19928,0.3,98.0,11.0,OSG HORIZON,IMO9436549,WDF6180,31.0,0.0,46.0,15.0,6.5,57.0,B
311000546,2019-05-08T18:57:16,38.88878,-75.13285,2.9,-99.2,316.0,,,,,4.0,,,,,B
311073800,2019-05-08T18:56:34,38.98432,-75.21614,0.0,122.8,23.0,EURO,IMO9567702,C6AA5,84.0,1.0,274.0,48.0,-11.5,84.0,A
368051050,2019-05-08T18:57:15,39.48475,-75.56193,9.0,9.8,12.0,,,,,0.0,,,,,B
538004030,2019-05-08T18:53:16,38.92782,-75.15733,0.2,183.8,286.0,FRIO,IMO9596985,V7UU3,80.0,1.0,274.0,48.0,17.1,89.0,A
338447000,2019-05-08T18:57:31,38.96432,-75.19913,0.3,93.7,9.0,OSG HORIZON,IMO9436549,WDF6180,31.0,0.0,46.0,15.0,6.5,57.0,B
367120230,2019-05-08T18:57:12,38.98497,-75.21664,0.1,124.3,511.0,SONIE,IMO9373723,WDD2812,31.0,0.0,24.0,9.0,4.0,52.0,B
338478000,2019-05-08T18:57:38,39.28045,-75.3582,28.2,138.2,511.0,COMPLETELY KNOTS,IMO0000000,WDK3527,37.0,,28.0,17.0,,,B
338478000,2019-05-08T18:56:37,39.28634,-75.36492,28.2,138.7,511.0,COMPLETELY KNOTS,IMO0000000,WDK3527,37.0,,28.0,17.0,,,B
368051050,2019-05-08T18:58:25,39.48761,-75.56103,9.0,16.9,15.0,,,,,0.0,,,,,B
240463000,2019-05-08T18:58:05,38.93898,-75.17148,0.0,120.0,8.0,BOUBOULINA,IMO9298753,SZIS,80.0,1.0,274.0,50.0,17.0,80.0,A
311000546,2019-05-08T18:58:26,38.88936,-75.13379,2.8,-100.5,321.0,,,,,4.0,,,,,B
366914190,2019-05-08T18:57:21,38.80469,-75.11506,12.3,73.5,77.0,NEW JERSEY,IMO8643078,WYU8850,60.0,0.0,86.0,20.0,,,A
366914190,2019-05-08T18:58:28,38.80563,-75.11023,12.8,70.2,69.0,NEW JERSEY,IMO8643078,WYU8850,60.0,0.0,86.0,20.0,,,A
367120230,2019-05-08T18:56:11,38.98498,-75.21666,0.1,121.6,511.0,SONIE,IMO9373723,WDD2812,31.0,0.0,24.0,9.0,4.0,52.0,B
538006702,2019-05-08T18:57:30,38.96428,-75.19858,0.3,87.4,10.0,NAMSEN,IMO9761528,V7QJ6,80.0,1.0,,,,,A
367400050,2019-05-08T18:57:39,38.90006,-75.04064,12.1,191.1,511.0,CAPE MAY WHALE WATCH,,WDE7979,60.0,15.0,26.0,8.0,,,B
366914210,2019-05-08T18:58:42,38.93024,-75.01858,12.0,-182.5,233.0,DELAWARE,IMO8990304,WYU8553,60.0,0.0,91.0,20.0,,,B
369235000,2019-05-08T18:58:42,38.98442,-75.21668,0.1,134.7,21.0,OSG VISION,IMO9436537,WDF2493,31.0,0.0,46.0,15.0,6.5,57.0,B
367090580,2019-05-08T18:59:18,38.82612,-75.12271,23.3,121.0,511.0,BIG STONE 5,,WSE3119,60.0,0.0,15.0,4.0,,50.0,B
338191464,2019-05-08T18:59:30,39.23242,-75.29544,5.8,134.7,511.0,DAY DREAMER,,,37.0,,,,,,B
311073800,2019-05-08T18:59:34,38.98428,-75.21604,0.1,118.8,21.0,EURO,IMO9567702,C6AA5,84.0,1.0,274.0,48.0,-11.5,84.0,A
366914190,2019-05-08T18:59:45,38.80704,-75.10457,13.3,72.9,72.0,NEW JERSEY,IMO8643078,WYU8850,60.0,0.0,86.0,20.0,,,B
338169577,2019-05-08T18:59:37,38.8721,-75.22474,7.5,165.6,511.0,JOANNE DAIBER,,,90.0,0.0,,,,,B
367120230,2019-05-08T18:58:42,38.98492,-75.21659,0.1,140.4,511.0,SONIE,IMO9373723,WDD2812,31.0,0.0,24.0,9.0,4.0,52.0,B
338447000,2019-05-08T18:58:42,38.96431,-75.19898,0.3,92.8,8.0,OSG HORIZON,IMO9436549,WDF6180,31.0,0.0,46.0,15.0,6.5,57.0,B
338019392,2019-05-08T18:59:38,39.17194,-75.08834,6.5,81.1,511.0,NORTHSTAR 10,,,90.0,0.0,15.0,6.0,2.0,90.0,B
338478000,2019-05-08T18:59:07,39.27178,-75.34814,28.5,137.4,511.0,COMPLETELY KNOTS,IMO0000000,WDK3527,37.0,,28.0,17.0,,,B
311000546,2019-05-08T18:59:38,38.89002,-75.13464,2.7,-93.0,328.0,,,,,4.0,,,,,B
538004030,2019-05-08T18:59:17,38.92679,-75.15782,0.0,-197.8,312.0,FRIO,IMO9596985,V7UU3,80.0,1.0,274.0,48.0,17.1,89.0,A
367400050,2019-05-08T18:58:48,38.8962,-75.0415,12.3,185.7,511.0,CAPE MAY WHALE WATCH,,WDE7979,60.0,15.0,26.0,8.0,,,B
368051050,2019-05-08T18:59:34,39.49045,-75.56002,9.1,15.5,16.0,,,,,0.0,,,,,B
368058330,2019-05-08T18:59:37,39.15769,-75.05544,5.0,202.1,511.0,PURPLE  HAYS,,WDC9127,52.0,0.0,24.0,8.0,3.0,52.0,B
367090580,2019-05-08T19:00:02,38.82353,-75.11758,23.5,124.8,511.0,BIG STONE 5,,WSE3119,60.0,0.0,15.0,4.0,,50.0,B
338447000,2019-05-08T19:00:01,38.9643,-75.19885,0.3,92.8,6.0,OSG HORIZON,IMO9436549,WDF6180,31.0,0.0,46.0,15.0,6.5,57.0,B
369235000,2019-05-08T19:00:03,38.9844,-75.21663,0.1,134.7,20.0,OSG VISION,IMO9436537,WDF2493,31.0,0.0,46.0,15.0,6.5,57.0,B
366914210,2019-05-08T18:59:52,38.92746,-75.02211,12.2,-185.6,229.0,DELAWARE,IMO8990304,WYU8553,60.0,0.0,91.0,20.0,,,B
366914190,2019-05-08T19:00:05,38.80741,-75.10305,13.4,72.0,71.0,NEW JERSEY,IMO8643078,WYU8850,60.0,0.0,86.0,20.0,,,B
368051050,2019-05-08T19:00:06,39.49167,-75.55954,9.1,16.1,16.0,,,,,0.0,,,,,B
311000546,2019-05-08T19:00:06,38.8903,-75.13493,2.6,-89.7,330.0,,,,,4.0,,,,,B
338169577,2019-05-08T19:00:07,38.87129,-75.22429,6.5,150.4,511.0,JOANNE DAIBER,,,90.0,0.0,,,,,B
368058330,2019-05-08T19:00:08,39.15706,-75.05579,4.9,-203.1,511.0,PURPLE  HAYS,,WDC9127,52.0,0.0,24.0,8.0,3.0,52.0,B
338478000,2019-05-08T19:00:09,39.26575,-75.34107,28.4,137.2,511.0,COMPLETELY KNOTS,IMO0000000,WDK3527,37.0,,28.0,17.0,,,B
366914210,2019-05-08T19:00:11,38.92663,-75.02312,12.2,-185.5,231.0,DELAWARE,IMO8990304,WYU8553,60.0,0.0,91.0,20.0,,,B
369235000,2019-05-08T18:59:53,38.9844,-75.21665,0.1,134.7,20.0,OSG VISION,IMO9436537,WDF2493,31.0,0.0,46.0,15.0,6.5,57.0,B
367120230,2019-05-08T19:00:12,38.98493,-75.21657,0.1,130.9,511.0,SONIE,IMO9373723,WDD2812,31.0,0.0,24.0,9.0,4.0,52.0,B
338019392,2019-05-08T19:00:07,39.17207,-75.0872,6.3,81.2,511.0,NORTHSTAR 10,,,90.0,0.0,15.0,6.0,2.0,90.0,B
367400050,2019-05-08T18:59:59,38.89234,-75.04281,12.5,195.4,511.0,CAPE MAY WHALE WATCH,,WDE7979,60.0,15.0,26.0,8.0,,,B
538006702,2019-05-08T19:00:31,38.96425,-75.19821,0.3,86.6,6.0,NAMSEN,IMO9761528,V7QJ6,80.0,1.0,,,,,A
338191464,2019-05-08T19:00:30,39.23127,-75.29398,6.3,134.5,511.0,DAY DREAMER,,,37.0,,,,,,B
338019392,2019-05-08T19:01:17,39.17235,-75.08453,6.5,82.4,511.0,NORTHSTAR 10,,,90.0,0.0,15.0,6.0,2.0,90.0,B
368051050,2019-05-08T19:01:16,39.49454,-75.55853,9.2,15.3,15.0,,,,,0.0,,,,,B
338447000,2019-05-08T19:01:11,38.96428,-75.19871,0.3,90.4,4.0,OSG HORIZON,IMO9436549,WDF6180,31.0,0.0,46.0,15.0,6.5,57.0,B
367090580,2019-05-08T19:01:06,38.81958,-75.11065,22.7,123.8,511.0,BIG STONE 5,,WSE3119,60.0,0.0,15.0,4.0,,50.0,B
366914190,2019-05-08T19:01:14,38.80868,-75.0978,13.7,74.5,75.0,NEW JERSEY,IMO8643078,WYU8850,60.0,0.0,86.0,20.0,,,B
366914210,2019-05-08T19:01:22,38.92376,-75.02671,12.2,-185.3,230.0,DELAWARE,IMO8990304,WYU8553,60.0,0.0,91.0,20.0,,,B
367400050,2019-05-08T19:01:18,38.88798,-75.04412,11.2,167.9,511.0,CAPE MAY WHALE WATCH,,WDE7979,60.0,15.0,26.0,8.0,,,B
369235000,2019-05-08T19:01:13,38.98439,-75.21661,0.0,134.7,20.0,OSG VISION,IMO9436537,WDF2493,31.0,0.0,46.0,15.0,6.5,57.0,B
368058330,2019-05-08T19:01:19,39.15561,-75.05678,5.0,203.3,511.0,PURPLE  HAYS,,WDC9127,52.0,0.0,24.0,8.0,3.0,52.0,B
338169577,2019-05-08T19:01:18,38.87078,-75.22361,1.3,-204.6,511.0,JOANNE DAIBER,,,90.0,0.0,,,,,B
367120230,2019-05-08T19:01:22,38.98487,-75.21651,0.1,120.7,511.0,SONIE,IMO9373723,WDD2812,31.0,0.0,24.0,9.0,4.0,52.0,B
367400050,2019-05-08T19:00:09,38.89178,-75.04301,12.5,194.7,511.0,CAPE MAY WHALE WATCH,,WDE7979,60.0,15.0,26.0,8.0,,,B
338478000,2019-05-08T19:01:37,39.25715,-75.33097,28.7,137.7,511.0,COMPLETELY KNOTS,IMO0000000,WDK3527,37.0,,28.0,17.0,,,B
311000546,2019-05-08T19:01:07,38.89096,-75.13545,2.7,-80.5,333.0,,,,,4.0,,,,,B
311000546,2019-05-08T19:02:17,38.89175,-75.13591,2.6,-74.4,333.0,,,,,4.0,,,,,B
368051050,2019-05-08T19:02:25,39.49747,-75.55745,9.2,16.8,16.0,,,,,0.0,,,,,B
366914190,2019-05-08T19:02:25,38.80978,-75.0921,13.6,77.6,72.0,NEW JERSEY,IMO8643078,WYU8850,60.0,0.0,86.0,20.0,,,A
338169577,2019-05-08T19:02:37,38.87145,-75.22397,5.9,-74.0,511.0,JOANNE DAIBER,,,90.0,0.0,,,,,B
367400050,2019-05-08T19:02:28,38.88715,-75.0403,10.2,66.9,511.0,CAPE MAY WHALE WATCH,,WDE7979,60.0,15.0,26.0,8.0,,,B
338019392,2019-05-08T19:02:29,39.17262,-75.08181,6.5,83.5,511.0,NORTHSTAR 10,,,90.0,0.0,15.0,6.0,2.0,90.0,B
369235000,2019-05-08T19:02:23,38.98438,-75.21658,0.0,134.7,19.0,OSG VISION,IMO9436537,WDF2493,31.0,0.0,46.0,15.0,6.5,57.0,B
338447000,2019-05-08T19:02:21,38.96426,-75.19858,0.2,91.6,3.0,OSG HORIZON,IMO9436549,WDF6180,31.0,0.0,46.0,15.0,6.5,57.0,B
366914210,2019-05-08T19:02:32,38.92092,-75.03032,12.4,-185.2,230.0,DELAWARE,IMO8990304,WYU8553,60.0,0.0,91.0,20.0,,,B
338478000,2019-05-08T19:02:38,39.2511,-75.32411,28.6,138.8,511.0,COMPLETELY KNOTS,IMO0000000,WDK3527,37.0,,28.0,17.0,,,B
367120230,2019-05-08T19:02:42,38.98488,-75.21649,0.1,124.6,511.0,SONIE,IMO9373723,WDD2812,31.0,0.0,24.0,9.0,4.0,52.0,B
240463000,2019-05-08T19:01:03,38.93893,-75.17128,0.0,111.0,4.0,BOUBOULINA,IMO9298753,SZIS,80.0,1.0,274.0,50.0,17.0,80.0,A
311073800,2019-05-08T19:02:34,38.98429,-75.21593,0.0,130.6,19.0,EURO,IMO9567702,C6AA5,84.0,1.0,274.0,48.0,-11.5,84.0,A
338169577,2019-05-08T19:03:38,38.87298,-75.22467,5.3,0.0,511.0,JOANNE DAIBER,,,90.0,0.0,,,,,B
368051050,2019-05-08T19:03:26,39.4999,-75.55649,9.2,15.7,15.0,,,,,0.0,,,,,B
367090580,2019-05-08T19:03:10,38.81307,-75.09604,23.4,121.1,511.0,BIG STONE 5,,WSE3119,60.0,0.0,15.0,4.0,,50.0,B
311000546,2019-05-08T19:03:26,38.89253,-75.13633,2.6,-72.7,333.0,,,,,4.0,,,,,B
366914190,2019-05-08T19:03:31,38.81148,-75.08764,12.1,42.3,31.0,NEW JERSEY,IMO8643078,WYU8850,60.0,0.0,86.0,20.0,,,A
538006702,2019-05-08T19:03:31,38.96429,-75.19786,0.3,85.8,2.0,NAMSEN,IMO9761528,V7QJ6,80.0,1.0,,,,,A
369235000,2019-05-08T19:03:33,38.98437,-75.21652,0.1,134.7,18.0,OSG VISION,IMO9436537,WDF2493,31.0,0.0,46.0,15.0,6.5,57.0,B
338447000,2019-05-08T19:03:32,38.96428,-75.19847,0.2,93.1,2.0,OSG HORIZON,IMO9436549,WDF6180,31.0,0.0,46.0,15.0,6.5,57.0,B
368058330,2019-05-08T19:03:39,39.15271,-75.05867,5.2,-202.6,511.0,PURPLE  HAYS,,WDC9127,52.0,0.0,24.0,8.0,3.0,52.0,B
366914210,2019-05-08T19:03:42,38.91815,-75.03394,12.2,-184.3,231.0,DELAWARE,IMO8990304,WYU8553,60.0,0.0,91.0,20.0,,,B
338191464,2019-05-08T19:03:00,39.22865,-75.29068,6.4,134.8,511.0,DAY DREAMER,,,37.0,,,,,,B
367400050,2019-05-08T19:03:37,38.88864,-75.03669,9.6,44.7,511.0,CAPE MAY WHALE WATCH,,WDE7979,60.0,15.0,26.0,8.0,,,B
240463000,2019-05-08T19:04:03,38.93892,-75.17113,0.0,104.0,1.0,BOUBOULINA,IMO9298753,SZIS,80.0,1.0,274.0,50.0,17.0,80.0,A
367090580,2019-05-08T19:04:12,38.81071,-75.08845,21.1,108.0,511.0,BIG STONE 5,,WSE3119,60.0,0.0,15.0,4.0,,50.0,B
338478000,2019-05-08T19:04:09,39.24204,-75.31395,28.4,143.1,511.0,COMPLETELY KNOTS,IMO0000000,WDK3527,37.0,,28.0,17.0,,,B
368051050,2019-05-08T19:04:36,39.50286,-75.55538,9.3,17.9,15.0,,,,,0.0,,,,,B
338169577,2019-05-08T19:04:58,38.87491,-75.22552,5.9,0.0,511.0,JOANNE DAIBER,,,90.0,0.0,,,,,B
311000546,2019-05-08T19:04:36,38.89333,-75.13677,2.7,-72.3,333.0,,,,,4.0,,,,,B
369235000,2019-05-08T19:04:43,38.98436,-75.21648,0.1,134.7,18.0,OSG VISION,IMO9436537,WDF2493,31.0,0.0,46.0,15.0,6.5,57.0,B
366914190,2019-05-08T19:04:34,38.81437,-75.08544,11.2,28.5,28.0,NEW JERSEY,IMO8643078,WYU8850,60.0,0.0,86.0,20.0,,,B
338019392,2019-05-08T19:04:59,39.17321,-75.07612,6.4,81.6,511.0,NORTHSTAR 10,,,90.0,0.0,15.0,6.0,2.0,90.0,B
338191464,2019-05-08T19:04:30,39.22689,-75.28901,6.0,162.2,511.0,DAY DREAMER,,,37.0,,,,,,B
338447000,2019-05-08T19:04:42,38.9643,-75.19836,0.2,92.6,0.0,OSG HORIZON,IMO9436549,WDF6180,31.0,0.0,46.0,15.0,6.5,57.0,B
311073800,2019-05-08T19:05:33,38.98425,-75.21579,0.1,96.3,18.0,EURO,IMO9567702,C6AA5,84.0,1.0,274.0,48.0,-11.5,84.0,A
367090580,2019-05-08T19:02:08,38.81599,-75.10343,22.9,118.1,511.0,BIG STONE 5,,WSE3119,60.0,0.0,15.0,4.0,,50.0,B
366914190,2019-05-08T19:05:35,38.817,-75.08319,11.1,33.8,29.0,NEW JERSEY,IMO8643078,WYU8850,60.0,0.0,86.0,20.0,,,B
538004030,2019-05-08T19:05:15,38.92635,-75.15859,0.0,-176.9,333.0,FRIO,IMO9596985,V7UU3,80.0,1.0,274.0,48.0,17.1,89.0,A
338478000,2019-05-08T19:05:37,39.23228,-75.30575,28.5,147.6,511.0,COMPLETELY KNOTS,IMO0000000,WDK3527,37.0,,28.0,17.0,,,B
368058330,2019-05-08T19:04:48,39.15131,-75.05972,5.1,-197.8,511.0,PURPLE  HAYS,,WDC9127,52.0,0.0,24.0,8.0,3.0,52.0,B
538004030,2019-05-08T19:02:17,38.92651,-75.15825,0.0,-177.7,324.0,FRIO,IMO9596985,V7UU3,80.0,1.0,274.0,48.0,17.1,89.0,A
311000546,2019-05-08T19:05:48,38.89414,-75.13721,2.7,-71.8,333.0,,,,,4.0,,,,,B
368058330,2019-05-08T19:05:58,39.14992,-75.06089,5.1,-200.7,511.0,PURPLE  HAYS,,WDC9127,52.0,0.0,24.0,8.0,3.0,52.0,B
338447000,2019-05-08T19:06:02,38.96428,-75.19819,0.2,89.7,358.0,OSG HORIZON,IMO9436549,WDF6180,31.0,0.0,46.0,15.0,6.5,57.0,B
368051050,2019-05-08T19:05:46,39.50576,-75.5543,9.3,15.1,14.0,,,,,0.0,,,,,B
369235000,2019-05-08T19:05:52,38.98436,-75.21642,0.1,134.7,18.0,OSG VISION,IMO9436537,WDF2493,31.0,0.0,46.0,15.0,6.5,57.0,B
367400050,2019-05-08T19:05:59,38.8939,-75.0325,9.6,38.0,511.0,CAPE MAY WHALE WATCH,,WDE7979,60.0,15.0,26.0,8.0,,,B
368058330,2019-05-08T19:02:29,39.15416,-75.05768,5.0,-199.8,511.0,PURPLE  HAYS,,WDC9127,52.0,0.0,24.0,8.0,3.0,52.0,B
366914210,2019-05-08T19:06:01,38.9127,-75.04136,12.2,-180.9,233.0,DELAWARE,IMO8990304,WYU8553,60.0,0.0,91.0,20.0,,,B
338019392,2019-05-08T19:06:27,39.17355,-75.07276,6.4,82.7,511.0,NORTHSTAR 10,,,90.0,0.0,15.0,6.0,2.0,90.0,B
367120230,2019-05-08T19:06:12,38.98486,-75.21634,0.1,98.0,511.0,SONIE,IMO9373723,WDD2812,31.0,0.0,24.0,9.0,4.0,52.0,B
338169577,2019-05-08T19:06:08,38.87527,-75.2255,5.2,159.9,511.0,JOANNE DAIBER,,,90.0,0.0,,,,,B
538006702,2019-05-08T19:06:33,38.96429,-75.19757,0.2,84.2,358.0,NAMSEN,IMO9761528,V7QJ6,80.0,1.0,,,,,A
338478000,2019-05-08T19:06:39,39.22528,-75.30015,28.6,151.4,511.0,COMPLETELY KNOTS,IMO0000000,WDK3527,37.0,,28.0,17.0,,,B
366914190,2019-05-08T19:06:38,38.81978,-75.0811,10.8,32.1,36.0,NEW JERSEY,IMO8643078,WYU8850,60.0,0.0,86.0,20.0,,,A
368051050,2019-05-08T19:06:56,39.50863,-75.55329,9.0,15.3,13.0,,,,,0.0,,,,,B
338191464,2019-05-08T19:07:00,39.22333,-75.28709,6.0,158.7,511.0,DAY DREAMER,,,37.0,,,,,,B
240463000,2019-05-08T19:07:05,38.93895,-75.171,0.0,76.0,359.0,BOUBOULINA,IMO9298753,SZIS,80.0,1.0,274.0,50.0,17.0,80.0,A
338019392,2019-05-08T19:03:38,39.17289,-75.07913,6.4,81.7,511.0,NORTHSTAR 10,,,90.0,0.0,15.0,6.0,2.0,90.0,B
367120230,2019-05-08T19:03:51,38.98485,-75.21643,0.1,98.5,511.0,SONIE,IMO9373723,WDD2812,31.0,0.0,24.0,9.0,4.0,52.0,B
367400050,2019-05-08T19:04:49,38.89127,-75.03451,9.6,25.2,511.0,CAPE MAY WHALE WATCH,,WDE7979,60.0,15.0,26.0,8.0,,,B
366914210,2019-05-08T19:04:52,38.91536,-75.03768,12.1,-183.1,232.0,DELAWARE,IMO8990304,WYU8553,60.0,0.0,91.0,20.0,,,B
367120230,2019-05-08T19:05:01,38.98485,-75.21638,0.1,111.0,511.0,SONIE,IMO9373723,WDD2812,31.0,0.0,24.0,9.0,4.0,52.0,B
369235000,2019-05-08T19:07:02,38.98434,-75.21629,0.1,134.7,17.0,OSG VISION,IMO9436537,WDF2493,31.0,0.0,46.0,15.0,6.5,57.0,B
311000546,2019-05-08T19:07:26,38.89527,-75.13778,2.7,-69.8,331.0,,,,,4.0,,,,,B
368058330,2019-05-08T19:07:39,39.14781,-75.06242,5.1,-197.2,511.0,PURPLE  HAYS,,WDC9127,52.0,0.0,24.0,8.0,3.0,52.0,B
367400050,2019-05-08T19:07:09,38.89697,-75.03063,11.5,20.4,511.0,CAPE MAY WHALE WATCH,,WDE7979,60.0,15.0,26.0,8.0,,,B
338447000,2019-05-08T19:07:11,38.96427,-75.19809,0.2,93.8,356.0,OSG HORIZON,IMO9436549,WDF6180,31.0,0.0,46.0,15.0,6.5,57.0,B
366914210,2019-05-08T19:07:12,38.90985,-75.04506,12.2,-184.6,230.0,DELAWARE,IMO8990304,WYU8553,60.0,0.0,91.0,20.0,,,B
338169577,2019-05-08T19:07:17,38.87341,-75.22464,6.0,157.1,511.0,JOANNE DAIBER,,,90.0,0.0,,,,,B
367120230,2019-05-08T19:07:21,38.98485,-75.21631,0.1,106.5,511.0,SONIE,IMO9373723,WDD2812,31.0,0.0,24.0,9.0,4.0,52.0,B
338169577,2019-05-08T19:08:38,38.8711,-75.22355,6.4,146.2,511.0,JOANNE DAIBER,,,90.0,0.0,,,,,B
366914190,2019-05-08T19:07:45,38.82249,-75.07838,11.3,36.7,33.0,NEW JERSEY,IMO8643078,WYU8850,60.0,0.0,86.0,20.0,,,B
311073800,2019-05-08T19:08:36,38.98425,-75.21561,0.1,97.2,17.0,EURO,IMO9567702,C6AA5,84.0,1.0,274.0,48.0,-11.5,84.0,A
338019392,2019-05-08T19:07:38,39.17382,-75.07008,6.4,80.3,511.0,NORTHSTAR 10,,,90.0,0.0,15.0,6.0,2.0,90.0,B
338478000,2019-05-08T19:08:07,39.21483,-75.29349,28.8,155.2,511.0,COMPLETELY KNOTS,IMO0000000,WDK3527,37.0,,28.0,17.0,,,B
538004030,2019-05-08T19:08:14,38.92625,-75.15884,0.1,-188.7,340.0,FRIO,IMO9596985,V7UU3,80.0,1.0,274.0,48.0,17.1,89.0,A
368051050,2019-05-08T19:08:06,39.51137,-75.55238,8.6,14.9,14.0,,,,,0.0,,,,,B
338447000,2019-05-08T19:08:22,38.96427,-75.19797,0.2,93.7,355.0,OSG HORIZON,IMO9436549,WDF6180,31.0,0.0,46.0,15.0,6.5,57.0,B
367400050,2019-05-08T19:08:19,38.90029,-75.02871,11.1,25.7,511.0,CAPE MAY WHALE WATCH,,WDE7979,60.0,15.0,26.0,8.0,,,B
311000546,2019-05-08T19:08:27,38.89594,-75.1382,2.6,-74.1,330.0,,,,,4.0,,,,,B
369235000,2019-05-08T19:08:11,38.98434,-75.2163,0.1,134.7,16.0,OSG VISION,IMO9436537,WDF2493,31.0,0.0,46.0,15.0,6.5,57.0,B
367120230,2019-05-08T19:08:32,38.98481,-75.21622,0.2,113.3,511.0,SONIE,IMO9373723,WDD2812,31.0,0.0,24.0,9.0,4.0,52.0,B
366914210,2019-05-08T19:08:23,38.90705,-75.04877,12.5,-183.5,232.0,DELAWARE,IMO8990304,WYU8553,60.0,0.0,91.0,20.0,,,B
338019392,2019-05-08T19:08:48,39.17409,-75.06741,6.4,83.0,511.0,NORTHSTAR 10,,,90.0,0.0,15.0,6.0,2.0,90.0,B
369235000,2019-05-08T19:09:23,38.98431,-75.21623,0.1,106.0,15.0,OSG VISION,IMO9436537,WDF2493,31.0,0.0,46.0,15.0,6.5,57.0,B
368051050,2019-05-08T19:09:36,39.51475,-75.55117,8.3,15.5,13.0,,,,,0.0,,,,,B
368058330,2019-05-08T19:08:48,39.14639,-75.06354,5.2,-193.4,511.0,PURPLE  HAYS,,WDC9127,52.0,0.0,24.0,8.0,3.0,52.0,B
311000546,2019-05-08T19:09:36,38.89669,-75.13867,2.6,-76.3,330.0,,,,,4.0,,,,,B
366914190,2019-05-08T19:08:55,38.82536,-75.07556,10.9,34.7,27.0,NEW JERSEY,IMO8643078,WYU8850,60.0,0.0,86.0,20.0,,,B
338191464,2019-05-08T19:09:00,39.22036,-75.28529,6.0,151.5,511.0,DAY DREAMER,,,37.0,,,,,,B
367400050,2019-05-08T19:09:28,38.90304,-75.02662,3.9,14.5,511.0,CAPE MAY WHALE WATCH,,WDE7979,60.0,15.0,26.0,8.0,,,B
338169577,2019-05-08T19:09:58,38.87098,-75.22295,3.6,-86.2,511.0,JOANNE DAIBER,,,90.0,0.0,,,,,B
338019392,2019-05-08T19:09:57,39.17437,-75.0648,6.4,81.3,511.0,NORTHSTAR 10,,,90.0,0.0,15.0,6.0,2.0,90.0,B
538006702,2019-05-08T19:09:29,38.96431,-75.1973,0.2,80.1,353.0,NAMSEN,IMO9761528,V7QJ6,80.0,1.0,,,,,A
338447000,2019-05-08T19:09:31,38.96426,-75.19787,0.2,93.0,353.0,OSG HORIZON,IMO9436549,WDF6180,31.0,0.0,46.0,15.0,6.5,57.0,B
367120230,2019-05-08T19:10:12,38.9848,-75.21612,0.1,102.3,511.0,SONIE,IMO9373723,WDD2812,31.0,0.0,24.0,9.0,4.0,52.0,B
368058330,2019-05-08T19:09:59,39.14497,-75.06474,5.2,-202.8,511.0,PURPLE  HAYS,,WDC9127,52.0,0.0,24.0,8.0,3.0,52.0,B
366914190,2019-05-08T19:10:06,38.82844,-75.07327,11.1,30.2,27.0,NEW JERSEY,IMO8643078,WYU8850,60.0,0.0,86.0,20.0,,,B
338478000,2019-05-08T19:10:08,39.2002,-75.28486,28.8,156.7,511.0,COMPLETELY KNOTS,IMO0000000,WDK3527,37.0,,28.0,17.0,,,B
368051050,2019-05-08T19:10:56,39.51772,-75.55018,8.1,14.2,14.0,,,,,0.0,,,,,B
240463000,2019-05-08T19:10:04,38.93898,-75.17083,0.0,75.0,356.0,BOUBOULINA,IMO9298753,SZIS,80.0,1.0,274.0,50.0,17.0,80.0,A
366914210,2019-05-08T19:10:12,38.90257,-75.05467,12.6,-183.8,231.0,DELAWARE,IMO8990304,WYU8553,60.0,0.0,91.0,20.0,,,B
311000546,2019-05-08T19:10:48,38.89743,-75.13913,2.6,-75.8,330.0,,,,,4.0,,,,,B
369235000,2019-05-08T19:10:42,38.98429,-75.21618,0.1,103.5,14.0,OSG VISION,IMO9436537,WDF2493,31.0,0.0,46.0,15.0,6.5,57.0,B
338447000,2019-05-08T19:10:41,38.96426,-75.19777,0.2,94.7,351.0,OSG HORIZON,IMO9436549,WDF6180,31.0,0.0,46.0,15.0,6.5,57.0,B
367400050,2019-05-08T19:10:39,38.90374,-75.02666,1.7,-64.1,511.0,CAPE MAY WHALE WATCH,,WDE7979,60.0,15.0,26.0,8.0,,,B
367400050,2019-05-08T19:11:59,38.9038,-75.02686,0.7,-131.6,511.0,CAPE MAY WHALE WATCH,,WDE7979,60.0,15.0,26.0,8.0,,,B
338169577,2019-05-08T19:12:17,38.87362,-75.22421,4.3,-65.9,511.0,JOANNE DAIBER,,,90.0,0.0,,,,,B
311000546,2019-05-08T19:11:58,38.89814,-75.13957,2.4,-75.5,330.0,,,,,4.0,,,,,B
338169577,2019-05-08T19:11:07,38.87224,-75.22357,4.5,-68.2,511.0,JOANNE DAIBER,,,90.0,0.0,,,,,B
366914190,2019-05-08T19:11:16,38.83167,-75.07131,10.8,22.0,22.0,NEW JERSEY,IMO8643078,WYU8850,60.0,0.0,86.0,20.0,,,B
538004030,2019-05-08T19:11:15,38.9262,-75.15895,0.1,-142.8,345.0,FRIO,IMO9596985,V7UU3,80.0,1.0,274.0,48.0,17.1,89.0,A
338019392,2019-05-08T19:11:08,39.17465,-75.06213,6.5,81.8,511.0,NORTHSTAR 10,,,90.0,0.0,15.0,6.0,2.0,90.0,B
369235000,2019-05-08T19:12:23,38.98425,-75.21603,0.2,105.0,12.0,OSG VISION,IMO9436537,WDF2493,31.0,0.0,46.0,15.0,6.5,57.0,B
366914210,2019-05-08T19:11:20,38.89989,-75.05828,12.2,-185.2,222.0,DELAWARE,IMO8990304,WYU8553,60.0,0.0,91.0,20.0,,,A
367120230,2019-05-08T19:11:21,38.98478,-75.21609,0.2,119.6,511.0,SONIE,IMO9373723,WDD2812,31.0,0.0,24.0,9.0,4.0,52.0,B
368051050,2019-05-08T19:12:06,39.52014,-75.5493,7.4,16.5,15.0,,,,,0.0,,,,,B
368058330,2019-05-08T19:12:28,39.14216,-75.0675,5.3,-187.1,511.0,PURPLE  HAYS,,WDC9127,52.0,0.0,24.0,8.0,3.0,52.0,B
338447000,2019-05-08T19:11:42,38.9643,-75.19773,0.2,87.0,350.0,OSG HORIZON,IMO9436549,WDF6180,31.0,0.0,46.0,15.0,6.5,57.0,B
311073800,2019-05-08T19:11:35,38.98422,-75.2154,0.1,98.9,14.0,EURO,IMO9567702,C6AA5,84.0,1.0,274.0,48.0,-11.5,84.0,A
338019392,2019-05-08T19:12:37,39.17495,-75.05875,6.5,81.1,511.0,NORTHSTAR 10,,,90.0,0.0,15.0,6.0,2.0,90.0,B
367120230,2019-05-08T19:13:12,38.98474,-75.21598,0.1,110.4,511.0,SONIE,IMO9373723,WDD2812,31.0,0.0,24.0,9.0,4.0,52.0,B
538006702,2019-05-08T19:12:35,38.96438,-75.19711,0.1,77.1,349.0,NAMSEN,IMO9761528,V7QJ6,80.0,1.0,,,,,A
368058330,2019-05-08T19:11:07,39.14357,-75.06581,5.1,-188.4,511.0,PURPLE  HAYS,,WDC9127,52.0,0.0,24.0,8.0,3.0,52.0,B
369235000,2019-05-08T19:13:42,38.98424,-75.21595,0.2,116.2,11.0,OSG VISION,IMO9436537,WDF2493,31.0,0.0,46.0,15.0,6.5,57.0,B
338447000,2019-05-08T19:12:51,38.96428,-75.19762,0.1,91.3,348.0,OSG HORIZON,IMO9436549,WDF6180,31.0,0.0,46.0,15.0,6.5,57.0,B
338447000,2019-05-08T19:14:12,38.96426,-75.19754,0.1,91.3,347.0,OSG HORIZON,IMO9436549,WDF6180,31.0,0.0,46.0,15.0,6.5,57.0,B
366914210,2019-05-08T19:12:23,38.89695,-75.06101,12.5,-196.0,215.0,DELAWARE,IMO8990304,WYU8553,60.0,0.0,91.0,20.0,,,B
366914190,2019-05-08T19:12:25,38.83479,-75.06902,11.4,33.1,29.0,NEW JERSEY,IMO8643078,WYU8850,60.0,0.0,86.0,20.0,,,B
256102000,2019-05-08T19:14:04,39.51729,-75.55223,14.6,193.9,194.0,ANTWERP TRADER,IMO9304746,9HA3819,70.0,0.0,211.0,29.0,11.4,70.0,B
366914190,2019-05-08T19:13:35,38.83802,-75.06669,11.4,22.4,18.0,NEW JERSEY,IMO8643078,WYU8850,60.0,0.0,86.0,20.0,,,B
311000546,2019-05-08T19:13:47,38.89923,-75.14029,2.4,-76.1,330.0,,,,,4.0,,,,,B
338478000,2019-05-08T19:13:08,39.17879,-75.27071,29.1,146.7,511.0,COMPLETELY KNOTS,IMO0000000,WDK3527,37.0,,28.0,17.0,,,B
367400050,2019-05-08T19:13:08,38.90343,-75.02813,3.1,-178.7,511.0,CAPE MAY WHALE WATCH,,WDE7979,60.0,15.0,26.0,8.0,,,B
338478000,2019-05-08T19:11:38,39.18921,-75.27853,29.0,152.6,511.0,COMPLETELY KNOTS,IMO0000000,WDK3527,37.0,,28.0,17.0,,,B
367400050,2019-05-08T19:14:38,38.90185,-75.02929,3.7,200.2,511.0,CAPE MAY WHALE WATCH,,WDE7979,60.0,15.0,26.0,8.0,,,B
366914190,2019-05-08T19:14:44,38.84149,-75.06532,11.5,17.3,18.0,NEW JERSEY,IMO8643078,WYU8850,60.0,0.0,86.0,20.0,,,A
366914210,2019-05-08T19:13:42,38.89309,-75.06428,12.6,-195.2,217.0,DELAWARE,IMO8990304,WYU8553,60.0,0.0,91.0,20.0,,,B
368058330,2019-05-08T19:13:39,39.14087,-75.06906,5.4,-182.4,511.0,PURPLE  HAYS,,WDC9127,52.0,0.0,24.0,8.0,3.0,52.0,B
369235000,2019-05-08T19:15:13,38.9842,-75.21586,0.2,117.8,9.0,OSG VISION,IMO9436537,WDF2493,31.0,0.0,46.0,15.0,6.5,57.0,B
338169577,2019-05-08T19:15:17,38.87436,-75.22437,6.3,157.3,511.0,JOANNE DAIBER,,,90.0,0.0,,,,,B
338019392,2019-05-08T19:13:48,39.17522,-75.05605,6.5,81.2,511.0,NORTHSTAR 10,,,90.0,0.0,15.0,6.0,2.0,90.0,B
367120230,2019-05-08T19:14:20,38.98473,-75.21593,0.1,116.5,511.0,SONIE,IMO9373723,WDD2812,31.0,0.0,24.0,9.0,4.0,52.0,B
366914210,2019-05-08T19:15:22,38.88824,-75.06853,12.4,-194.6,216.0,DELAWARE,IMO8990304,WYU8553,60.0,0.0,91.0,20.0,,,B
311000546,2019-05-08T19:15:47,38.90042,-75.14107,2.4,-76.5,330.0,,,,,4.0,,,,,B
311073800,2019-05-08T19:14:35,38.98416,-75.21522,0.0,114.7,10.0,EURO,IMO9567702,C6AA5,84.0,1.0,274.0,48.0,-11.5,84.0,A
367400050,2019-05-08T19:16:18,38.9003,-75.03001,3.5,202.5,511.0,CAPE MAY WHALE WATCH,,WDE7979,60.0,15.0,26.0,8.0,,,B
368058330,2019-05-08T19:14:49,39.13973,-75.07081,5.6,-180.9,511.0,PURPLE  HAYS,,WDC9127,52.0,0.0,24.0,8.0,3.0,52.0,B
338191464,2019-05-08T19:14:59,39.21204,-75.28055,5.5,154.2,511.0,DAY DREAMER,,,37.0,,,,,,B
256102000,2019-05-08T19:15:10,39.51295,-75.55362,14.9,194.1,194.0,ANTWERP TRADER,IMO9304746,9HA3819,70.0,0.0,211.0,29.0,11.4,70.0,B
338019392,2019-05-08T19:14:57,39.17547,-75.05344,6.3,83.0,511.0,NORTHSTAR 10,,,90.0,0.0,15.0,6.0,2.0,90.0,B
338478000,2019-05-08T19:15:08,39.16528,-75.2593,29.1,146.7,511.0,COMPLETELY KNOTS,IMO0000000,WDK3527,37.0,,28.0,17.0,,,B
338169577,2019-05-08T19:13:57,38.87556,-75.22517,2.8,-77.1,511.0,JOANNE DAIBER,,,90.0,0.0,,,,,A
538006702,2019-05-08T19:15:30,38.96442,-75.19693,0.1,77.1,346.0,NAMSEN,IMO9761528,V7QJ6,80.0,1.0,,,,,A
367120230,2019-05-08T19:15:32,38.98471,-75.21587,0.1,112.1,511.0,SONIE,IMO9373723,WDD2812,31.0,0.0,24.0,9.0,4.0,52.0,B
369235000,2019-05-08T19:16:23,38.98416,-75.21577,0.1,111.4,8.0,OSG VISION,IMO9436537,WDF2493,31.0,0.0,46.0,15.0,6.5,57.0,B
256102000,2019-05-08T19:16:16,39.5086,-75.55505,15.0,194.0,194.0,ANTWERP TRADER,IMO9304746,9HA3819,70.0,0.0,211.0,29.0,11.4,70.0,B
368058330,2019-05-08T19:15:57,39.13856,-75.07246,5.5,-178.3,511.0,PURPLE  HAYS,,WDC9127,52.0,0.0,24.0,8.0,3.0,52.0,B
538004030,2019-05-08T19:14:13,38.92625,-75.15898,0.1,34.5,348.0,FRIO,IMO9596985,V7UU3,80.0,1.0,274.0,48.0,17.1,89.0,A
338447000,2019-05-08T19:15:21,38.96429,-75.19748,0.1,91.3,345.0,OSG HORIZON,IMO9436549,WDF6180,31.0,0.0,46.0,15.0,6.5,57.0,B
366914190,2019-05-08T19:16:35,38.84707,-75.06293,11.2,10.4,11.0,NEW JERSEY,IMO8643078,WYU8850,60.0,0.0,86.0,20.0,,,B
338019392,2019-05-08T19:16:08,39.17564,-75.05075,6.5,86.0,511.0,NORTHSTAR 10,,,90.0,0.0,15.0,6.0,2.0,90.0,B
338478000,2019-05-08T19:17:39,39.14866,-75.24434,29.1,143.1,511.0,COMPLETELY KNOTS,IMO0000000,WDK3527,37.0,,28.0,17.0,,,B
338169577,2019-05-08T19:16:27,38.87249,-75.2235,6.2,166.7,511.0,JOANNE DAIBER,,,90.0,0.0,,,,,B
338447000,2019-05-08T19:16:31,38.9643,-75.19743,0.1,91.3,345.0,OSG HORIZON,IMO9436549,WDF6180,31.0,0.0,46.0,15.0,6.5,57.0,B
366914210,2019-05-08T19:16:32,38.88496,-75.07148,12.5,-193.8,217.0,DELAWARE,IMO8990304,WYU8553,60.0,0.0,91.0,20.0,,,B
367400050,2019-05-08T19:17:58,38.89874,-75.03096,3.7,191.7,511.0,CAPE MAY WHALE WATCH,,WDE7979,60.0,15.0,26.0,8.0,,,B
367120230,2019-05-08T19:16:41,38.98467,-75.21581,0.1,118.7,511.0,SONIE,IMO9373723,WDD2812,31.0,0.0,24.0,9.0,4.0,52.0,B
369235000,2019-05-08T19:18:13,38.98414,-75.21567,0.1,111.4,7.0,OSG VISION,IMO9436537,WDF2493,31.0,0.0,46.0,15.0,6.5,57.0,B
538004030,2019-05-08T19:17:13,38.92632,-75.15889,0.1,49.7,348.0,FRIO,IMO9596985,V7UU3,80.0,1.0,274.0,48.0,17.1,89.0,A
311000546,2019-05-08T19:16:57,38.90108,-75.14151,2.3,-77.4,330.0,,,,,4.0,,,,,B
368058330,2019-05-08T19:17:08,39.13777,-75.07441,5.1,-157.7,511.0,PURPLE  HAYS,,WDC9127,52.0,0.0,24.0,8.0,3.0,52.0,B
338447000,2019-05-08T19:17:41,38.96431,-75.1974,0.0,91.3,344.0,OSG HORIZON,IMO9436549,WDF6180,31.0,0.0,46.0,15.0,6.5,57.0,B
311073800,2019-05-08T19:17:34,38.98414,-75.21504,0.0,116.6,8.0,EURO,IMO9567702,C6AA5,84.0,1.0,274.0,48.0,-11.5,84.0,A
366914210,2019-05-08T19:17:42,38.88165,-75.07446,12.5,-195.1,215.0,DELAWARE,IMO8990304,WYU8553,60.0,0.0,91.0,20.0,,,B
338169577,2019-05-08T19:17:37,38.8707,-75.22253,3.5,137.8,511.0,JOANNE DAIBER,,,90.0,0.0,,,,,B
338019392,2019-05-08T19:17:17,39.17584,-75.04812,6.4,83.7,511.0,NORTHSTAR 10,,,90.0,0.0,15.0,6.0,2.0,90.0,B
311000546,2019-05-08T19:17:58,38.90163,-75.1419,2.2,-77.9,330.0,,,,,4.0,,,,,B
256102000,2019-05-08T19:17:22,39.50388,-75.55661,15.1,194.1,194.0,ANTWERP TRADER,IMO9304746,9HA3819,70.0,0.0,211.0,29.0,11.4,70.0,B
366914210,2019-05-08T19:19:22,38.87697,-75.07884,12.1,-193.3,216.0,DELAWARE,IMO8990304,WYU8553,60.0,0.0,91.0,20.0,,,B
368058330,2019-05-08T19:18:18,39.13699,-75.07625,5.0,-177.1,511.0,PURPLE  HAYS,,WDC9127,52.0,0.0,24.0,8.0,3.0,52.0,B
366914190,2019-05-08T19:17:44,38.8505,-75.06171,11.2,21.1,23.0,NEW JERSEY,IMO8643078,WYU8850,60.0,0.0,86.0,20.0,,,B
338019392,2019-05-08T19:18:29,39.1761,-75.04544,6.4,80.6,511.0,NORTHSTAR 10,,,90.0,0.0,15.0,6.0,2.0,90.0,B
367120230,2019-05-08T19:17:51,38.98469,-75.21581,0.1,119.2,511.0,SONIE,IMO9373723,WDD2812,31.0,0.0,24.0,9.0,4.0,52.0,B
256102000,2019-05-08T19:18:28,39.49946,-75.55808,15.2,194.7,194.0,ANTWERP TRADER,IMO9304746,9HA3819,70.0,0.0,211.0,29.0,11.4,70.0,B
369235000,2019-05-08T19:20:02,38.98413,-75.21557,0.1,111.4,5.0,OSG VISION,IMO9436537,WDF2493,31.0,0.0,46.0,15.0,6.5,57.0,B
366914190,2019-05-08T19:18:45,38.85339,-75.06024,11.1,17.1,17.0,NEW JERSEY,IMO8643078,WYU8850,60.0,0.0,86.0,20.0,,,B
367400050,2019-05-08T19:19:08,38.89745,-75.03155,4.7,191.5,511.0,CAPE MAY WHALE WATCH,,WDE7979,60.0,15.0,26.0,8.0,,,B
538006702,2019-05-08T19:18:35,38.96448,-75.1968,0.0,77.1,344.0,NAMSEN,IMO9761528,V7QJ6,80.0,1.0,,,,,A
338169577,2019-05-08T19:19:27,38.87043,-75.22253,1.0,-189.5,511.0,JOANNE DAIBER,,,90.0,0.0,,,,,B
338478000,2019-05-08T19:19:08,39.13927,-75.23466,29.4,140.6,511.0,COMPLETELY KNOTS,IMO0000000,WDK3527,37.0,,28.0,17.0,,,B
311000546,2019-05-08T19:19:07,38.90228,-75.14235,2.1,-78.2,330.0,,,,,4.0,,,,,B
367120230,2019-05-08T19:19:01,38.98466,-75.21574,0.1,111.9,511.0,SONIE,IMO9373723,WDD2812,31.0,0.0,24.0,9.0,4.0,52.0,B
256102000,2019-05-08T19:19:34,39.49501,-75.5596,15.3,194.9,194.0,ANTWERP TRADER,IMO9304746,9HA3819,70.0,0.0,211.0,29.0,11.4,70.0,B
256102000,2019-05-08T19:21:10,39.4884,-75.56179,15.7,194.4,194.0,ANTWERP TRADER,IMO9304746,9HA3819,70.0,0.0,211.0,29.0,11.4,70.0,B
369235000,2019-05-08T19:21:33,38.98411,-75.21551,0.1,111.4,4.0,OSG VISION,IMO9436537,WDF2493,31.0,0.0,46.0,15.0,6.5,57.0,B
368058330,2019-05-08T19:19:37,39.13596,-75.07833,4.9,-160.7,511.0,PURPLE  HAYS,,WDC9127,52.0,0.0,24.0,8.0,3.0,52.0,B
338447000,2019-05-08T19:20:01,38.96434,-75.19729,0.0,91.3,343.0,OSG HORIZON,IMO9436549,WDF6180,31.0,0.0,46.0,15.0,6.5,57.0,B
311000546,2019-05-08T19:21:18,38.90351,-75.14323,2.3,-78.4,330.0,,,,,4.0,,,,,B
338447000,2019-05-08T19:21:41,38.96435,-75.19724,0.0,91.3,342.0,OSG HORIZON,IMO9436549,WDF6180,31.0,0.0,46.0,15.0,6.5,57.0,B
367120230,2019-05-08T19:20:12,38.98461,-75.21566,0.1,114.1,511.0,SONIE,IMO9373723,WDD2812,31.0,0.0,24.0,9.0,4.0,52.0,B
366914190,2019-05-08T19:21:34,38.86142,-75.05655,10.3,15.4,17.0,NEW JERSEY,IMO8643078,WYU8850,60.0,0.0,86.0,20.0,,,B
538004030,2019-05-08T19:20:17,38.92639,-75.15875,0.0,93.2,344.0,FRIO,IMO9596985,V7UU3,80.0,1.0,274.0,48.0,17.1,89.0,A
338447000,2019-05-08T19:18:52,38.96429,-75.19733,0.0,91.3,343.0,OSG HORIZON,IMO9436549,WDF6180,31.0,0.0,46.0,15.0,6.5,57.0,B
338169577,2019-05-08T19:20:38,38.8703,-75.22269,0.8,-156.0,511.0,JOANNE DAIBER,,,90.0,0.0,,,,,B
311000546,2019-05-08T19:22:27,38.90413,-75.14372,2.1,-80.8,331.0,,,,,4.0,,,,,B
338191464,2019-05-08T19:20:30,39.20417,-75.27628,5.4,157.4,511.0,DAY DREAMER,,,37.0,,,,,,B
366914210,2019-05-08T19:20:23,38.87421,-75.08127,12.0,-198.8,211.0,DELAWARE,IMO8990304,WYU8553,60.0,0.0,91.0,20.0,,,B
368058330,2019-05-08T19:20:48,39.13526,-75.08021,5.1,-179.7,511.0,PURPLE  HAYS,,WDC9127,52.0,0.0,24.0,8.0,3.0,52.0,B
338019392,2019-05-08T19:20:48,39.17703,-75.04032,6.2,68.6,511.0,NORTHSTAR 10,,,90.0,0.0,15.0,6.0,2.0,90.0,B
311073800,2019-05-08T19:20:32,38.9841,-75.21488,0.0,108.0,5.0,EURO,IMO9567702,C6AA5,84.0,1.0,274.0,48.0,-11.5,84.0,A
367120230,2019-05-08T19:22:41,38.98455,-75.21552,0.1,100.0,511.0,SONIE,IMO9373723,WDD2812,31.0,0.0,24.0,9.0,4.0,52.0,B
338478000,2019-05-08T19:21:09,39.12635,-75.22156,29.2,141.7,511.0,COMPLETELY KNOTS,IMO0000000,WDK3527,37.0,,28.0,17.0,,,B
538006702,2019-05-08T19:21:29,38.96449,-75.19675,0.0,77.1,343.0,NAMSEN,IMO9761528,V7QJ6,80.0,1.0,,,,,A
366914210,2019-05-08T19:21:32,38.87081,-75.08374,12.2,-201.0,210.0,DELAWARE,IMO8990304,WYU8553,60.0,0.0,91.0,20.0,,,B
338169577,2019-05-08T19:21:57,38.87016,-75.22284,0.0,-167.8,511.0,JOANNE DAIBER,,,90.0,0.0,,,,,B
338019392,2019-05-08T19:19:38,39.1764,-75.04282,6.4,81.5,511.0,NORTHSTAR 10,,,90.0,0.0,15.0,6.0,2.0,90.0,B
338019392,2019-05-08T19:23:39,39.18106,-75.03851,5.6,12.0,511.0,NORTHSTAR 10,,,90.0,0.0,15.0,6.0,2.0,90.0,B
368058330,2019-05-08T19:21:58,39.13421,-75.08186,5.1,-169.0,511.0,PURPLE  HAYS,,WDC9127,52.0,0.0,24.0,8.0,3.0,52.0,B
240463000,2019-05-08T19:22:05,38.93908,-75.17023,0.0,103.0,344.0,BOUBOULINA,IMO9298753,SZIS,80.0,1.0,274.0,50.0,17.0,80.0,A
311000546,2019-05-08T19:24:18,38.90512,-75.14451,2.2,-78.0,340.0,,,,,4.0,,,,,B
366914190,2019-05-08T19:19:54,38.8567,-75.05881,10.8,23.1,21.0,NEW JERSEY,IMO8643078,WYU8850,60.0,0.0,86.0,20.0,,,B
366914210,2019-05-08T19:22:42,38.86727,-75.08629,12.3,-199.3,213.0,DELAWARE,IMO8990304,WYU8553,60.0,0.0,91.0,20.0,,,B
338447000,2019-05-08T19:24:22,38.96435,-75.19717,0.0,91.3,340.0,OSG HORIZON,IMO9436549,WDF6180,31.0,0.0,46.0,15.0,6.5,57.0,B
366914190,2019-05-08T19:23:45,38.86753,-75.05374,10.7,20.8,22.0,NEW JERSEY,IMO8643078,WYU8850,60.0,0.0,86.0,20.0,,,B
538006702,2019-05-08T19:24:34,38.96451,-75.19666,0.0,77.1,341.0,NAMSEN,IMO9761528,V7QJ6,80.0,1.0,,,,,A
538004030,2019-05-08T19:23:15,38.92636,-75.15866,0.1,129.5,342.0,FRIO,IMO9596985,V7UU3,80.0,1.0,274.0,48.0,17.1,89.0,A
338169577,2019-05-08T19:23:08,38.87007,-75.223,3.5,-59.1,511.0,JOANNE DAIBER,,,90.0,0.0,,,,,B
369235000,2019-05-08T19:25:12,38.98403,-75.21527,0.1,111.4,1.0,OSG VISION,IMO9436537,WDF2493,31.0,0.0,46.0,15.0,6.5,57.0,B
256102000,2019-05-08T19:25:22,39.47012,-75.56301,16.4,174.0,173.0,ANTWERP TRADER,IMO9304746,9HA3819,70.0,0.0,211.0,29.0,11.4,70.0,B
311000546,2019-05-08T19:25:27,38.90578,-75.14478,2.0,-65.9,341.0,,,,,4.0,,,,,B
338019392,2019-05-08T19:25:28,39.18394,-75.0376,5.8,11.5,511.0,NORTHSTAR 10,,,90.0,0.0,15.0,6.0,2.0,90.0,B
338478000,2019-05-08T19:24:07,39.1065,-75.20364,29.6,149.0,511.0,COMPLETELY KNOTS,IMO0000000,WDK3527,37.0,,28.0,17.0,,,B
366914210,2019-05-08T19:23:43,38.86429,-75.08845,12.3,-200.8,211.0,DELAWARE,IMO8990304,WYU8553,60.0,0.0,91.0,20.0,,,B
338447000,2019-05-08T19:25:41,38.96439,-75.19715,0.0,91.3,340.0,OSG HORIZON,IMO9436549,WDF6180,31.0,0.0,46.0,15.0,6.5,57.0,B
311073800,2019-05-08T19:23:33,38.98408,-75.21472,0.1,97.9,2.0,EURO,IMO9567702,C6AA5,84.0,1.0,274.0,48.0,-11.5,84.0,A
367120230,2019-05-08T19:24:00,38.98459,-75.21553,0.1,101.5,511.0,SONIE,IMO9373723,WDD2812,31.0,0.0,24.0,9.0,4.0,52.0,B
366914210,2019-05-08T19:26:11,38.85677,-75.09377,12.5,-202.0,210.0,DELAWARE,IMO8990304,WYU8553,60.0,0.0,91.0,20.0,,,B
338169577,2019-05-08T19:24:17,38.87178,-75.22197,6.8,0.0,511.0,JOANNE DAIBER,,,90.0,0.0,,,,,B
256102000,2019-05-08T19:26:40,39.4639,-75.5623,16.8,174.3,173.0,ANTWERP TRADER,IMO9304746,9HA3819,70.0,0.0,211.0,29.0,11.4,70.0,B
368058330,2019-05-08T19:24:19,39.1326,-75.08565,5.0,-155.5,511.0,PURPLE  HAYS,,WDC9127,52.0,0.0,24.0,8.0,3.0,52.0,B
367120230,2019-05-08T19:26:11,38.98453,-75.21538,0.1,111.7,511.0,SONIE,IMO9373723,WDD2812,31.0,0.0,24.0,9.0,4.0,52.0,B
366914190,2019-05-08T19:24:55,38.87075,-75.0523,10.5,17.4,19.0,NEW JERSEY,IMO8643078,WYU8850,60.0,0.0,86.0,20.0,,,B
338447000,2019-05-08T19:23:01,38.96434,-75.19724,0.0,91.3,341.0,OSG HORIZON,IMO9436549,WDF6180,31.0,0.0,46.0,15.0,6.5,57.0,B
338169577,2019-05-08T19:25:38,38.87317,-75.22307,4.4,-155.5,511.0,JOANNE DAIBER,,,90.0,0.0,,,,,B
368058330,2019-05-08T19:25:38,39.13168,-75.08776,5.1,-170.3,511.0,PURPLE  HAYS,,WDC9127,52.0,0.0,24.0,8.0,3.0,52.0,B
538004030,2019-05-08T19:26:15,38.92631,-75.15863,0.2,177.7,339.0,FRIO,IMO9596985,V7UU3,80.0,1.0,274.0,48.0,17.1,89.0,A
256102000,2019-05-08T19:23:22,39.47902,-75.56399,15.7,178.3,175.0,ANTWERP TRADER,IMO9304746,9HA3819,70.0,0.0,211.0,29.0,11.4,70.0,B
338478000,2019-05-08T19:22:39,39.11652,-75.21214,29.4,144.4,511.0,COMPLETELY KNOTS,IMO0000000,WDK3527,37.0,,28.0,17.0,,,B
369235000,2019-05-08T19:22:43,38.98408,-75.21543,0.1,111.4,3.0,OSG VISION,IMO9436537,WDF2493,31.0,0.0,46.0,15.0,6.5,57.0,B
338191464,2019-05-08T19:23:00,39.20063,-75.27434,6.5,154.0,511.0,DAY DREAMER,,,37.0,,,,,,B
368058330,2019-05-08T19:23:08,39.13341,-75.08374,5.2,-175.5,511.0,PURPLE  HAYS,,WDC9127,52.0,0.0,24.0,8.0,3.0,52.0,B
338019392,2019-05-08T19:26:39,39.18581,-75.03733,5.9,2.6,511.0,NORTHSTAR 10,,,90.0,0.0,15.0,6.0,2.0,90.0,B
240463000,2019-05-08T19:25:03,38.93905,-75.17023,0.0,103.0,343.0,BOUBOULINA,IMO9298753,SZIS,80.0,1.0,274.0,50.0,17.0,80.0,A
311073800,2019-05-08T19:26:33,38.98407,-75.21454,0.1,99.7,0.0,EURO,IMO9567702,C6AA5,84.0,1.0,274.0,48.0,-11.5,84.0,A
366914190,2019-05-08T19:26:06,38.87401,-75.05067,10.5,18.5,18.0,NEW JERSEY,IMO8643078,WYU8850,60.0,0.0,86.0,20.0,,,B
369235000,2019-05-08T19:27:43,38.98402,-75.21515,0.1,111.4,359.0,OSG VISION,IMO9436537,WDF2493,31.0,0.0,46.0,15.0,6.5,57.0,B
256102000,2019-05-08T19:27:46,39.45885,-75.56154,17.1,170.3,159.0,ANTWERP TRADER,IMO9304746,9HA3819,70.0,0.0,211.0,29.0,11.4,70.0,A
311000546,2019-05-08T19:27:58,38.90727,-75.14528,2.1,-64.1,340.0,,,,,4.0,,,,,B
338478000,2019-05-08T19:28:07,39.07777,-75.18286,29.8,158.9,511.0,COMPLETELY KNOTS,IMO0000000,WDK3527,37.0,,28.0,17.0,,,B
338447000,2019-05-08T19:28:22,38.96437,-75.19704,0.0,91.3,338.0,OSG HORIZON,IMO9436549,WDF6180,31.0,0.0,46.0,15.0,6.5,57.0,B
338019392,2019-05-08T19:28:28,39.18876,-75.03742,5.9,-63.4,511.0,NORTHSTAR 10,,,90.0,0.0,15.0,6.0,2.0,90.0,B
366914210,2019-05-08T19:28:42,38.84905,-75.09884,12.4,-202.3,213.0,DELAWARE,IMO8990304,WYU8553,60.0,0.0,91.0,20.0,,,B
338169577,2019-05-08T19:28:07,38.87215,-75.22691,2.5,33.2,511.0,JOANNE DAIBER,,,90.0,0.0,,,,,B
368058330,2019-05-08T19:26:48,39.13078,-75.08963,5.4,-174.9,511.0,PURPLE  HAYS,,WDC9127,52.0,0.0,24.0,8.0,3.0,52.0,B
367120230,2019-05-08T19:27:21,38.98448,-75.21527,0.1,99.1,511.0,SONIE,IMO9373723,WDD2812,31.0,0.0,24.0,9.0,4.0,52.0,B
311073800,2019-05-08T19:29:34,38.98409,-75.21442,0.0,96.9,358.0,EURO,IMO9567702,C6AA5,84.0,1.0,274.0,48.0,-11.5,84.0,A
256102000,2019-05-08T19:29:22,39.45241,-75.55713,16.6,141.9,139.0,ANTWERP TRADER,IMO9304746,9HA3819,70.0,0.0,211.0,29.0,11.4,70.0,B
311000546,2019-05-08T19:29:27,38.90812,-75.14557,2.2,-63.8,340.0,,,,,4.0,,,,,B
366914190,2019-05-08T19:27:15,38.87721,-75.04927,10.4,19.9,21.0,NEW JERSEY,IMO8643078,WYU8850,60.0,0.0,86.0,20.0,,,B
369235000,2019-05-08T19:29:43,38.98401,-75.21504,0.1,111.4,357.0,OSG VISION,IMO9436537,WDF2493,31.0,0.0,46.0,15.0,6.5,57.0,B
368058330,2019-05-08T19:27:59,39.12989,-75.09152,5.1,-157.7,511.0,PURPLE  HAYS,,WDC9127,52.0,0.0,24.0,8.0,3.0,52.0,B
538006702,2019-05-08T19:27:30,38.96455,-75.19655,0.0,77.1,339.0,NAMSEN,IMO9761528,V7QJ6,80.0,1.0,,,,,A
311000546,2019-05-08T19:30:37,38.90883,-75.14572,2.0,-59.3,336.0,,,,,4.0,,,,,B
338019392,2019-05-08T19:30:37,39.19219,-75.03833,5.9,-65.6,511.0,NORTHSTAR 10,,,90.0,0.0,15.0,6.0,2.0,90.0,B
338191464,2019-05-08T19:28:30,39.19245,-75.26977,5.3,151.1,511.0,DAY DREAMER,,,37.0,,,,,,B
366914190,2019-05-08T19:28:24,38.88043,-75.04774,10.7,18.4,17.0,NEW JERSEY,IMO8643078,WYU8850,60.0,0.0,86.0,20.0,,,B
367120230,2019-05-08T19:28:41,38.98452,-75.21528,0.1,96.9,511.0,SONIE,IMO9373723,WDD2812,31.0,0.0,24.0,9.0,4.0,52.0,B
338478000,2019-05-08T19:29:08,39.06997,-75.17888,29.8,158.1,511.0,COMPLETELY KNOTS,IMO0000000,WDK3527,37.0,,28.0,17.0,,,B
240463000,2019-05-08T19:28:05,38.93905,-75.17023,0.0,103.0,343.0,BOUBOULINA,IMO9298753,SZIS,80.0,1.0,274.0,50.0,17.0,80.0,A
366914190,2019-05-08T19:29:35,38.88362,-75.0462,10.5,23.4,23.0,NEW JERSEY,IMO8643078,WYU8850,60.0,0.0,86.0,20.0,,,B
369235000,2019-05-08T19:31:22,38.984,-75.21497,0.1,111.4,357.0,OSG VISION,IMO9436537,WDF2493,31.0,0.0,46.0,15.0,6.5,57.0,B
538004030,2019-05-08T19:29:16,38.92626,-75.15869,0.2,-194.9,337.0,FRIO,IMO9596985,V7UU3,80.0,1.0,274.0,48.0,17.1,89.0,A
338169577,2019-05-08T19:29:17,38.87226,-75.22633,5.5,79.0,511.0,JOANNE DAIBER,,,90.0,0.0,,,,,B
338447000,2019-05-08T19:29:31,38.96435,-75.19701,0.0,91.3,337.0,OSG HORIZON,IMO9436549,WDF6180,31.0,0.0,46.0,15.0,6.5,57.0,B
368058330,2019-05-08T19:30:18,39.12848,-75.09534,5.3,-169.3,511.0,PURPLE  HAYS,,WDC9127,52.0,0.0,24.0,8.0,3.0,52.0,B
367120230,2019-05-08T19:30:02,38.98451,-75.21519,0.1,88.9,511.0,SONIE,IMO9373723,WDD2812,31.0,0.0,24.0,9.0,4.0,52.0,B
366914210,2019-05-08T19:29:51,38.84548,-75.10116,12.3,-202.9,212.0,DELAWARE,IMO8990304,WYU8553,60.0,0.0,91.0,20.0,,,B
538006702,2019-05-08T19:30:32,38.96455,-75.19645,0.0,77.1,337.0,NAMSEN,IMO9761528,V7QJ6,80.0,1.0,,,,,A
311000546,2019-05-08T19:32:37,38.90992,-75.14623,1.9,-74.6,332.0,,,,,4.0,,,,,B
368058330,2019-05-08T19:29:08,39.12937,-75.09346,5.1,-170.4,511.0,PURPLE  HAYS,,WDC9127,52.0,0.0,24.0,8.0,3.0,52.0,B
366914190,2019-05-08T19:32:44,38.89233,-75.04218,10.4,19.1,21.0,NEW JERSEY,IMO8643078,WYU8850,60.0,0.0,86.0,20.0,,,B
338169577,2019-05-08T19:30:29,38.87289,-75.22436,4.5,80.0,511.0,JOANNE DAIBER,,,90.0,0.0,,,,,B
338447000,2019-05-08T19:33:21,38.96432,-75.19687,0.0,91.3,334.0,OSG HORIZON,IMO9436549,WDF6180,31.0,0.0,46.0,15.0,6.5,57.0,B
366914210,2019-05-08T19:31:01,38.84195,-75.10339,11.9,-202.5,212.0,DELAWARE,IMO8990304,WYU8553,60.0,0.0,91.0,20.0,,,B
367120230,2019-05-08T19:32:52,38.98444,-75.215,0.1,95.1,511.0,SONIE,IMO9373723,WDD2812,31.0,0.0,24.0,9.0,4.0,52.0,B
256102000,2019-05-08T19:31:52,39.44361,-75.5471,17.2,138.3,137.0,ANTWERP TRADER,IMO9304746,9HA3819,70.0,0.0,211.0,29.0,11.4,70.0,B
338447000,2019-05-08T19:30:42,38.96435,-75.19695,0.0,91.3,336.0,OSG HORIZON,IMO9436549,WDF6180,31.0,0.0,46.0,15.0,6.5,57.0,B
256102000,2019-05-08T19:33:52,39.43653,-75.53865,17.4,136.9,137.0,ANTWERP TRADER,IMO9304746,9HA3819,70.0,0.0,211.0,29.0,11.4,70.0,B
338478000,2019-05-08T19:31:07,39.05445,-75.171,29.9,158.2,511.0,COMPLETELY KNOTS,IMO0000000,WDK3527,37.0,,28.0,17.0,,,B
240463000,2019-05-08T19:31:03,38.93907,-75.1703,0.0,103.0,343.0,BOUBOULINA,IMO9298753,SZIS,80.0,1.0,274.0,50.0,17.0,80.0,A
366914210,2019-05-08T19:33:51,38.83367,-75.10886,11.2,203.7,198.0,DELAWARE,IMO8990304,WYU8553,60.0,0.0,91.0,20.0,,,B
366914190,2019-05-08T19:33:55,38.89555,-75.04061,10.3,22.3,19.0,NEW JERSEY,IMO8643078,WYU8850,60.0,0.0,86.0,20.0,,,B
368058330,2019-05-08T19:31:28,39.12756,-75.09722,5.4,-172.1,511.0,PURPLE  HAYS,,WDC9127,52.0,0.0,24.0,8.0,3.0,52.0,B
338169577,2019-05-08T19:31:38,38.87345,-75.22262,2.2,-68.7,511.0,JOANNE DAIBER,,,90.0,0.0,,,,,B
369235000,2019-05-08T19:32:43,38.98398,-75.21492,0.1,111.4,356.0,OSG VISION,IMO9436537,WDF2493,31.0,0.0,46.0,15.0,6.5,57.0,B
369235000,2019-05-08T19:34:43,38.98403,-75.21486,0.1,111.4,354.0,OSG VISION,IMO9436537,WDF2493,31.0,0.0,46.0,15.0,6.5,57.0,B
338019392,2019-05-08T19:31:49,39.19406,-75.03893,5.8,-61.3,511.0,NORTHSTAR 10,,,90.0,0.0,15.0,6.0,2.0,90.0,B
538004030,2019-05-08T19:32:14,38.9262,-75.15885,0.1,-167.3,339.0,FRIO,IMO9596985,V7UU3,80.0,1.0,274.0,48.0,17.1,89.0,A
338478000,2019-05-08T19:32:08,39.04664,-75.16705,30.1,158.9,511.0,COMPLETELY KNOTS,IMO0000000,WDK3527,37.0,,28.0,17.0,,,B
338447000,2019-05-08T19:35:00,38.96429,-75.19683,0.0,91.3,333.0,OSG HORIZON,IMO9436549,WDF6180,31.0,0.0,46.0,15.0,6.5,57.0,B
338169577,2019-05-08T19:35:07,38.87298,-75.22653,4.7,83.5,511.0,JOANNE DAIBER,,,90.0,0.0,,,,,B
368058330,2019-05-08T19:32:29,39.12684,-75.09895,5.5,-166.6,511.0,PURPLE  HAYS,,WDC9127,52.0,0.0,24.0,8.0,3.0,52.0,B
366914210,2019-05-08T19:35:01,38.83008,-75.11012,11.8,193.8,195.0,DELAWARE,IMO8990304,WYU8553,60.0,0.0,91.0,20.0,,,B
256102000,2019-05-08T19:35:16,39.4315,-75.5326,17.6,137.0,137.0,ANTWERP TRADER,IMO9304746,9HA3819,70.0,0.0,211.0,29.0,11.4,70.0,B
311073800,2019-05-08T19:32:35,38.9841,-75.21425,0.1,89.0,356.0,EURO,IMO9567702,C6AA5,84.0,1.0,274.0,48.0,-11.5,84.0,A
338019392,2019-05-08T19:32:59,39.19593,-75.03935,5.8,-60.0,511.0,NORTHSTAR 10,,,90.0,0.0,15.0,6.0,2.0,90.0,B
368058330,2019-05-08T19:35:38,39.12431,-75.10413,5.4,-178.2,511.0,PURPLE  HAYS,,WDC9127,52.0,0.0,24.0,8.0,3.0,52.0,B
338019392,2019-05-08T19:35:47,39.20034,-75.04085,5.9,-66.7,511.0,NORTHSTAR 10,,,90.0,0.0,15.0,6.0,2.0,90.0,B
538006702,2019-05-08T19:33:31,38.96452,-75.19634,0.0,77.1,335.0,NAMSEN,IMO9761528,V7QJ6,80.0,1.0,,,,,A
369235000,2019-05-08T19:36:22,38.984,-75.21475,0.1,111.4,353.0,OSG VISION,IMO9436537,WDF2493,31.0,0.0,46.0,15.0,6.5,57.0,B
338478000,2019-05-08T19:33:38,39.03496,-75.16106,29.8,158.2,511.0,COMPLETELY KNOTS,IMO0000000,WDK3527,37.0,,28.0,17.0,,,B
338447000,2019-05-08T19:36:32,38.9643,-75.1968,0.0,91.3,332.0,OSG HORIZON,IMO9436549,WDF6180,31.0,0.0,46.0,15.0,6.5,57.0,B
311000546,2019-05-08T19:33:46,38.91049,-75.14663,1.9,-77.4,333.0,,,,,4.0,,,,,B
367120230,2019-05-08T19:36:32,38.98445,-75.21488,0.1,105.6,511.0,SONIE,IMO9373723,WDD2812,31.0,0.0,24.0,9.0,4.0,52.0,B
366914210,2019-05-08T19:36:32,38.82521,-75.11162,11.5,193.4,196.0,DELAWARE,IMO8990304,WYU8553,60.0,0.0,91.0,20.0,,,B
256102000,2019-05-08T19:37:16,39.4243,-75.52399,17.7,137.1,137.0,ANTWERP TRADER,IMO9304746,9HA3819,70.0,0.0,211.0,29.0,11.4,70.0,B
240463000,2019-05-08T19:34:03,38.93905,-75.17027,0.0,103.0,342.0,BOUBOULINA,IMO9298753,SZIS,80.0,1.0,274.0,50.0,17.0,80.0,A
369235000,2019-05-08T19:37:32,38.98394,-75.21462,0.1,111.4,353.0,OSG VISION,IMO9436537,WDF2493,31.0,0.0,46.0,15.0,6.5,57.0,B
366914190,2019-05-08T19:37:14,38.90469,-75.03633,10.7,24.2,26.0,NEW JERSEY,IMO8643078,WYU8850,60.0,0.0,86.0,20.0,,,B
338478000,2019-05-08T19:34:40,39.02701,-75.15693,30.1,156.5,511.0,COMPLETELY KNOTS,IMO0000000,WDK3527,37.0,,28.0,17.0,,,B
538004030,2019-05-08T19:35:14,38.92616,-75.15903,0.1,-168.6,343.0,FRIO,IMO9596985,V7UU3,80.0,1.0,274.0,48.0,17.1,89.0,A
338478000,2019-05-08T19:36:08,39.01573,-75.15089,30.0,157.9,511.0,COMPLETELY KNOTS,IMO0000000,WDK3527,37.0,,28.0,17.0,,,B
311000546,2019-05-08T19:36:07,38.91161,-75.14733,1.8,-73.5,331.0,,,,,4.0,,,,,B
311073800,2019-05-08T19:35:35,38.9841,-75.21411,0.1,101.5,354.0,EURO,IMO9567702,C6AA5,84.0,1.0,274.0,48.0,-11.5,84.0,A
338169577,2019-05-08T19:36:17,38.87306,-75.22432,6.4,84.0,511.0,JOANNE DAIBER,,,90.0,0.0,,,,,B
538006702,2019-05-08T19:36:34,38.96449,-75.19629,0.0,77.1,333.0,NAMSEN,IMO9761528,V7QJ6,80.0,1.0,,,,,A
338019392,2019-05-08T19:36:59,39.20223,-75.04162,5.9,-62.5,511.0,NORTHSTAR 10,,,90.0,0.0,15.0,6.0,2.0,90.0,B
368058330,2019-05-08T19:36:47,39.12327,-75.10588,5.5,-180.5,511.0,PURPLE  HAYS,,WDC9127,52.0,0.0,24.0,8.0,3.0,52.0,B
240463000,2019-05-08T19:37:03,38.93903,-75.17022,0.0,103.0,341.0,BOUBOULINA,IMO9298753,SZIS,80.0,1.0,274.0,50.0,17.0,80.0,A
338169577,2019-05-08T19:37:18,38.87365,-75.2221,5.2,71.5,511.0,JOANNE DAIBER,,,90.0,0.0,,,,,B
338478000,2019-05-08T19:37:38,39.00422,-75.14454,30.2,156.3,511.0,COMPLETELY KNOTS,IMO0000000,WDK3527,37.0,,28.0,17.0,,,B
311000546,2019-05-08T19:34:58,38.91105,-75.14702,1.9,-75.3,333.0,,,,,4.0,,,,,B
367090580,2019-05-08T19:38:54,38.81304,-75.09524,22.8,-83.2,511.0,BIG STONE 5,,WSE3119,60.0,0.0,15.0,4.0,,50.0,B
256102000,2019-05-08T19:38:58,39.41795,-75.51638,17.8,137.0,137.0,ANTWERP TRADER,IMO9304746,9HA3819,70.0,0.0,211.0,29.0,11.4,70.0,B
369235000,2019-05-08T19:38:53,38.98397,-75.21461,0.1,111.4,352.0,OSG VISION,IMO9436537,WDF2493,31.0,0.0,46.0,15.0,6.5,57.0,B
366914210,2019-05-08T19:39:21,38.81605,-75.11469,11.8,196.0,199.0,DELAWARE,IMO8990304,WYU8553,60.0,0.0,91.0,20.0,,,B
366914190,2019-05-08T19:39:14,38.90986,-75.03252,10.9,28.6,31.0,NEW JERSEY,IMO8643078,WYU8850,60.0,0.0,86.0,20.0,,,B
311000546,2019-05-08T19:39:57,38.91249,-75.14836,0.7,-119.5,345.0,,,,,4.0,,,,,B
367120230,2019-05-08T19:39:31,38.98439,-75.21474,0.1,112.4,511.0,SONIE,IMO9373723,WDD2812,31.0,0.0,24.0,9.0,4.0,52.0,B
338447000,2019-05-08T19:39:32,38.96424,-75.19677,0.0,91.3,332.0,OSG HORIZON,IMO9436549,WDF6180,31.0,0.0,46.0,15.0,6.5,57.0,B
369235000,2019-05-08T19:40:53,38.98392,-75.2145,0.1,111.4,351.0,OSG VISION,IMO9436537,WDF2493,31.0,0.0,46.0,15.0,6.5,57.0,B
338019392,2019-05-08T19:41:07,39.20766,-75.03801,5.6,45.5,511.0,NORTHSTAR 10,,,90.0,0.0,15.0,6.0,2.0,90.0,B
256102000,2019-05-08T19:40:58,39.4107,-75.50769,17.9,136.9,137.0,ANTWERP TRADER,IMO9304746,9HA3819,70.0,0.0,211.0,29.0,11.4,70.0,B
538004030,2019-05-08T19:41:16,38.92618,-75.15912,0.1,45.2,351.0,FRIO,IMO9596985,V7UU3,80.0,1.0,274.0,48.0,17.1,89.0,A
368058330,2019-05-08T19:40:47,39.11978,-75.11231,5.5,-172.6,511.0,PURPLE  HAYS,,WDC9127,52.0,0.0,24.0,8.0,3.0,52.0,B
367090580,2019-05-08T19:41:10,38.8211,-75.11105,23.9,-108.6,511.0,BIG STONE 5,,WSE3119,60.0,0.0,15.0,4.0,,50.0,B
338169577,2019-05-08T19:38:28,38.87414,-75.2194,7.8,83.8,511.0,JOANNE DAIBER,,,90.0,0.0,,,,,B
311073800,2019-05-08T19:38:34,38.98404,-75.21394,0.1,110.1,353.0,EURO,IMO9567702,C6AA5,84.0,1.0,274.0,48.0,-11.5,84.0,A
338478000,2019-05-08T19:39:08,38.99267,-75.13823,30.4,156.1,511.0,COMPLETELY KNOTS,IMO0000000,WDK3527,37.0,,28.0,17.0,,,B
338447000,2019-05-08T19:42:32,38.96419,-75.19676,0.0,91.3,333.0,OSG HORIZON,IMO9436549,WDF6180,31.0,0.0,46.0,15.0,6.5,57.0,B
369235000,2019-05-08T19:42:43,38.98391,-75.21438,0.2,111.0,350.0,OSG VISION,IMO9436537,WDF2493,31.0,0.0,46.0,15.0,6.5,57.0,B
338169577,2019-05-08T19:39:38,38.8746,-75.21644,6.1,79.1,511.0,JOANNE DAIBER,,,90.0,0.0,,,,,B
366914210,2019-05-08T19:42:21,38.8067,-75.11746,11.3,194.1,199.0,DELAWARE,IMO8990304,WYU8553,60.0,0.0,91.0,20.0,,,B
338169577,2019-05-08T19:42:58,38.87257,-75.21287,2.8,49.7,511.0,JOANNE DAIBER,,,90.0,0.0,,,,,B
538006702,2019-05-08T19:39:32,38.96449,-75.19628,0.0,77.1,333.0,NAMSEN,IMO9761528,V7QJ6,80.0,1.0,,,,,A
240463000,2019-05-08T19:40:05,38.93903,-75.1702,0.0,103.0,340.0,BOUBOULINA,IMO9298753,SZIS,80.0,1.0,274.0,50.0,17.0,80.0,A
367120230,2019-05-08T19:42:22,38.98436,-75.21462,0.2,122.1,511.0,SONIE,IMO9373723,WDD2812,31.0,0.0,24.0,9.0,4.0,52.0,B
367120230,2019-05-08T19:43:32,38.98432,-75.21455,0.2,121.9,511.0,SONIE,IMO9373723,WDD2812,31.0,0.0,24.0,9.0,4.0,52.0,B
366914190,2019-05-08T19:40:25,38.91293,-75.03018,10.7,29.0,27.0,NEW JERSEY,IMO8643078,WYU8850,60.0,0.0,86.0,20.0,,,B
367090580,2019-05-08T19:42:58,38.83022,-75.12064,24.0,-75.9,511.0,BIG STONE 5,,WSE3119,60.0,0.0,15.0,4.0,,50.0,B
311000546,2019-05-08T19:41:08,38.91248,-75.14856,0.7,-146.4,356.0,,,,,4.0,,,,,B
367090580,2019-05-08T19:44:08,38.83713,-75.12454,22.9,-76.6,511.0,BIG STONE 5,,WSE3119,60.0,0.0,15.0,4.0,,50.0,B
256102000,2019-05-08T19:42:58,39.40322,-75.49918,18.0,139.1,139.0,ANTWERP TRADER,IMO9304746,9HA3819,70.0,0.0,211.0,29.0,11.4,70.0,B
366914210,2019-05-08T19:44:38,38.79978,-75.11926,10.6,172.9,168.0,DELAWARE,IMO8990304,WYU8553,60.0,0.0,91.0,20.0,,,A
366914190,2019-05-08T19:41:36,38.91595,-75.02787,10.8,34.0,32.0,NEW JERSEY,IMO8643078,WYU8850,60.0,0.0,86.0,20.0,,,B
368058330,2019-05-08T19:44:07,39.11704,-75.11775,5.2,-166.1,511.0,PURPLE  HAYS,,WDC9127,52.0,0.0,24.0,8.0,3.0,52.0,B
256102000,2019-05-08T19:44:40,39.39693,-75.49213,17.9,138.7,139.0,ANTWERP TRADER,IMO9304746,9HA3819,70.0,0.0,211.0,29.0,11.4,70.0,B
367090580,2019-05-08T19:45:22,38.84452,-75.12823,23.6,-68.1,511.0,BIG STONE 5,,WSE3119,60.0,0.0,15.0,4.0,,50.0,B
311000546,2019-05-08T19:42:17,38.91241,-75.14865,0.8,-190.0,5.0,,,,,4.0,,,,,B
367120230,2019-05-08T19:45:22,38.9843,-75.21448,0.2,121.9,511.0,SONIE,IMO9373723,WDD2812,31.0,0.0,24.0,9.0,4.0,52.0,B
338478000,2019-05-08T19:40:39,38.98127,-75.13081,30.4,147.4,511.0,COMPLETELY KNOTS,IMO0000000,WDK3527,37.0,,28.0,17.0,,,B
256102000,2019-05-08T19:46:16,39.39099,-75.48549,17.9,139.3,139.0,ANTWERP TRADER,IMO9304746,9HA3819,70.0,0.0,211.0,29.0,11.4,70.0,B
368058330,2019-05-08T19:45:47,39.11603,-75.12064,5.2,-163.4,511.0,PURPLE  HAYS,,WDC9127,52.0,0.0,24.0,8.0,3.0,52.0,B
369235000,2019-05-08T19:44:02,38.98389,-75.2143,0.2,106.0,348.0,OSG VISION,IMO9436537,WDF2493,31.0,0.0,46.0,15.0,6.5,57.0,B
240463000,2019-05-08T19:43:05,38.93902,-75.17025,0.0,103.0,339.0,BOUBOULINA,IMO9298753,SZIS,80.0,1.0,274.0,50.0,17.0,80.0,A
338478000,2019-05-08T19:42:09,38.97351,-75.11881,29.9,115.7,511.0,COMPLETELY KNOTS,IMO0000000,WDK3527,37.0,,28.0,17.0,,,B
367068110,2019-05-08T19:46:44,38.93887,-75.30136,24.9,128.8,511.0,BIG STONE EXPRESS,,WCX9178,60.0,0.0,22.0,5.0,,,B
338447000,2019-05-08T19:46:52,38.96417,-75.19682,0.0,91.3,336.0,OSG HORIZON,IMO9436549,WDF6180,31.0,0.0,46.0,15.0,6.5,57.0,B
369235000,2019-05-08T19:47:02,38.98383,-75.21407,0.1,111.6,344.0,OSG VISION,IMO9436537,WDF2493,31.0,0.0,46.0,15.0,6.5,57.0,B
338478000,2019-05-08T19:43:37,38.96833,-75.10469,29.6,114.7,511.0,COMPLETELY KNOTS,IMO0000000,WDK3527,37.0,,28.0,17.0,,,B
367120230,2019-05-08T19:46:52,38.98423,-75.21434,0.1,125.0,511.0,SONIE,IMO9373723,WDD2812,31.0,0.0,24.0,9.0,4.0,52.0,B
311073800,2019-05-08T19:41:34,38.98403,-75.21378,0.1,101.2,351.0,EURO,IMO9567702,C6AA5,84.0,1.0,274.0,48.0,-11.5,84.0,A
256102000,2019-05-08T19:47:40,39.38568,-75.47958,17.9,139.1,139.0,ANTWERP TRADER,IMO9304746,9HA3819,70.0,0.0,211.0,29.0,11.4,70.0,B
367090580,2019-05-08T19:47:24,38.85709,-75.1334,23.7,-60.6,511.0,BIG STONE 5,,WSE3119,60.0,0.0,15.0,4.0,,50.0,B
366914190,2019-05-08T19:43:56,38.92189,-75.02301,11.0,29.8,27.0,NEW JERSEY,IMO8643078,WYU8850,60.0,0.0,86.0,20.0,,,B
311000546,2019-05-08T19:43:28,38.91228,-75.14867,1.0,185.4,13.0,,,,,1.0,,,,,B
367068110,2019-05-08T19:48:00,38.93822,-75.29162,23.6,75.3,511.0,BIG STONE EXPRESS,,WCX9178,60.0,0.0,22.0,5.0,,,B
338169577,2019-05-08T19:47:58,38.8751,-75.2138,7.2,151.9,511.0,JOANNE DAIBER,,,90.0,0.0,,,,,B
311073800,2019-05-08T19:44:35,38.98401,-75.2136,0.0,94.5,348.0,EURO,IMO9567702,C6AA5,84.0,1.0,274.0,48.0,-11.5,84.0,A
338447000,2019-05-08T19:45:32,38.96417,-75.19682,0.0,91.3,335.0,OSG HORIZON,IMO9436549,WDF6180,31.0,0.0,46.0,15.0,6.5,57.0,B
367120230,2019-05-08T19:48:31,38.9842,-75.21428,0.1,122.1,511.0,SONIE,IMO9373723,WDD2812,31.0,0.0,24.0,9.0,4.0,52.0,B
366914210,2019-05-08T19:48:31,38.79006,-75.11693,8.9,173.4,175.0,DELAWARE,IMO8990304,WYU8553,60.0,0.0,91.0,20.0,,,B
366914190,2019-05-08T19:45:06,38.9249,-75.0206,11.0,33.9,30.0,NEW JERSEY,IMO8643078,WYU8850,60.0,0.0,86.0,20.0,,,B
338447000,2019-05-08T19:48:32,38.96415,-75.19683,0.0,91.3,336.0,OSG HORIZON,IMO9436549,WDF6180,31.0,0.0,46.0,15.0,6.5,57.0,B
338478000,2019-05-08T19:49:07,38.94762,-75.05327,29.3,117.2,511.0,COMPLETELY KNOTS,IMO0000000,WDK3527,37.0,,28.0,17.0,,,B
538006702,2019-05-08T19:42:34,38.96441,-75.19628,0.0,77.1,334.0,NAMSEN,IMO9761528,V7QJ6,80.0,1.0,,,,,A
368058330,2019-05-08T19:49:07,39.11478,-75.12636,4.9,-152.5,511.0,PURPLE  HAYS,,WDC9127,52.0,0.0,24.0,8.0,3.0,52.0,B
538006702,2019-05-08T19:45:31,38.96436,-75.19631,0.0,77.1,336.0,NAMSEN,IMO9761528,V7QJ6,80.0,1.0,,,,,A
366914190,2019-05-08T19:42:44,38.91887,-75.02543,11.0,31.7,28.0,NEW JERSEY,IMO8643078,WYU8850,60.0,0.0,86.0,20.0,,,B
311000546,2019-05-08T19:45:48,38.91191,-75.1486,1.2,163.3,28.0,,,,,1.0,,,,,A
240463000,2019-05-08T19:46:06,38.93897,-75.17032,0.0,103.0,340.0,BOUBOULINA,IMO9298753,SZIS,80.0,1.0,274.0,50.0,17.0,80.0,A
367090580,2019-05-08T19:48:48,38.86569,-75.13658,23.7,-62.7,511.0,BIG STONE 5,,WSE3119,60.0,0.0,15.0,4.0,,50.0,B
538004030,2019-05-08T19:47:15,38.9264,-75.15882,0.1,61.8,349.0,FRIO,IMO9596985,V7UU3,80.0,1.0,274.0,48.0,17.1,89.0,A
311073800,2019-05-08T19:47:34,38.98397,-75.21343,0.0,97.9,344.0,EURO,IMO9567702,C6AA5,84.0,1.0,274.0,48.0,-11.5,84.0,A
240463000,2019-05-08T19:49:03,38.93895,-75.17037,0.0,103.0,341.0,BOUBOULINA,IMO9298753,SZIS,80.0,1.0,274.0,50.0,17.0,80.0,A
338169577,2019-05-08T19:44:07,38.87428,-75.21365,6.6,-64.9,511.0,JOANNE DAIBER,,,90.0,0.0,,,,,A
538004030,2019-05-08T19:44:14,38.92628,-75.15903,0.1,52.5,351.0,FRIO,IMO9596985,V7UU3,80.0,1.0,274.0,48.0,17.1,89.0,A
338169577,2019-05-08T19:49:18,38.87276,-75.21259,4.9,122.9,511.0,JOANNE DAIBER,,,90.0,0.0,,,,,B
338478000,2019-05-08T19:44:38,38.96465,-75.09522,30.0,117.6,511.0,COMPLETELY KNOTS,IMO0000000,WDK3527,37.0,,28.0,17.0,,,B
538006702,2019-05-08T19:48:35,38.96438,-75.19631,0.0,77.1,337.0,NAMSEN,IMO9761528,V7QJ6,80.0,1.0,,,,,A
311000546,2019-05-08T19:48:48,38.91125,-75.14797,0.3,134.4,18.0,,,,,1.0,,,,,A
366914210,2019-05-08T19:49:51,38.78681,-75.11682,8.4,181.7,178.0,DELAWARE,IMO8990304,WYU8553,60.0,0.0,91.0,20.0,,,B
256102000,2019-05-08T19:49:52,39.37716,-75.47011,18.0,139.1,139.0,ANTWERP TRADER,IMO9304746,9HA3819,70.0,0.0,211.0,29.0,11.4,70.0,B
369235000,2019-05-08T19:49:52,38.98378,-75.21395,0.1,111.6,342.0,OSG VISION,IMO9436537,WDF2493,31.0,0.0,46.0,15.0,6.5,57.0,B
367120230,2019-05-08T19:49:51,38.98424,-75.21433,0.1,113.9,511.0,SONIE,IMO9373723,WDD2812,31.0,0.0,24.0,9.0,4.0,52.0,B
366914190,2019-05-08T19:49:54,38.93693,-75.01033,10.8,40.3,36.0,NEW JERSEY,IMO8643078,WYU8850,60.0,0.0,86.0,20.0,,,B
367090580,2019-05-08T19:50:44,38.87762,-75.14124,23.6,-65.6,511.0,BIG STONE 5,,WSE3119,60.0,0.0,15.0,4.0,,50.0,B
366914190,2019-05-08T19:51:14,38.94015,-75.00717,10.7,38.8,34.0,NEW JERSEY,IMO8643078,WYU8850,60.0,0.0,86.0,20.0,,,B
369235000,2019-05-08T19:51:13,38.98374,-75.2139,0.1,111.6,341.0,OSG VISION,IMO9436537,WDF2493,31.0,0.0,46.0,15.0,6.5,57.0,B
256102000,2019-05-08T19:51:28,39.37119,-75.4635,17.9,139.4,139.0,ANTWERP TRADER,IMO9304746,9HA3819,70.0,0.0,211.0,29.0,11.4,70.0,B
368058330,2019-05-08T19:51:28,39.1139,-75.13026,4.9,-159.1,511.0,PURPLE  HAYS,,WDC9127,52.0,0.0,24.0,8.0,3.0,52.0,B
338447000,2019-05-08T19:51:42,38.96415,-75.19678,0.0,91.3,336.0,OSG HORIZON,IMO9436549,WDF6180,31.0,0.0,46.0,15.0,6.5,57.0,B
367068110,2019-05-08T19:52:06,38.93133,-75.25914,24.1,115.8,511.0,BIG STONE EXPRESS,,WCX9178,60.0,0.0,22.0,5.0,,,B
367120230,2019-05-08T19:52:12,38.9842,-75.21425,0.1,119.8,511.0,SONIE,IMO9373723,WDD2812,31.0,0.0,24.0,9.0,4.0,52.0,B
366914210,2019-05-08T19:52:42,38.78377,-75.11886,1.3,-144.7,275.0,DELAWARE,IMO8990304,WYU8553,60.0,0.0,91.0,20.0,,,B
256102000,2019-05-08T19:52:52,39.36583,-75.45766,17.9,140.3,138.0,ANTWERP TRADER,IMO9304746,9HA3819,70.0,0.0,211.0,29.0,11.4,70.0,B
367090580,2019-05-08T19:53:42,38.8963,-75.14681,23.5,-58.6,511.0,BIG STONE 5,,WSE3119,60.0,0.0,15.0,4.0,,50.0,B
369235000,2019-05-08T19:53:13,38.98374,-75.21388,0.1,111.6,341.0,OSG VISION,IMO9436537,WDF2493,31.0,0.0,46.0,15.0,6.5,57.0,B
366914210,2019-05-08T19:54:09,38.7838,-75.11893,0.5,118.9,334.0,DELAWARE,IMO8990304,WYU8553,60.0,0.0,91.0,20.0,,,A
338478000,2019-05-08T19:50:08,38.94378,-75.04381,29.6,117.9,511.0,COMPLETELY KNOTS,IMO0000000,WDK3527,37.0,,28.0,17.0,,,B
367120230,2019-05-08T19:54:12,38.98415,-75.21415,0.1,112.2,511.0,SONIE,IMO9373723,WDD2812,31.0,0.0,24.0,9.0,4.0,52.0,B
538004030,2019-05-08T19:50:16,38.92652,-75.15857,0.1,63.1,343.0,FRIO,IMO9596985,V7UU3,80.0,1.0,274.0,48.0,17.1,89.0,A
311073800,2019-05-08T19:50:36,38.98397,-75.21331,0.0,107.3,342.0,EURO,IMO9567702,C6AA5,84.0,1.0,274.0,48.0,-11.5,84.0,A
338169577,2019-05-08T19:50:28,38.87358,-75.21277,4.8,-71.7,511.0,JOANNE DAIBER,,,90.0,0.0,,,,,B
256102000,2019-05-08T19:55:28,39.35624,-75.44657,18.0,137.7,137.0,ANTWERP TRADER,IMO9304746,9HA3819,70.0,0.0,211.0,29.0,11.4,70.0,B
303104000,2019-05-08T19:54:38,38.85133,-75.06558,12.8,-70.9,338.0,SEABULK CHALLENGE,IMO7816551,KNJL,80.0,0.0,191.0,32.0,13.2,,B
367090580,2019-05-08T19:55:18,38.90668,-75.14826,23.5,-54.2,511.0,BIG STONE 5,,WSE3119,60.0,0.0,15.0,4.0,,50.0,B
368058330,2019-05-08T19:55:28,39.11218,-75.137,4.9,-163.6,511.0,PURPLE  HAYS,,WDC9127,52.0,0.0,24.0,8.0,3.0,52.0,B
338169577,2019-05-08T19:51:37,38.8752,-75.2135,6.1,-74.3,511.0,JOANNE DAIBER,,,90.0,0.0,,,,,B
311000546,2019-05-08T19:51:48,38.91094,-75.14712,0.4,102.7,353.0,,,,,1.0,,,,,A
369235000,2019-05-08T19:55:52,38.98369,-75.21375,0.1,111.6,339.0,OSG VISION,IMO9436537,WDF2493,31.0,0.0,46.0,15.0,6.5,57.0,B
338169577,2019-05-08T19:55:58,38.87456,-75.21294,5.5,162.4,511.0,JOANNE DAIBER,,,90.0,0.0,,,,,B
240463000,2019-05-08T19:52:04,38.93893,-75.17047,0.0,103.0,342.0,BOUBOULINA,IMO9298753,SZIS,80.0,1.0,274.0,50.0,17.0,80.0,A
338478000,2019-05-08T19:55:07,38.94504,-75.00188,28.7,38.6,511.0,COMPLETELY KNOTS,IMO0000000,WDK3527,37.0,,28.0,17.0,,,B
367090580,2019-05-08T19:56:40,38.91097,-75.1476,2.1,18.8,511.0,BIG STONE 5,,WSE3119,60.0,0.0,15.0,4.0,,50.0,B
256102000,2019-05-08T19:56:40,39.35181,-75.44142,18.4,137.4,137.0,ANTWERP TRADER,IMO9304746,9HA3819,70.0,0.0,211.0,29.0,11.4,70.0,B
538006702,2019-05-08T19:51:29,38.96439,-75.19632,0.0,77.1,337.0,NAMSEN,IMO9761528,V7QJ6,80.0,1.0,,,,,A
338447000,2019-05-08T19:53:02,38.96413,-75.1968,0.0,91.3,336.0,OSG HORIZON,IMO9436549,WDF6180,31.0,0.0,46.0,15.0,6.5,57.0,B
366914190,2019-05-08T19:55:51,38.95047,-74.99583,10.6,47.5,47.0,NEW JERSEY,IMO8643078,WYU8850,60.0,0.0,86.0,20.0,,,A
338447000,2019-05-08T19:57:51,38.96412,-75.19675,0.0,91.3,336.0,OSG HORIZON,IMO9436549,WDF6180,31.0,0.0,46.0,15.0,6.5,57.0,B
256102000,2019-05-08T19:57:52,39.34745,-75.43622,18.5,137.6,137.0,ANTWERP TRADER,IMO9304746,9HA3819,70.0,0.0,211.0,29.0,11.4,70.0,B
538004030,2019-05-08T19:53:16,38.9266,-75.15838,0.0,88.8,338.0,FRIO,IMO9596985,V7UU3,80.0,1.0,274.0,48.0,17.1,89.0,A
311000546,2019-05-08T19:57:48,38.91109,-75.14664,0.3,45.4,344.0,,,,,1.0,,,,,A
311073800,2019-05-08T19:53:34,38.98394,-75.2132,0.0,111.3,341.0,EURO,IMO9567702,C6AA5,84.0,1.0,274.0,48.0,-11.5,84.0,A
366914190,2019-05-08T19:58:21,38.95535,-74.98875,10.1,40.8,34.0,NEW JERSEY,IMO8643078,WYU8850,60.0,0.0,86.0,20.0,,,A
367068110,2019-05-08T19:58:34,38.9157,-75.20765,23.4,110.2,511.0,BIG STONE EXPRESS,,WCX9178,60.0,0.0,22.0,5.0,,,B
338478000,2019-05-08T19:58:37,38.95339,-74.99095,10.1,45.7,511.0,COMPLETELY KNOTS,IMO0000000,WDK3527,37.0,,28.0,17.0,,,B
367068110,2019-05-08T19:57:14,38.91859,-75.2182,23.9,112.7,511.0,BIG STONE EXPRESS,,WCX9178,60.0,0.0,22.0,5.0,,,B
366914190,2019-05-08T19:59:24,38.95749,-74.9861,10.2,48.6,44.0,NEW JERSEY,IMO8643078,WYU8850,60.0,0.0,86.0,20.0,,,B
538006702,2019-05-08T19:54:36,38.96439,-75.19631,0.0,77.1,337.0,NAMSEN,IMO9761528,V7QJ6,80.0,1.0,,,,,A
256102000,2019-05-08T19:59:28,39.34109,-75.42878,18.6,137.9,137.0,ANTWERP TRADER,IMO9304746,9HA3819,70.0,0.0,211.0,29.0,11.4,70.0,B
338447000,2019-05-08T19:59:12,38.96412,-75.19675,0.0,91.3,336.0,OSG HORIZON,IMO9436549,WDF6180,31.0,0.0,46.0,15.0,6.5,57.0,B
303104000,2019-05-08T19:55:49,38.85529,-75.06753,12.9,-70.3,339.0,SEABULK CHALLENGE,IMO7816551,KNJL,80.0,0.0,191.0,32.0,13.2,,B
367120230,2019-05-08T19:59:42,38.98408,-75.21402,0.0,97.5,511.0,SONIE,IMO9373723,WDD2812,31.0,0.0,24.0,9.0,4.0,52.0,B
538004030,2019-05-08T19:56:15,38.92659,-75.15827,0.1,126.2,335.0,FRIO,IMO9596985,V7UU3,80.0,1.0,274.0,48.0,17.1,89.0,A
311073800,2019-05-08T19:56:33,38.98391,-75.2131,0.0,108.0,340.0,EURO,IMO9567702,C6AA5,84.0,1.0,274.0,48.0,-11.5,84.0,A
303104000,2019-05-08T19:56:59,38.85919,-75.06931,13.0,-68.9,340.0,SEABULK CHALLENGE,IMO7816551,KNJL,80.0,0.0,191.0,32.0,13.2,,B
338169577,2019-05-08T19:57:07,38.87281,-75.21215,4.5,178.3,511.0,JOANNE DAIBER,,,90.0,0.0,,,,,B
367090580,2019-05-08T19:57:43,38.91111,-75.14735,2.7,5.7,511.0,BIG STONE 5,,WSE3119,60.0,0.0,15.0,4.0,,50.0,B
368058330,2019-05-08T19:56:48,39.11159,-75.13923,4.9,-151.9,511.0,PURPLE  HAYS,,WDC9127,52.0,0.0,24.0,8.0,3.0,52.0,B
538006702,2019-05-08T19:57:31,38.96434,-75.19625,0.0,77.1,337.0,NAMSEN,IMO9761528,V7QJ6,80.0,1.0,,,,,A
369235000,2019-05-08T19:57:03,38.98369,-75.21372,0.0,111.6,339.0,OSG VISION,IMO9436537,WDF2493,31.0,0.0,46.0,15.0,6.5,57.0,B
240463000,2019-05-08T19:58:04,38.93888,-75.17072,0.0,-168.6,349.0,BOUBOULINA,IMO9298753,SZIS,80.0,1.0,274.0,50.0,17.0,80.0,A
303104000,2019-05-08T19:58:09,38.86318,-75.07109,13.0,-69.1,340.0,SEABULK CHALLENGE,IMO7816551,KNJL,80.0,0.0,191.0,32.0,13.2,,B
369235000,2019-05-08T19:58:13,38.98369,-75.21365,0.0,111.6,338.0,OSG VISION,IMO9436537,WDF2493,31.0,0.0,46.0,15.0,6.5,57.0,B
338169577,2019-05-08T19:58:18,38.87378,-75.21217,4.9,-75.6,511.0,JOANNE DAIBER,,,90.0,0.0,,,,,B
367090580,2019-05-08T19:58:44,38.91149,-75.147,1.4,3.6,511.0,BIG STONE 5,,WSE3119,60.0,0.0,15.0,4.0,,50.0,B
368058330,2019-05-08T19:57:58,39.11126,-75.14124,5.0,-152.4,511.0,PURPLE  HAYS,,WDC9127,52.0,0.0,24.0,8.0,3.0,52.0,B
368058330,2019-05-08T19:59:08,39.11092,-75.14325,5.0,-149.7,511.0,PURPLE  HAYS,,WDC9127,52.0,0.0,24.0,8.0,3.0,52.0,B
538004030,2019-05-08T19:59:14,38.92653,-75.15822,0.2,153.7,331.0,FRIO,IMO9596985,V7UU3,80.0,1.0,274.0,48.0,17.1,89.0,A
369235000,2019-05-08T19:59:22,38.98368,-75.21365,0.0,111.6,338.0,OSG VISION,IMO9436537,WDF2493,31.0,0.0,46.0,15.0,6.5,57.0,B
240463000,2019-05-08T19:55:04,38.93892,-75.1706,0.0,-167.6,345.0,BOUBOULINA,IMO9298753,SZIS,80.0,1.0,274.0,50.0,17.0,80.0,A
303104000,2019-05-08T19:59:20,38.86723,-75.07298,12.9,-71.0,339.0,SEABULK CHALLENGE,IMO7816551,KNJL,80.0,0.0,191.0,32.0,13.2,,B
367068110,2019-05-08T19:59:39,38.914,-75.19906,23.3,94.0,511.0,BIG STONE EXPRESS,,WCX9178,60.0,0.0,22.0,5.0,,,B
338447000,2019-05-08T20:00:01,38.96413,-75.19675,0.0,91.3,336.0,OSG HORIZON,IMO9436549,WDF6180,31.0,0.0,46.0,15.0,6.5,57.0,B
311073800,2019-05-08T19:59:34,38.98389,-75.21303,0.0,99.1,338.0,EURO,IMO9567702,C6AA5,84.0,1.0,274.0,48.0,-11.5,84.0,A
303104000,2019-05-08T20:00:00,38.86952,-75.07409,13.3,-69.4,340.0,SEABULK CHALLENGE,IMO7816551,KNJL,80.0,0.0,191.0,32.0,13.2,,B
338169577,2019-05-08T19:59:37,38.87568,-75.21305,5.9,-66.6,511.0,JOANNE DAIBER,,,90.0,0.0,,,,,B
367090580,2019-05-08T19:59:54,38.91173,-75.14719,1.4,-99.5,511.0,BIG STONE 5,,WSE3119,60.0,0.0,15.0,4.0,,50.0,B
367120230,2019-05-08T20:00:02,38.98409,-75.21403,0.0,66.8,511.0,SONIE,IMO9373723,WDD2812,31.0,0.0,24.0,9.0,4.0,52.0,B
366914190,2019-05-08T20:00:04,38.9587,-74.98417,10.4,55.1,51.0,NEW JERSEY,IMO8643078,WYU8850,60.0,0.0,86.0,20.0,,,B
338169577,2019-05-08T20:00:07,38.87642,-75.21344,6.1,-80.2,511.0,JOANNE DAIBER,,,90.0,0.0,,,,,B
369235000,2019-05-08T20:00:03,38.98367,-75.21366,0.0,111.6,338.0,OSG VISION,IMO9436537,WDF2493,31.0,0.0,46.0,15.0,6.5,57.0,B
256102000,2019-05-08T20:00:05,39.33884,-75.42618,18.6,137.9,137.0,ANTWERP TRADER,IMO9304746,9HA3819,70.0,0.0,211.0,29.0,11.4,70.0,B
367068110,2019-05-08T20:00:00,38.91383,-75.19601,23.4,94.4,511.0,BIG STONE EXPRESS,,WCX9178,60.0,0.0,22.0,5.0,,,B
367090580,2019-05-08T20:00:04,38.91157,-75.14715,7.4,165.4,511.0,BIG STONE 5,,WSE3119,60.0,0.0,15.0,4.0,,50.0,B
338478000,2019-05-08T20:00:07,38.95632,-74.98726,10.1,43.2,511.0,COMPLETELY KNOTS,IMO0000000,WDK3527,37.0,,28.0,17.0,,,B
369235000,2019-05-08T20:01:12,38.98367,-75.21356,0.0,111.6,338.0,OSG VISION,IMO9436537,WDF2493,31.0,0.0,46.0,15.0,6.5,57.0,B
240463000,2019-05-08T20:01:02,38.93885,-75.17075,0.0,-168.6,352.0,BOUBOULINA,IMO9298753,SZIS,80.0,1.0,274.0,50.0,17.0,80.0,A
367068110,2019-05-08T20:01:05,38.91318,-75.18706,23.9,96.4,511.0,BIG STONE EXPRESS,,WCX9178,60.0,0.0,22.0,5.0,,,B
368058330,2019-05-08T20:00:18,39.11065,-75.1453,5.0,-152.7,511.0,PURPLE  HAYS,,WDC9127,52.0,0.0,24.0,8.0,3.0,52.0,B
256102000,2019-05-08T20:01:10,39.33469,-75.42136,18.6,138.2,137.0,ANTWERP TRADER,IMO9304746,9HA3819,70.0,0.0,211.0,29.0,11.4,70.0,B
338478000,2019-05-08T20:01:08,38.9582,-74.98459,10.2,54.7,511.0,COMPLETELY KNOTS,IMO0000000,WDK3527,37.0,,28.0,17.0,,,B
367120230,2019-05-08T20:01:11,38.98409,-75.21401,0.0,58.1,511.0,SONIE,IMO9373723,WDD2812,31.0,0.0,24.0,9.0,4.0,52.0,B
303104000,2019-05-08T20:01:09,38.87351,-75.07593,13.4,-70.0,340.0,SEABULK CHALLENGE,IMO7816551,KNJL,80.0,0.0,191.0,32.0,13.2,,B
311000546,2019-05-08T20:00:48,38.91119,-75.14657,0.2,43.5,347.0,,,,,1.0,,,,,A
538006702,2019-05-08T20:00:36,38.96434,-75.19624,0.0,77.1,337.0,NAMSEN,IMO9761528,V7QJ6,80.0,1.0,,,,,A
366914190,2019-05-08T20:01:14,38.96066,-74.98067,10.0,46.0,38.0,NEW JERSEY,IMO8643078,WYU8850,60.0,0.0,86.0,20.0,,,B
367090580,2019-05-08T20:01:05,38.90958,-75.15318,23.7,-151.0,511.0,BIG STONE 5,,WSE3119,60.0,0.0,15.0,4.0,,50.0,A
338447000,2019-05-08T20:01:12,38.96412,-75.19671,0.0,91.3,336.0,OSG HORIZON,IMO9436549,WDF6180,31.0,0.0,46.0,15.0,6.5,57.0,B
338169577,2019-05-08T20:01:18,38.87805,-75.21393,3.6,71.2,511.0,JOANNE DAIBER,,,90.0,0.0,,,,,B
368058330,2019-05-08T20:01:28,39.11015,-75.14738,5.1,-153.1,511.0,PURPLE  HAYS,,WDC9127,52.0,0.0,24.0,8.0,3.0,52.0,B
367068110,2019-05-08T20:02:06,38.91264,-75.17833,23.7,94.9,511.0,BIG STONE EXPRESS,,WCX9178,60.0,0.0,22.0,5.0,,,B
538004030,2019-05-08T20:02:14,38.92644,-75.15828,0.2,-185.1,328.0,FRIO,IMO9596985,V7UU3,80.0,1.0,274.0,48.0,17.1,89.0,A
303104000,2019-05-08T20:02:20,38.87765,-75.07778,13.4,-68.3,341.0,SEABULK CHALLENGE,IMO7816551,KNJL,80.0,0.0,191.0,32.0,13.2,,B
367090580,2019-05-08T20:02:07,38.90888,-75.16183,23.0,-141.8,511.0,BIG STONE 5,,WSE3119,60.0,0.0,15.0,4.0,,50.0,B
256102000,2019-05-08T20:02:16,39.33051,-75.41652,18.7,137.8,137.0,ANTWERP TRADER,IMO9304746,9HA3819,70.0,0.0,211.0,29.0,11.4,70.0,B
366914190,2019-05-08T20:02:25,38.96321,-74.97804,10.0,36.1,35.0,NEW JERSEY,IMO8643078,WYU8850,60.0,0.0,86.0,20.0,,,B
338169577,2019-05-08T20:02:27,38.87658,-75.2133,6.6,157.7,511.0,JOANNE DAIBER,,,90.0,0.0,,,,,B
367120230,2019-05-08T20:02:20,38.98408,-75.21397,0.0,11.5,511.0,SONIE,IMO9373723,WDD2812,31.0,0.0,24.0,9.0,4.0,52.0,B
369235000,2019-05-08T20:02:23,38.98364,-75.21356,0.0,111.6,338.0,OSG VISION,IMO9436537,WDF2493,31.0,0.0,46.0,15.0,6.5,57.0,B
338447000,2019-05-08T20:02:31,38.96412,-75.19674,0.0,91.3,336.0,OSG HORIZON,IMO9436549,WDF6180,31.0,0.0,46.0,15.0,6.5,57.0,B
311073800,2019-05-08T20:02:35,38.98386,-75.21301,0.0,80.8,338.0,EURO,IMO9567702,C6AA5,84.0,1.0,274.0,48.0,-11.5,84.0,A
338478000,2019-05-08T20:02:38,38.96074,-74.98044,10.0,36.6,511.0,COMPLETELY KNOTS,IMO0000000,WDK3527,37.0,,28.0,17.0,,,B
368058330,2019-05-08T20:02:49,39.11009,-75.14972,4.9,-142.8,511.0,PURPLE  HAYS,,WDC9127,52.0,0.0,24.0,8.0,3.0,52.0,B
367068110,2019-05-08T20:03:09,38.91218,-75.16964,23.5,92.4,511.0,BIG STONE EXPRESS,,WCX9178,60.0,0.0,22.0,5.0,,,B
367090580,2019-05-08T20:03:09,38.9094,-75.17013,22.8,-125.5,511.0,BIG STONE 5,,WSE3119,60.0,0.0,15.0,4.0,,50.0,B
303104000,2019-05-08T20:03:29,38.88168,-75.07957,13.3,-67.5,340.0,SEABULK CHALLENGE,IMO7816551,KNJL,80.0,0.0,191.0,32.0,13.2,,B
366914190,2019-05-08T20:03:38,38.96594,-74.97538,10.4,42.0,42.0,NEW JERSEY,IMO8643078,WYU8850,60.0,0.0,86.0,20.0,,,A
256102000,2019-05-08T20:03:22,39.32604,-75.41122,18.8,137.0,136.0,ANTWERP TRADER,IMO9304746,9HA3819,70.0,0.0,211.0,29.0,11.4,70.0,B
367120230,2019-05-08T20:03:31,38.9841,-75.214,0.1,17.2,511.0,SONIE,IMO9373723,WDD2812,31.0,0.0,24.0,9.0,4.0,52.0,B
240463000,2019-05-08T20:04:05,38.93895,-75.17073,0.0,36.0,353.0,BOUBOULINA,IMO9298753,SZIS,80.0,1.0,274.0,50.0,17.0,80.0,A
367090580,2019-05-08T20:04:11,38.90993,-75.17866,23.0,-136.0,511.0,BIG STONE 5,,WSE3119,60.0,0.0,15.0,4.0,,50.0,B
338478000,2019-05-08T20:04:08,38.96406,-74.9775,10.0,31.6,511.0,COMPLETELY KNOTS,IMO0000000,WDK3527,37.0,,28.0,17.0,,,B
311000546,2019-05-08T20:03:48,38.91137,-75.14644,0.2,31.7,346.0,,,,,1.0,,,,,A
368058330,2019-05-08T20:03:57,39.10948,-75.15161,5.0,-162.2,511.0,PURPLE  HAYS,,WDC9127,52.0,0.0,24.0,8.0,3.0,52.0,B
367068110,2019-05-08T20:04:11,38.91196,-75.161,23.5,90.8,511.0,BIG STONE EXPRESS,,WCX9178,60.0,0.0,22.0,5.0,,,B
538006702,2019-05-08T20:03:31,38.96434,-75.1962,0.0,77.1,337.0,NAMSEN,IMO9761528,V7QJ6,80.0,1.0,,,,,A
256102000,2019-05-08T20:04:29,39.32187,-75.40623,18.9,137.1,136.0,ANTWERP TRADER,IMO9304746,9HA3819,70.0,0.0,211.0,29.0,11.4,70.0,B
369235000,2019-05-08T20:03:43,38.98366,-75.21356,0.0,111.6,338.0,OSG VISION,IMO9436537,WDF2493,31.0,0.0,46.0,15.0,6.5,57.0,B
369235000,2019-05-08T20:05:02,38.98368,-75.21355,0.0,111.6,338.0,OSG VISION,IMO9436537,WDF2493,31.0,0.0,46.0,15.0,6.5,57.0,B
367120230,2019-05-08T20:04:40,38.9841,-75.21393,0.1,9.0,511.0,SONIE,IMO9373723,WDD2812,31.0,0.0,24.0,9.0,4.0,52.0,B
338169577,2019-05-08T20:03:37,38.87459,-75.21235,6.2,146.1,511.0,JOANNE DAIBER,,,90.0,0.0,,,,,B
338447000,2019-05-08T20:03:42,38.96409,-75.19671,0.0,91.3,337.0,OSG HORIZON,IMO9436549,WDF6180,31.0,0.0,46.0,15.0,6.5,57.0,B
366914190,2019-05-08T20:04:42,38.96716,-74.97218,10.2,87.5,82.0,NEW JERSEY,IMO8643078,WYU8850,60.0,0.0,86.0,20.0,,,A
538004030,2019-05-08T20:05:16,38.92636,-75.15849,0.1,-163.2,329.0,FRIO,IMO9596985,V7UU3,80.0,1.0,274.0,48.0,17.1,89.0,A
338169577,2019-05-08T20:04:47,38.87306,-75.21118,3.5,14.0,511.0,JOANNE DAIBER,,,90.0,0.0,,,,,B
303104000,2019-05-08T20:04:39,38.88578,-75.0814,13.4,-69.4,340.0,SEABULK CHALLENGE,IMO7816551,KNJL,80.0,0.0,191.0,32.0,13.2,,B
338447000,2019-05-08T20:04:51,38.9641,-75.1967,0.0,91.3,337.0,OSG HORIZON,IMO9436549,WDF6180,31.0,0.0,46.0,15.0,6.5,57.0,B
367068110,2019-05-08T20:05:13,38.91228,-75.15234,23.7,86.0,511.0,BIG STONE EXPRESS,,WCX9178,60.0,0.0,22.0,5.0,,,B
367090580,2019-05-08T20:05:13,38.91077,-75.18688,23.3,-130.9,511.0,BIG STONE 5,,WSE3119,60.0,0.0,15.0,4.0,,50.0,B
367120230,2019-05-08T20:05:50,38.98411,-75.21393,0.1,8.3,511.0,SONIE,IMO9373723,WDD2812,31.0,0.0,24.0,9.0,4.0,52.0,B
338478000,2019-05-08T20:05:38,38.96664,-74.97334,10.7,82.5,511.0,COMPLETELY KNOTS,IMO0000000,WDK3527,37.0,,28.0,17.0,,,B
311073800,2019-05-08T20:05:36,38.98391,-75.21296,0.0,125.2,338.0,EURO,IMO9567702,C6AA5,84.0,1.0,274.0,48.0,-11.5,84.0,A
303104000,2019-05-08T20:05:40,38.88935,-75.08303,13.4,-68.6,340.0,SEABULK CHALLENGE,IMO7816551,KNJL,80.0,0.0,191.0,32.0,13.2,,B
256102000,2019-05-08T20:05:35,39.31771,-75.4012,18.9,136.8,137.0,ANTWERP TRADER,IMO9304746,9HA3819,70.0,0.0,211.0,29.0,11.4,70.0,B
366914190,2019-05-08T20:05:45,38.96697,-74.96814,10.7,97.1,89.0,NEW JERSEY,IMO8643078,WYU8850,60.0,0.0,86.0,20.0,,,B
338169577,2019-05-08T20:05:57,38.87459,-75.2119,6.0,-74.3,511.0,JOANNE DAIBER,,,90.0,0.0,,,,,B
338191464,2019-05-08T20:06:01,39.14163,-75.22452,6.4,135.1,511.0,DAY DREAMER,,,37.0,,,,,,B
338447000,2019-05-08T20:06:02,38.96411,-75.19667,0.0,91.3,337.0,OSG HORIZON,IMO9436549,WDF6180,31.0,0.0,46.0,15.0,6.5,57.0,B
367090580,2019-05-08T20:06:41,38.91334,-75.19894,24.0,-120.3,511.0,BIG STONE 5,,WSE3119,60.0,0.0,15.0,4.0,,50.0,B
369235000,2019-05-08T20:06:12,38.98371,-75.21355,0.0,111.6,338.0,OSG VISION,IMO9436537,WDF2493,31.0,0.0,46.0,15.0,6.5,57.0,B
368058330,2019-05-08T20:05:09,39.10916,-75.15366,4.9,-144.8,511.0,PURPLE  HAYS,,WDC9127,52.0,0.0,24.0,8.0,3.0,52.0,B
256102000,2019-05-08T20:06:58,39.31229,-75.39474,18.8,137.1,137.0,ANTWERP TRADER,IMO9304746,9HA3819,70.0,0.0,211.0,29.0,11.4,70.0,B
368058330,2019-05-08T20:06:28,39.10892,-75.15605,5.3,-153.5,511.0,PURPLE  HAYS,,WDC9127,52.0,0.0,24.0,8.0,3.0,52.0,B
369235000,2019-05-08T20:07:13,38.98366,-75.21353,0.0,111.6,338.0,OSG VISION,IMO9436537,WDF2493,31.0,0.0,46.0,15.0,6.5,57.0,B
338478000,2019-05-08T20:06:39,38.96663,-74.9701,6.6,95.6,511.0,COMPLETELY KNOTS,IMO0000000,WDK3527,37.0,,28.0,17.0,,,B
311000546,2019-05-08T20:06:48,38.91153,-75.14632,0.4,38.5,346.0,,,,,1.0,,,,,A
366914190,2019-05-08T20:06:55,38.96701,-74.96457,7.1,87.0,86.0,NEW JERSEY,IMO8643078,WYU8850,60.0,0.0,86.0,20.0,,,B
303104000,2019-05-08T20:06:49,38.89346,-75.08486,13.3,-67.7,340.0,SEABULK CHALLENGE,IMO7816551,KNJL,80.0,0.0,191.0,32.0,13.2,,B
338169577,2019-05-08T20:07:08,38.87647,-75.2128,7.1,-57.5,511.0,JOANNE DAIBER,,,90.0,0.0,,,,,B
240463000,2019-05-08T20:07:04,38.93905,-75.17067,0.0,49.0,353.0,BOUBOULINA,IMO9298753,SZIS,80.0,1.0,274.0,50.0,17.0,80.0,A
368058330,2019-05-08T20:07:47,39.10856,-75.1585,4.9,-136.9,511.0,PURPLE  HAYS,,WDC9127,52.0,0.0,24.0,8.0,3.0,52.0,B
367068110,2019-05-08T20:07:38,38.91126,-75.14659,1.1,152.8,511.0,BIG STONE EXPRESS,,WCX9178,60.0,0.0,22.0,5.0,,,B
338447000,2019-05-08T20:07:22,38.96408,-75.19664,0.0,91.3,337.0,OSG HORIZON,IMO9436549,WDF6180,31.0,0.0,46.0,15.0,6.5,57.0,B
367090580,2019-05-08T20:07:43,38.91529,-75.20729,23.8,-122.1,511.0,BIG STONE 5,,WSE3119,60.0,0.0,15.0,4.0,,50.0,B
367068110,2019-05-08T20:06:14,38.91198,-75.14783,4.1,118.1,511.0,BIG STONE EXPRESS,,WCX9178,60.0,0.0,22.0,5.0,,,B
338169577,2019-05-08T20:08:17,38.87819,-75.21366,3.4,13.8,511.0,JOANNE DAIBER,,,90.0,0.0,,,,,B
367120230,2019-05-08T20:08:41,38.98415,-75.21393,0.1,49.8,511.0,SONIE,IMO9373723,WDD2812,31.0,0.0,24.0,9.0,4.0,52.0,B
538006702,2019-05-08T20:06:27,38.96426,-75.19613,0.0,77.1,337.0,NAMSEN,IMO9761528,V7QJ6,80.0,1.0,,,,,A
303104000,2019-05-08T20:08:00,38.89753,-75.08673,13.1,-71.4,337.0,SEABULK CHALLENGE,IMO7816551,KNJL,80.0,0.0,191.0,32.0,13.2,,B
256102000,2019-05-08T20:08:04,39.30813,-75.38984,18.8,137.6,137.0,ANTWERP TRADER,IMO9304746,9HA3819,70.0,0.0,211.0,29.0,11.4,70.0,B
366914190,2019-05-08T20:08:05,38.96713,-74.96196,5.7,82.3,81.0,NEW JERSEY,IMO8643078,WYU8850,60.0,0.0,86.0,20.0,,,B
369235000,2019-05-08T20:08:22,38.98366,-75.21347,0.0,111.6,337.0,OSG VISION,IMO9436537,WDF2493,31.0,0.0,46.0,15.0,6.5,57.0,B
367068110,2019-05-08T20:09:00,38.91136,-75.14663,0.1,4.4,511.0,BIG STONE EXPRESS,,WCX9178,60.0,0.0,22.0,5.0,,,B
256102000,2019-05-08T20:09:22,39.30322,-75.38423,18.9,138.6,137.0,ANTWERP TRADER,IMO9304746,9HA3819,70.0,0.0,211.0,29.0,11.4,70.0,B
311073800,2019-05-08T20:08:33,38.98397,-75.21292,0.0,101.9,338.0,EURO,IMO9567702,C6AA5,84.0,1.0,274.0,48.0,-11.5,84.0,A
338447000,2019-05-08T20:08:30,38.96407,-75.19661,0.0,91.3,337.0,OSG HORIZON,IMO9436549,WDF6180,31.0,0.0,46.0,15.0,6.5,57.0,B
368058330,2019-05-08T20:08:57,39.10863,-75.1606,5.3,-141.1,511.0,PURPLE  HAYS,,WDC9127,52.0,0.0,24.0,8.0,3.0,52.0,B
367120230,2019-05-08T20:07:01,38.98413,-75.21394,0.1,35.5,511.0,SONIE,IMO9373723,WDD2812,31.0,0.0,24.0,9.0,4.0,52.0,B
338478000,2019-05-08T20:07:40,38.96662,-74.96773,6.5,87.2,511.0,COMPLETELY KNOTS,IMO0000000,WDK3527,37.0,,28.0,17.0,,,B
367090580,2019-05-08T20:08:45,38.91737,-75.21561,23.6,-124.5,511.0,BIG STONE 5,,WSE3119,60.0,0.0,15.0,4.0,,50.0,B
338478000,2019-05-08T20:09:07,38.96691,-74.96434,6.6,80.5,511.0,COMPLETELY KNOTS,IMO0000000,WDK3527,37.0,,28.0,17.0,,,B
338169577,2019-05-08T20:09:28,38.8769,-75.21282,6.1,161.1,511.0,JOANNE DAIBER,,,90.0,0.0,,,,,B
538006702,2019-05-08T20:09:32,38.96423,-75.19609,0.0,77.1,338.0,NAMSEN,IMO9761528,V7QJ6,80.0,1.0,,,,,A
338191464,2019-05-08T20:09:30,39.13702,-75.21996,6.3,135.1,511.0,DAY DREAMER,,,37.0,,,,,,B
369235000,2019-05-08T20:09:33,38.98371,-75.2135,0.0,111.6,337.0,OSG VISION,IMO9436537,WDF2493,31.0,0.0,46.0,15.0,6.5,57.0,B
538004030,2019-05-08T20:08:17,38.9263,-75.15874,0.1,-171.2,332.0,FRIO,IMO9596985,V7UU3,80.0,1.0,274.0,48.0,17.1,89.0,A
303104000,2019-05-08T20:09:49,38.90381,-75.08975,13.2,-67.7,342.0,SEABULK CHALLENGE,IMO7816551,KNJL,80.0,0.0,191.0,32.0,13.2,,B
256102000,2019-05-08T20:10:28,39.29865,-75.37896,18.8,137.7,136.0,ANTWERP TRADER,IMO9304746,9HA3819,70.0,0.0,211.0,29.0,11.4,70.0,B
367090580,2019-05-08T20:09:47,38.91959,-75.22362,22.5,-118.5,511.0,BIG STONE 5,,WSE3119,60.0,0.0,15.0,4.0,,50.0,B
367120230,2019-05-08T20:09:51,38.98416,-75.21388,0.1,54.7,511.0,SONIE,IMO9373723,WDD2812,31.0,0.0,24.0,9.0,4.0,52.0,B
369235000,2019-05-08T20:11:03,38.98373,-75.21344,0.0,111.6,337.0,OSG VISION,IMO9436537,WDF2493,31.0,0.0,46.0,15.0,6.5,57.0,B
338447000,2019-05-08T20:09:42,38.96405,-75.19658,0.0,91.3,337.0,OSG HORIZON,IMO9436549,WDF6180,31.0,0.0,46.0,15.0,6.5,57.0,B
311000546,2019-05-08T20:09:48,38.91166,-75.14624,0.0,41.5,343.0,,,,,1.0,,,,,A
240463000,2019-05-08T20:10:05,38.93912,-75.17057,0.0,66.0,351.0,BOUBOULINA,IMO9298753,SZIS,80.0,1.0,274.0,50.0,17.0,80.0,A
367068110,2019-05-08T20:10:08,38.91152,-75.14657,0.3,36.3,511.0,BIG STONE EXPRESS,,WCX9178,60.0,0.0,22.0,5.0,,,B
368058330,2019-05-08T20:10:09,39.10856,-75.16287,5.3,-140.6,511.0,PURPLE  HAYS,,WDC9127,52.0,0.0,24.0,8.0,3.0,52.0,B
338478000,2019-05-08T20:10:38,38.96706,-74.96194,3.5,87.4,511.0,COMPLETELY KNOTS,IMO0000000,WDK3527,37.0,,28.0,17.0,,,B
368058330,2019-05-08T20:11:18,39.10862,-75.165,5.2,-135.3,511.0,PURPLE  HAYS,,WDC9127,52.0,0.0,24.0,8.0,3.0,52.0,B
367090580,2019-05-08T20:10:49,38.92228,-75.23151,22.9,-114.3,511.0,BIG STONE 5,,WSE3119,60.0,0.0,15.0,4.0,,50.0,B
338169577,2019-05-08T20:10:37,38.87501,-75.21189,6.2,153.2,511.0,JOANNE DAIBER,,,90.0,0.0,,,,,B
338447000,2019-05-08T20:10:52,38.96403,-75.19655,0.0,91.3,337.0,OSG HORIZON,IMO9436549,WDF6180,31.0,0.0,46.0,15.0,6.5,57.0,B
256102000,2019-05-08T20:12:04,39.29262,-75.3719,18.4,138.2,138.0,ANTWERP TRADER,IMO9304746,9HA3819,70.0,0.0,211.0,29.0,11.4,70.0,B
303104000,2019-05-08T20:11:00,38.90788,-75.09131,12.8,-65.0,343.0,SEABULK CHALLENGE,IMO7816551,KNJL,80.0,0.0,191.0,32.0,13.2,,B
367120230,2019-05-08T20:11:01,38.98415,-75.21387,0.1,80.9,511.0,SONIE,IMO9373723,WDD2812,31.0,0.0,24.0,9.0,4.0,52.0,B
367068110,2019-05-08T20:11:18,38.91147,-75.14664,1.3,-124.1,511.0,BIG STONE EXPRESS,,WCX9178,60.0,0.0,22.0,5.0,,,B
538004030,2019-05-08T20:11:15,38.92623,-75.15897,0.0,-175.5,337.0,FRIO,IMO9596985,V7UU3,80.0,1.0,274.0,48.0,17.1,89.0,A
367120230,2019-05-08T20:12:20,38.98416,-75.21385,0.0,76.9,511.0,SONIE,IMO9373723,WDD2812,31.0,0.0,24.0,9.0,4.0,52.0,B
311073800,2019-05-08T20:11:35,38.98398,-75.21288,0.0,92.7,337.0,EURO,IMO9567702,C6AA5,84.0,1.0,274.0,48.0,-11.5,84.0,A
338169577,2019-05-08T20:11:48,38.87335,-75.21089,2.2,88.4,511.0,JOANNE DAIBER,,,90.0,0.0,,,,,B
367090580,2019-05-08T20:11:51,38.92481,-75.23938,23.4,-115.8,511.0,BIG STONE 5,,WSE3119,60.0,0.0,15.0,4.0,,50.0,B
367090580,2019-05-08T20:13:01,38.92762,-75.24834,23.6,-111.2,511.0,BIG STONE 5,,WSE3119,60.0,0.0,15.0,4.0,,50.0,B
369235000,2019-05-08T20:12:13,38.98377,-75.21344,0.0,111.6,336.0,OSG VISION,IMO9436537,WDF2493,31.0,0.0,46.0,15.0,6.5,57.0,B
338447000,2019-05-08T20:12:11,38.96402,-75.19652,0.0,91.3,337.0,OSG HORIZON,IMO9436549,WDF6180,31.0,0.0,46.0,15.0,6.5,57.0,B
303104000,2019-05-08T20:12:10,38.9119,-75.09282,12.9,-65.8,343.0,SEABULK CHALLENGE,IMO7816551,KNJL,80.0,0.0,191.0,32.0,13.2,,B
538006702,2019-05-08T20:12:30,38.96422,-75.19603,0.0,77.1,338.0,NAMSEN,IMO9761528,V7QJ6,80.0,1.0,,,,,A
369235000,2019-05-08T20:13:53,38.9838,-75.21339,0.0,111.6,336.0,OSG VISION,IMO9436537,WDF2493,31.0,0.0,46.0,15.0,6.5,57.0,B
367068110,2019-05-08T20:12:27,38.91161,-75.14669,0.7,16.7,511.0,BIG STONE EXPRESS,,WCX9178,60.0,0.0,22.0,5.0,,,B
368058330,2019-05-08T20:12:28,39.10871,-75.1672,5.2,-135.4,511.0,PURPLE  HAYS,,WDC9127,52.0,0.0,24.0,8.0,3.0,52.0,B
240463000,2019-05-08T20:13:03,38.93917,-75.17045,0.0,83.0,349.0,BOUBOULINA,IMO9298753,SZIS,80.0,1.0,274.0,50.0,17.0,80.0,A
311000546,2019-05-08T20:12:48,38.9117,-75.14619,0.0,98.8,342.0,,,,,1.0,,,,,A
256102000,2019-05-08T20:13:10,39.28842,-75.36718,18.5,138.7,137.0,ANTWERP TRADER,IMO9304746,9HA3819,70.0,0.0,211.0,29.0,11.4,70.0,B
338169577,2019-05-08T20:13:58,38.87606,-75.212,5.2,-79.2,511.0,JOANNE DAIBER,,,90.0,0.0,,,,,A
303104000,2019-05-08T20:13:19,38.91582,-75.09434,12.5,-67.4,343.0,SEABULK CHALLENGE,IMO7816551,KNJL,80.0,0.0,191.0,32.0,13.2,,B
338447000,2019-05-08T20:13:20,38.96399,-75.19651,0.0,91.3,337.0,OSG HORIZON,IMO9436549,WDF6180,31.0,0.0,46.0,15.0,6.5,57.0,B
367120230,2019-05-08T20:13:32,38.98415,-75.2138,0.0,75.2,511.0,SONIE,IMO9373723,WDD2812,31.0,0.0,24.0,9.0,4.0,52.0,B
367090580,2019-05-08T20:14:57,38.93322,-75.26308,24.0,-114.8,511.0,BIG STONE 5,,WSE3119,60.0,0.0,15.0,4.0,,50.0,B
367068110,2019-05-08T20:13:28,38.91161,-75.14658,0.7,136.0,511.0,BIG STONE EXPRESS,,WCX9178,60.0,0.0,22.0,5.0,,,B
368058330,2019-05-08T20:13:38,39.10885,-75.16942,5.3,-135.8,511.0,PURPLE  HAYS,,WDC9127,52.0,0.0,24.0,8.0,3.0,52.0,B
256102000,2019-05-08T20:15:16,39.28038,-75.35805,18.7,138.6,138.0,ANTWERP TRADER,IMO9304746,9HA3819,70.0,0.0,211.0,29.0,11.4,70.0,B
338447000,2019-05-08T20:15:21,38.96398,-75.19647,0.0,91.3,337.0,OSG HORIZON,IMO9436549,WDF6180,31.0,0.0,46.0,15.0,6.5,57.0,B
303104000,2019-05-08T20:14:29,38.91985,-75.09583,12.7,-67.8,339.0,SEABULK CHALLENGE,IMO7816551,KNJL,80.0,0.0,191.0,32.0,13.2,,A
311073800,2019-05-08T20:14:34,38.98403,-75.21281,0.0,101.3,336.0,EURO,IMO9567702,C6AA5,84.0,1.0,274.0,48.0,-11.5,84.0,A
311000546,2019-05-08T20:15:48,38.91167,-75.14615,0.0,141.2,341.0,,,,,1.0,,,,,A
369235000,2019-05-08T20:15:03,38.98379,-75.21337,0.0,111.6,335.0,OSG VISION,IMO9436537,WDF2493,31.0,0.0,46.0,15.0,6.5,57.0,B
338169577,2019-05-08T20:15:07,38.87762,-75.21281,5.1,-81.0,511.0,JOANNE DAIBER,,,90.0,0.0,,,,,B
368058330,2019-05-08T20:15:09,39.10895,-75.17236,5.2,-134.0,511.0,PURPLE  HAYS,,WDC9127,52.0,0.0,24.0,8.0,3.0,52.0,B
367068110,2019-05-08T20:14:39,38.91128,-75.14632,0.0,164.7,511.0,BIG STONE EXPRESS,,WCX9178,60.0,0.0,22.0,5.0,,,B
338169577,2019-05-08T20:16:58,38.87863,-75.21331,0.0,-127.7,511.0,JOANNE DAIBER,,,90.0,0.0,,,,,B
367068110,2019-05-08T20:15:49,38.91127,-75.14617,0.4,129.1,511.0,BIG STONE EXPRESS,,WCX9178,60.0,0.0,22.0,5.0,,,B
538004030,2019-05-08T20:14:14,38.92612,-75.15918,0.1,-179.9,344.0,FRIO,IMO9596985,V7UU3,80.0,1.0,274.0,48.0,17.1,89.0,A
538006702,2019-05-08T20:15:33,38.96419,-75.19598,0.0,77.1,337.0,NAMSEN,IMO9761528,V7QJ6,80.0,1.0,,,,,A
240463000,2019-05-08T20:16:05,38.93915,-75.17033,0.0,95.0,346.0,BOUBOULINA,IMO9298753,SZIS,80.0,1.0,274.0,50.0,17.0,80.0,A
367090580,2019-05-08T20:17:21,38.93765,-75.28296,24.7,-136.8,511.0,BIG STONE 5,,WSE3119,60.0,0.0,15.0,4.0,,50.0,B
367120230,2019-05-08T20:15:52,38.9842,-75.2138,0.0,73.3,511.0,SONIE,IMO9373723,WDD2812,31.0,0.0,24.0,9.0,4.0,52.0,B
367120230,2019-05-08T20:14:42,38.98417,-75.2138,0.0,47.5,511.0,SONIE,IMO9373723,WDD2812,31.0,0.0,24.0,9.0,4.0,52.0,B
368058330,2019-05-08T20:16:18,39.10913,-75.17447,5.3,-134.0,511.0,PURPLE  HAYS,,WDC9127,52.0,0.0,24.0,8.0,3.0,52.0,B
367090580,2019-05-08T20:15:59,38.93569,-75.27136,24.0,-123.1,511.0,BIG STONE 5,,WSE3119,60.0,0.0,15.0,4.0,,50.0,B
367120230,2019-05-08T20:17:42,38.98419,-75.21376,0.0,110.4,511.0,SONIE,IMO9373723,WDD2812,31.0,0.0,24.0,9.0,4.0,52.0,B
369235000,2019-05-08T20:16:22,38.98371,-75.21336,0.0,111.6,335.0,OSG VISION,IMO9436537,WDF2493,31.0,0.0,46.0,15.0,6.5,57.0,B
256102000,2019-05-08T20:16:23,39.2758,-75.35289,18.8,138.6,138.0,ANTWERP TRADER,IMO9304746,9HA3819,70.0,0.0,211.0,29.0,11.4,70.0,B
338447000,2019-05-08T20:17:21,38.96399,-75.1965,0.0,91.3,337.0,OSG HORIZON,IMO9436549,WDF6180,31.0,0.0,46.0,15.0,6.5,57.0,B
303104000,2019-05-08T20:16:49,38.92734,-75.0998,12.5,-73.1,337.0,SEABULK CHALLENGE,IMO7816551,KNJL,80.0,0.0,191.0,32.0,13.2,,B
256102000,2019-05-08T20:18:16,39.26853,-75.34477,19.0,138.7,138.0,ANTWERP TRADER,IMO9304746,9HA3819,70.0,0.0,211.0,29.0,11.4,70.0,B
367068110,2019-05-08T20:16:58,38.91121,-75.14616,0.2,164.9,511.0,BIG STONE EXPRESS,,WCX9178,60.0,0.0,22.0,5.0,,,B
538006702,2019-05-08T20:18:31,38.96421,-75.19593,0.0,77.1,338.0,NAMSEN,IMO9761528,V7QJ6,80.0,1.0,,,,,A
367068110,2019-05-08T20:18:39,38.91125,-75.14608,0.6,150.5,511.0,BIG STONE EXPRESS,,WCX9178,60.0,0.0,22.0,5.0,,,B
368058330,2019-05-08T20:17:19,39.10923,-75.1764,5.3,-136.7,511.0,PURPLE  HAYS,,WDC9127,52.0,0.0,24.0,8.0,3.0,52.0,B
311000546,2019-05-08T20:18:48,38.91155,-75.1461,0.2,153.2,340.0,,,,,1.0,,,,,A
303104000,2019-05-08T20:18:49,38.93387,-75.10332,12.7,-72.9,337.0,SEABULK CHALLENGE,IMO7816551,KNJL,80.0,0.0,191.0,32.0,13.2,,B
303104000,2019-05-08T20:15:39,38.92359,-75.09777,12.6,-73.0,337.0,SEABULK CHALLENGE,IMO7816551,KNJL,80.0,0.0,191.0,32.0,13.2,,B
538004030,2019-05-08T20:17:15,38.92608,-75.15924,0.2,78.5,350.0,FRIO,IMO9596985,V7UU3,80.0,1.0,274.0,48.0,17.1,89.0,A
338169577,2019-05-08T20:18:58,38.87858,-75.21365,0.9,-154.7,511.0,JOANNE DAIBER,,,90.0,0.0,,,,,B
338191464,2019-05-08T20:18:01,39.12633,-75.20753,6.6,148.2,511.0,DAY DREAMER,,,37.0,,,,,,B
368058330,2019-05-08T20:18:28,39.10943,-75.17849,5.1,-130.9,511.0,PURPLE  HAYS,,WDC9127,52.0,0.0,24.0,8.0,3.0,52.0,B
369235000,2019-05-08T20:17:23,38.9838,-75.21336,0.0,111.6,335.0,OSG VISION,IMO9436537,WDF2493,31.0,0.0,46.0,15.0,6.5,57.0,B
367090580,2019-05-08T20:19:21,38.93802,-75.29986,23.3,-102.9,511.0,BIG STONE 5,,WSE3119,60.0,0.0,15.0,4.0,,50.0,B
369235000,2019-05-08T20:18:32,38.98378,-75.21335,0.0,111.6,334.0,OSG VISION,IMO9436537,WDF2493,31.0,0.0,46.0,15.0,6.5,57.0,B
367120230,2019-05-08T20:18:50,38.98416,-75.21372,0.0,80.0,511.0,SONIE,IMO9373723,WDD2812,31.0,0.0,24.0,9.0,4.0,52.0,B
240463000,2019-05-08T20:19:05,38.93912,-75.17023,0.0,124.0,343.0,BOUBOULINA,IMO9298753,SZIS,80.0,1.0,274.0,50.0,17.0,80.0,A
256102000,2019-05-08T20:19:22,39.26423,-75.33996,19.0,139.2,137.0,ANTWERP TRADER,IMO9304746,9HA3819,70.0,0.0,211.0,29.0,11.4,70.0,B
311073800,2019-05-08T20:17:34,38.98406,-75.21277,0.0,77.8,335.0,EURO,IMO9567702,C6AA5,84.0,1.0,274.0,48.0,-11.5,84.0,A
338447000,2019-05-08T20:18:31,38.96398,-75.19646,0.0,91.3,337.0,OSG HORIZON,IMO9436549,WDF6180,31.0,0.0,46.0,15.0,6.5,57.0,B
303104000,2019-05-08T20:20:09,38.93812,-75.10564,12.5,-71.8,337.0,SEABULK CHALLENGE,IMO7816551,KNJL,80.0,0.0,191.0,32.0,13.2,,B
338169577,2019-05-08T20:20:27,38.87853,-75.21391,0.0,-164.5,511.0,JOANNE DAIBER,,,90.0,0.0,,,,,B
311073800,2019-05-08T20:20:33,38.98405,-75.21274,0.0,116.2,335.0,EURO,IMO9567702,C6AA5,84.0,1.0,274.0,48.0,-11.5,84.0,A
369235000,2019-05-08T20:19:43,38.9838,-75.21331,0.0,111.6,334.0,OSG VISION,IMO9436537,WDF2493,31.0,0.0,46.0,15.0,6.5,57.0,B
338447000,2019-05-08T20:21:21,38.96397,-75.19646,0.0,91.3,337.0,OSG HORIZON,IMO9436549,WDF6180,31.0,0.0,46.0,15.0,6.5,57.0,B
367068110,2019-05-08T20:19:48,38.91115,-75.14604,0.4,167.1,511.0,BIG STONE EXPRESS,,WCX9178,60.0,0.0,22.0,5.0,,,B
368058330,2019-05-08T20:19:58,39.10962,-75.18118,5.0,-134.3,511.0,PURPLE  HAYS,,WDC9127,52.0,0.0,24.0,8.0,3.0,52.0,B
367120230,2019-05-08T20:20:00,38.98418,-75.21374,0.0,60.8,511.0,SONIE,IMO9373723,WDD2812,31.0,0.0,24.0,9.0,4.0,52.0,B
338191464,2019-05-08T20:20:01,39.12322,-75.20481,6.4,133.7,511.0,DAY DREAMER,,,37.0,,,,,,B
538004030,2019-05-08T20:20:14,38.9262,-75.15912,0.2,56.3,351.0,FRIO,IMO9596985,V7UU3,80.0,1.0,274.0,48.0,17.1,89.0,A
256102000,2019-05-08T20:20:29,39.25964,-75.33469,19.0,137.8,136.0,ANTWERP TRADER,IMO9304746,9HA3819,70.0,0.0,211.0,29.0,11.4,70.0,B
338169577,2019-05-08T20:21:57,38.87848,-75.21416,0.6,-148.1,511.0,JOANNE DAIBER,,,90.0,0.0,,,,,B
367090580,2019-05-08T20:21:27,38.94523,-75.3114,5.6,-108.1,511.0,BIG STONE 5,,WSE3119,60.0,0.0,15.0,4.0,,50.0,B
303104000,2019-05-08T20:22:09,38.94464,-75.10917,12.8,-72.2,336.0,SEABULK CHALLENGE,IMO7816551,KNJL,80.0,0.0,191.0,32.0,13.2,,B
367120230,2019-05-08T20:22:21,38.98419,-75.21373,0.0,52.9,511.0,SONIE,IMO9373723,WDD2812,31.0,0.0,24.0,9.0,4.0,52.0,B
367068110,2019-05-08T20:20:58,38.91111,-75.14599,0.3,181.9,511.0,BIG STONE EXPRESS,,WCX9178,60.0,0.0,22.0,5.0,,,B
366914210,2019-05-08T20:22:42,38.78446,-75.11832,7.0,28.1,37.0,DELAWARE,IMO8990304,WYU8553,60.0,0.0,91.0,20.0,,,B
311000546,2019-05-08T20:21:48,38.91141,-75.14603,0.2,154.1,337.0,,,,,1.0,,,,,A
369235000,2019-05-08T20:21:21,38.98379,-75.21325,0.0,111.6,334.0,OSG VISION,IMO9436537,WDF2493,31.0,0.0,46.0,15.0,6.5,57.0,B
338447000,2019-05-08T20:19:41,38.96398,-75.19646,0.0,91.3,337.0,OSG HORIZON,IMO9436549,WDF6180,31.0,0.0,46.0,15.0,6.5,57.0,B
367068110,2019-05-08T20:22:59,38.91103,-75.14594,0.1,169.8,511.0,BIG STONE EXPRESS,,WCX9178,60.0,0.0,22.0,5.0,,,B
369235000,2019-05-08T20:23:03,38.9838,-75.21327,0.0,111.6,334.0,OSG VISION,IMO9436537,WDF2493,31.0,0.0,46.0,15.0,6.5,57.0,B
538006702,2019-05-08T20:21:34,38.96418,-75.19591,0.0,77.1,338.0,NAMSEN,IMO9761528,V7QJ6,80.0,1.0,,,,,A
256102000,2019-05-08T20:21:35,39.25539,-75.32975,19.0,137.6,137.0,ANTWERP TRADER,IMO9304746,9HA3819,70.0,0.0,211.0,29.0,11.4,70.0,B
240463000,2019-05-08T20:22:06,38.93907,-75.17022,0.1,158.0,341.0,BOUBOULINA,IMO9298753,SZIS,80.0,1.0,274.0,50.0,17.0,80.0,A
368058330,2019-05-08T20:24:17,39.11084,-75.18863,4.8,-123.1,511.0,PURPLE  HAYS,,WDC9127,52.0,0.0,24.0,8.0,3.0,52.0,B
338447000,2019-05-08T20:22:31,38.96398,-75.19645,0.0,91.3,337.0,OSG HORIZON,IMO9436549,WDF6180,31.0,0.0,46.0,15.0,6.5,57.0,B
256102000,2019-05-08T20:24:22,39.24454,-75.31724,19.1,138.1,137.0,ANTWERP TRADER,IMO9304746,9HA3819,70.0,0.0,211.0,29.0,11.4,70.0,B
369235000,2019-05-08T20:24:42,38.98384,-75.21324,0.0,111.6,333.0,OSG VISION,IMO9436537,WDF2493,31.0,0.0,46.0,15.0,6.5,57.0,B
311000546,2019-05-08T20:24:48,38.91133,-75.14606,0.2,195.6,334.0,,,,,1.0,,,,,A
338169577,2019-05-08T20:23:08,38.87848,-75.21438,0.7,-141.1,511.0,JOANNE DAIBER,,,90.0,0.0,,,,,B
538004030,2019-05-08T20:23:15,38.92631,-75.15888,0.1,60.3,347.0,FRIO,IMO9596985,V7UU3,80.0,1.0,274.0,48.0,17.1,89.0,A
366914210,2019-05-08T20:25:12,38.7898,-75.11754,9.0,-60.7,347.0,DELAWARE,IMO8990304,WYU8553,60.0,0.0,91.0,20.0,,,B
338191464,2019-05-08T20:23:30,39.11861,-75.19939,6.4,138.4,511.0,DAY DREAMER,,,37.0,,,,,,B
367120230,2019-05-08T20:23:32,38.9842,-75.21372,0.0,83.6,511.0,SONIE,IMO9373723,WDD2812,31.0,0.0,24.0,9.0,4.0,52.0,B
311073800,2019-05-08T20:23:34,38.98409,-75.21271,0.0,101.0,334.0,EURO,IMO9567702,C6AA5,84.0,1.0,274.0,48.0,-11.5,84.0,A
303104000,2019-05-08T20:23:20,38.94845,-75.11119,12.7,-70.4,337.0,SEABULK CHALLENGE,IMO7816551,KNJL,80.0,0.0,191.0,32.0,13.2,,B
538006702,2019-05-08T20:24:32,38.96413,-75.19596,0.0,77.1,338.0,NAMSEN,IMO9761528,V7QJ6,80.0,1.0,,,,,A
369235000,2019-05-08T20:26:03,38.98383,-75.21326,0.0,111.6,333.0,OSG VISION,IMO9436537,WDF2493,31.0,0.0,46.0,15.0,6.5,57.0,B
367068110,2019-05-08T20:24:08,38.91101,-75.14594,0.2,203.2,511.0,BIG STONE EXPRESS,,WCX9178,60.0,0.0,22.0,5.0,,,B
367068110,2019-05-08T20:26:19,38.91096,-75.14606,0.2,-172.9,511.0,BIG STONE EXPRESS,,WCX9178,60.0,0.0,22.0,5.0,,,B
303104000,2019-05-08T20:24:28,38.9522,-75.11318,12.7,-71.1,338.0,SEABULK CHALLENGE,IMO7816551,KNJL,80.0,0.0,191.0,32.0,13.2,,B
256102000,2019-05-08T20:26:16,39.23705,-75.30856,18.8,137.7,136.0,ANTWERP TRADER,IMO9304746,9HA3819,70.0,0.0,211.0,29.0,11.4,70.0,B
367120230,2019-05-08T20:24:42,38.98429,-75.21374,1.0,-64.9,511.0,SONIE,IMO9373723,WDD2812,31.0,0.0,24.0,9.0,4.0,52.0,B
338191464,2019-05-08T20:25:00,39.11655,-75.19702,5.8,133.2,511.0,DAY DREAMER,,,37.0,,,,,,B
338447000,2019-05-08T20:27:01,38.96395,-75.1965,0.0,91.3,338.0,OSG HORIZON,IMO9436549,WDF6180,31.0,0.0,46.0,15.0,6.5,57.0,B
338169577,2019-05-08T20:25:10,38.87535,-75.21128,16.7,150.0,511.0,JOANNE DAIBER,,,90.0,0.0,,,,,A
368058330,2019-05-08T20:25:37,39.11121,-75.19087,4.8,-125.4,511.0,PURPLE  HAYS,,WDC9127,52.0,0.0,24.0,8.0,3.0,52.0,B
256102000,2019-05-08T20:27:22,39.23287,-75.3036,18.9,137.6,142.0,ANTWERP TRADER,IMO9304746,9HA3819,70.0,0.0,211.0,29.0,11.4,70.0,B
303104000,2019-05-08T20:27:28,38.96204,-75.11839,12.9,-73.2,336.0,SEABULK CHALLENGE,IMO7816551,KNJL,80.0,0.0,191.0,32.0,13.2,,B
311000546,2019-05-08T20:27:48,38.91123,-75.14623,0.0,-177.1,337.0,,,,,1.0,,,,,A
367120230,2019-05-08T20:25:52,38.98454,-75.21393,0.2,152.8,511.0,SONIE,IMO9373723,WDD2812,31.0,0.0,24.0,9.0,4.0,52.0,B
338447000,2019-05-08T20:24:42,38.96396,-75.19646,0.0,91.3,337.0,OSG HORIZON,IMO9436549,WDF6180,31.0,0.0,46.0,15.0,6.5,57.0,B
338447000,2019-05-08T20:28:11,38.96393,-75.19651,0.0,91.3,338.0,OSG HORIZON,IMO9436549,WDF6180,31.0,0.0,46.0,15.0,6.5,57.0,B
338191464,2019-05-08T20:26:30,39.11467,-75.19473,6.5,140.1,511.0,DAY DREAMER,,,37.0,,,,,,B
367120230,2019-05-08T20:28:50,38.98454,-75.21388,0.0,-57.1,511.0,SONIE,IMO9373723,WDD2812,31.0,0.0,24.0,9.0,4.0,52.0,B
338169577,2019-05-08T20:29:04,38.86052,-75.19678,17.1,121.0,511.0,JOANNE DAIBER,,,90.0,0.0,,,,,B
369235000,2019-05-08T20:27:12,38.98384,-75.21323,0.0,111.6,333.0,OSG VISION,IMO9436537,WDF2493,31.0,0.0,46.0,15.0,6.5,57.0,B
256102000,2019-05-08T20:29:16,39.22426,-75.29739,18.4,156.5,156.0,ANTWERP TRADER,IMO9304746,9HA3819,70.0,0.0,211.0,29.0,11.4,70.0,B
367068110,2019-05-08T20:27:29,38.91089,-75.14615,0.5,-136.7,511.0,BIG STONE EXPRESS,,WCX9178,60.0,0.0,22.0,5.0,,,B
338169577,2019-05-08T20:24:09,38.87864,-75.21383,7.9,133.7,511.0,JOANNE DAIBER,,,90.0,0.0,,,,,B
368058330,2019-05-08T20:27:37,39.11193,-75.19405,4.6,-120.8,511.0,PURPLE  HAYS,,WDC9127,52.0,0.0,24.0,8.0,3.0,52.0,B
366914210,2019-05-08T20:28:01,38.79684,-75.11932,9.6,-53.5,358.0,DELAWARE,IMO8990304,WYU8553,60.0,0.0,91.0,20.0,,,B
369235000,2019-05-08T20:28:13,38.98383,-75.2132,0.0,111.6,333.0,OSG VISION,IMO9436537,WDF2493,31.0,0.0,46.0,15.0,6.5,57.0,B
338191464,2019-05-08T20:28:03,39.11247,-75.19235,7.0,142.0,511.0,DAY DREAMER,,,37.0,,,,,,B
240463000,2019-05-08T20:28:04,38.93895,-75.17045,0.0,-174.6,341.0,BOUBOULINA,IMO9298753,SZIS,80.0,1.0,274.0,50.0,17.0,80.0,A
366914210,2019-05-08T20:26:52,38.79393,-75.11881,9.1,-61.4,348.0,DELAWARE,IMO8990304,WYU8553,60.0,0.0,91.0,20.0,,,B
367068110,2019-05-08T20:28:37,38.91082,-75.14624,0.8,-175.0,511.0,BIG STONE EXPRESS,,WCX9178,60.0,0.0,22.0,5.0,,,B
538004030,2019-05-08T20:29:14,38.92642,-75.15848,0.1,113.6,335.0,FRIO,IMO9596985,V7UU3,80.0,1.0,274.0,48.0,17.1,89.0,A
366914210,2019-05-08T20:29:02,38.79975,-75.11924,11.3,2.0,2.0,DELAWARE,IMO8990304,WYU8553,60.0,0.0,91.0,20.0,,,B
338191464,2019-05-08T20:29:30,39.11038,-75.19056,6.5,144.1,511.0,DAY DREAMER,,,37.0,,,,,,B
311073800,2019-05-08T20:29:33,38.98405,-75.21266,0.0,155.5,333.0,EURO,IMO9567702,C6AA5,84.0,1.0,274.0,48.0,-11.5,84.0,A
338169577,2019-05-08T20:27:28,38.86632,-75.20337,16.0,146.7,511.0,JOANNE DAIBER,,,90.0,0.0,,,,,B
367120230,2019-05-08T20:30:01,38.98455,-75.21392,0.0,-140.1,511.0,SONIE,IMO9373723,WDD2812,31.0,0.0,24.0,9.0,4.0,52.0,B
538004030,2019-05-08T20:26:15,38.92641,-75.15863,0.0,77.7,341.0,FRIO,IMO9596985,V7UU3,80.0,1.0,274.0,48.0,17.1,89.0,A
311073800,2019-05-08T20:26:33,38.9841,-75.21269,0.1,143.4,334.0,EURO,IMO9567702,C6AA5,84.0,1.0,274.0,48.0,-11.5,84.0,A
538006702,2019-05-08T20:27:33,38.96409,-75.19601,0.0,77.1,339.0,NAMSEN,IMO9761528,V7QJ6,80.0,1.0,,,,,A
369235000,2019-05-08T20:29:21,38.98385,-75.21322,0.0,111.6,333.0,OSG VISION,IMO9436537,WDF2493,31.0,0.0,46.0,15.0,6.5,57.0,B
256102000,2019-05-08T20:30:58,39.21604,-75.29287,18.5,157.2,157.0,ANTWERP TRADER,IMO9304746,9HA3819,70.0,0.0,211.0,29.0,11.4,70.0,B
303104000,2019-05-08T20:30:58,38.97356,-75.12448,12.8,-71.2,336.0,SEABULK CHALLENGE,IMO7816551,KNJL,80.0,0.0,191.0,32.0,13.2,,B
368058330,2019-05-08T20:30:58,39.11366,-75.19912,4.5,-102.6,511.0,PURPLE  HAYS,,WDC9127,52.0,0.0,24.0,8.0,3.0,52.0,B
367068110,2019-05-08T20:31:28,38.91151,-75.1469,0.3,-76.2,511.0,BIG STONE EXPRESS,,WCX9178,60.0,0.0,22.0,5.0,,,B
338169577,2019-05-08T20:31:33,38.85046,-75.18842,17.5,149.2,511.0,JOANNE DAIBER,,,90.0,0.0,,,,,B
338447000,2019-05-08T20:30:42,38.96393,-75.1966,0.0,91.3,339.0,OSG HORIZON,IMO9436549,WDF6180,31.0,0.0,46.0,15.0,6.5,57.0,B
338447000,2019-05-08T20:31:52,38.96391,-75.19661,0.0,91.3,340.0,OSG HORIZON,IMO9436549,WDF6180,31.0,0.0,46.0,15.0,6.5,57.0,B
366914210,2019-05-08T20:31:52,38.80896,-75.11771,11.6,9.7,7.0,DELAWARE,IMO8990304,WYU8553,60.0,0.0,91.0,20.0,,,B
367120230,2019-05-08T20:32:31,38.98453,-75.21391,0.0,190.8,511.0,SONIE,IMO9373723,WDD2812,31.0,0.0,24.0,9.0,4.0,52.0,B
338169577,2019-05-08T20:32:58,38.84437,-75.18389,17.2,151.3,511.0,JOANNE DAIBER,,,90.0,0.0,,,,,B
369235000,2019-05-08T20:32:52,38.98385,-75.21322,0.0,111.6,332.0,OSG VISION,IMO9436537,WDF2493,31.0,0.0,46.0,15.0,6.5,57.0,B
538006702,2019-05-08T20:30:34,38.96411,-75.19606,0.0,77.1,340.0,NAMSEN,IMO9761528,V7QJ6,80.0,1.0,,,,,A
303104000,2019-05-08T20:32:58,38.98024,-75.12801,12.7,-73.5,336.0,SEABULK CHALLENGE,IMO7816551,KNJL,80.0,0.0,191.0,32.0,13.2,,B
311000546,2019-05-08T20:30:48,38.91117,-75.14644,0.0,-164.3,343.0,,,,,1.0,,,,,A
338191464,2019-05-08T20:31:00,39.10825,-75.18822,6.6,140.9,511.0,DAY DREAMER,,,37.0,,,,,,B
338447000,2019-05-08T20:33:52,38.96389,-75.19666,0.0,91.3,341.0,OSG HORIZON,IMO9436549,WDF6180,31.0,0.0,46.0,15.0,6.5,57.0,B
368058330,2019-05-08T20:33:28,39.1156,-75.20237,4.7,-105.2,511.0,PURPLE  HAYS,,WDC9127,52.0,0.0,24.0,8.0,3.0,52.0,B
240463000,2019-05-08T20:31:06,38.93888,-75.17065,0.0,-165.6,344.0,BOUBOULINA,IMO9298753,SZIS,80.0,1.0,274.0,50.0,17.0,80.0,A
367068110,2019-05-08T20:33:28,38.91149,-75.14744,1.1,192.6,511.0,BIG STONE EXPRESS,,WCX9178,60.0,0.0,22.0,5.0,,,B
256102000,2019-05-08T20:32:05,39.21091,-75.29014,18.5,157.4,157.0,ANTWERP TRADER,IMO9304746,9HA3819,70.0,0.0,211.0,29.0,11.4,70.0,B
538004030,2019-05-08T20:32:15,38.92633,-75.15843,0.2,182.5,331.0,FRIO,IMO9596985,V7UU3,80.0,1.0,274.0,48.0,17.1,89.0,A
367068110,2019-05-08T20:35:18,38.91221,-75.14749,3.6,0.0,511.0,BIG STONE EXPRESS,,WCX9178,60.0,0.0,22.0,5.0,,,B
256102000,2019-05-08T20:34:53,39.19727,-75.28269,19.0,156.2,155.0,ANTWERP TRADER,IMO9304746,9HA3819,70.0,0.0,211.0,29.0,11.4,70.0,B
303104000,2019-05-08T20:34:48,38.98641,-75.13141,12.9,-73.1,336.0,SEABULK CHALLENGE,IMO7816551,KNJL,80.0,0.0,191.0,32.0,13.2,,B
366914210,2019-05-08T20:33:02,38.81269,-75.11698,11.8,9.0,9.0,DELAWARE,IMO8990304,WYU8553,60.0,0.0,91.0,20.0,,,B
369235000,2019-05-08T20:35:43,38.98385,-75.21317,0.0,111.6,331.0,OSG VISION,IMO9436537,WDF2493,31.0,0.0,46.0,15.0,6.5,57.0,B
338169577,2019-05-08T20:35:58,38.83089,-75.17584,18.0,159.4,511.0,JOANNE DAIBER,,,90.0,0.0,,,,,B
303104000,2019-05-08T20:35:58,38.99021,-75.13361,12.9,-75.8,334.0,SEABULK CHALLENGE,IMO7816551,KNJL,80.0,0.0,191.0,32.0,13.2,,B
338191464,2019-05-08T20:32:30,39.10603,-75.18624,7.0,136.8,511.0,DAY DREAMER,,,37.0,,,,,,B
538006702,2019-05-08T20:33:31,38.96407,-75.1961,0.0,77.1,341.0,NAMSEN,IMO9761528,V7QJ6,80.0,1.0,,,,,A
338191464,2019-05-08T20:33:34,39.10447,-75.18457,6.2,144.0,511.0,DAY DREAMER,,,37.0,,,,,,B
311073800,2019-05-08T20:32:34,38.98406,-75.21264,0.1,158.4,333.0,EURO,IMO9567702,C6AA5,84.0,1.0,274.0,48.0,-11.5,84.0,A
311000546,2019-05-08T20:33:48,38.91125,-75.1465,0.2,14.3,347.0,,,,,1.0,,,,,A
240463000,2019-05-08T20:34:03,38.9389,-75.1708,0.0,-192.6,348.0,BOUBOULINA,IMO9298753,SZIS,80.0,1.0,274.0,50.0,17.0,80.0,A
256102000,2019-05-08T20:36:58,39.18726,-75.277,18.7,156.6,155.0,ANTWERP TRADER,IMO9304746,9HA3819,70.0,0.0,211.0,29.0,11.4,70.0,B
366914210,2019-05-08T20:36:52,38.82464,-75.1141,10.9,13.8,14.0,DELAWARE,IMO8990304,WYU8553,60.0,0.0,91.0,20.0,,,B
368058330,2019-05-08T20:34:39,39.11656,-75.20387,4.3,-92.0,511.0,PURPLE  HAYS,,WDC9127,52.0,0.0,24.0,8.0,3.0,52.0,B
338447000,2019-05-08T20:37:21,38.96384,-75.19673,0.0,91.3,342.0,OSG HORIZON,IMO9436549,WDF6180,31.0,0.0,46.0,15.0,6.5,57.0,B
367068110,2019-05-08T20:37:08,38.91259,-75.1476,1.5,-171.7,511.0,BIG STONE EXPRESS,,WCX9178,60.0,0.0,22.0,5.0,,,B
369235000,2019-05-08T20:37:43,38.98376,-75.21316,0.0,111.6,331.0,OSG VISION,IMO9436537,WDF2493,31.0,0.0,46.0,15.0,6.5,57.0,B
367120230,2019-05-08T20:34:52,38.98451,-75.2139,0.0,202.3,511.0,SONIE,IMO9373723,WDD2812,31.0,0.0,24.0,9.0,4.0,52.0,B
367120230,2019-05-08T20:33:41,38.98452,-75.21391,0.0,201.3,511.0,SONIE,IMO9373723,WDD2812,31.0,0.0,24.0,9.0,4.0,52.0,B
538004030,2019-05-08T20:35:13,38.92624,-75.15861,0.2,-163.6,331.0,FRIO,IMO9596985,V7UU3,80.0,1.0,274.0,48.0,17.1,89.0,A
311073800,2019-05-08T20:35:33,38.9841,-75.21264,0.1,149.0,332.0,EURO,IMO9567702,C6AA5,84.0,1.0,274.0,48.0,-11.5,84.0,A
368058330,2019-05-08T20:35:47,39.1175,-75.20525,4.5,-98.3,511.0,PURPLE  HAYS,,WDC9127,52.0,0.0,24.0,8.0,3.0,52.0,B
538004030,2019-05-08T20:38:16,38.92619,-75.15897,0.0,-165.5,337.0,FRIO,IMO9596985,V7UU3,80.0,1.0,274.0,48.0,17.1,89.0,A
303104000,2019-05-08T20:38:58,39.00001,-75.1396,12.9,-75.3,335.0,SEABULK CHALLENGE,IMO7816551,KNJL,80.0,0.0,191.0,32.0,13.2,,B
338447000,2019-05-08T20:39:21,38.96382,-75.19674,0.0,91.3,342.0,OSG HORIZON,IMO9436549,WDF6180,31.0,0.0,46.0,15.0,6.5,57.0,B
538006702,2019-05-08T20:36:33,38.96399,-75.19621,0.0,77.1,343.0,NAMSEN,IMO9761528,V7QJ6,80.0,1.0,,,,,A
311000546,2019-05-08T20:36:48,38.91136,-75.14646,0.2,36.7,348.0,,,,,1.0,,,,,A
367120230,2019-05-08T20:40:01,38.98447,-75.21391,0.0,201.5,511.0,SONIE,IMO9373723,WDD2812,31.0,0.0,24.0,9.0,4.0,52.0,B
240463000,2019-05-08T20:37:02,38.93888,-75.17092,0.0,-203.6,352.0,BOUBOULINA,IMO9298753,SZIS,80.0,1.0,274.0,50.0,17.0,80.0,A
338191464,2019-05-08T20:36:30,39.10031,-75.18016,6.0,137.7,511.0,DAY DREAMER,,,37.0,,,,,,B
338191464,2019-05-08T20:35:00,39.10237,-75.18238,6.8,142.7,511.0,DAY DREAMER,,,37.0,,,,,,B
366914210,2019-05-08T20:40:25,38.83508,-75.10998,10.9,35.2,40.0,DELAWARE,IMO8990304,WYU8553,60.0,0.0,91.0,20.0,,,A
368058330,2019-05-08T20:36:58,39.11851,-75.20673,4.6,-97.8,511.0,PURPLE  HAYS,,WDC9127,52.0,0.0,24.0,8.0,3.0,52.0,B
367068110,2019-05-08T20:41:08,38.91269,-75.14748,2.5,-52.6,511.0,BIG STONE EXPRESS,,WCX9178,60.0,0.0,22.0,5.0,,,B
256102000,2019-05-08T20:37:59,39.18253,-75.27432,18.6,154.1,147.0,ANTWERP TRADER,IMO9304746,9HA3819,70.0,0.0,211.0,29.0,11.4,70.0,B
338191464,2019-05-08T20:38:02,39.09828,-75.17794,5.8,137.2,511.0,DAY DREAMER,,,37.0,,,,,,B
368058330,2019-05-08T20:38:08,39.11948,-75.20817,4.7,-101.5,511.0,PURPLE  HAYS,,WDC9127,52.0,0.0,24.0,8.0,3.0,52.0,B
311073800,2019-05-08T20:41:34,38.98405,-75.21261,0.0,152.4,331.0,EURO,IMO9567702,C6AA5,84.0,1.0,274.0,48.0,-11.5,84.0,A
369235000,2019-05-08T20:38:53,38.98377,-75.21317,0.0,111.6,330.0,OSG VISION,IMO9436537,WDF2493,31.0,0.0,46.0,15.0,6.5,57.0,B
256102000,2019-05-08T20:39:05,39.1778,-75.27056,18.5,147.2,144.0,ANTWERP TRADER,IMO9304746,9HA3819,70.0,0.0,211.0,29.0,11.4,70.0,B
368058330,2019-05-08T20:39:18,39.12045,-75.20965,4.5,-94.4,511.0,PURPLE  HAYS,,WDC9127,52.0,0.0,24.0,8.0,3.0,52.0,B
366914210,2019-05-08T20:39:11,38.83158,-75.11182,11.3,15.9,17.0,DELAWARE,IMO8990304,WYU8553,60.0,0.0,91.0,20.0,,,B
538006702,2019-05-08T20:39:31,38.96398,-75.19621,0.0,77.1,343.0,NAMSEN,IMO9761528,V7QJ6,80.0,1.0,,,,,A
338191464,2019-05-08T20:39:30,39.09632,-75.17585,6.5,138.2,511.0,DAY DREAMER,,,37.0,,,,,,B
256102000,2019-05-08T20:40:10,39.17323,-75.26658,18.4,145.5,143.0,ANTWERP TRADER,IMO9304746,9HA3819,70.0,0.0,211.0,29.0,11.4,70.0,B
311000546,2019-05-08T20:39:48,38.91155,-75.14636,0.2,42.9,347.0,,,,,1.0,,,,,A
338169577,2019-05-08T20:39:45,38.81412,-75.16613,18.4,158.5,511.0,JOANNE DAIBER,,,90.0,0.0,,,,,B
256102000,2019-05-08T20:41:17,39.16858,-75.26241,18.6,144.5,142.0,ANTWERP TRADER,IMO9304746,9HA3819,70.0,0.0,211.0,29.0,11.4,70.0,B
338169577,2019-05-08T20:41:40,38.80522,-75.16169,17.5,155.4,511.0,JOANNE DAIBER,,,90.0,0.0,,,,,B
240463000,2019-05-08T20:40:04,38.9389,-75.17098,0.0,204.0,355.0,BOUBOULINA,IMO9298753,SZIS,80.0,1.0,274.0,50.0,17.0,80.0,A
338191464,2019-05-08T20:41:01,39.0943,-75.17352,6.5,135.7,511.0,DAY DREAMER,,,37.0,,,,,,B
538004030,2019-05-08T20:41:17,38.92609,-75.1592,0.1,-194.5,346.0,FRIO,IMO9596985,V7UU3,80.0,1.0,274.0,48.0,17.1,89.0,A
369235000,2019-05-08T20:41:43,38.98375,-75.21314,0.0,111.6,330.0,OSG VISION,IMO9436537,WDF2493,31.0,0.0,46.0,15.0,6.5,57.0,B
366914210,2019-05-08T20:41:52,38.83841,-75.10606,11.0,43.4,38.0,DELAWARE,IMO8990304,WYU8553,60.0,0.0,91.0,20.0,,,B
369235000,2019-05-08T20:42:53,38.98374,-75.21318,0.2,-104.8,331.0,OSG VISION,IMO9436537,WDF2493,31.0,0.0,46.0,15.0,6.5,57.0,B
303104000,2019-05-08T20:42:58,39.013,-75.14753,12.9,-73.6,336.0,SEABULK CHALLENGE,IMO7816551,KNJL,80.0,0.0,191.0,32.0,13.2,,B
367120230,2019-05-08T20:43:10,38.9845,-75.21398,0.4,-87.0,511.0,SONIE,IMO9373723,WDD2812,31.0,0.0,24.0,9.0,4.0,52.0,B
366980160,2019-05-08T20:43:16,38.78571,-75.11854,23.4,28.8,28.0,BRANDYWINE,,WDB9646,,15.0,16.0,5.0,,,A
366914210,2019-05-08T20:43:22,38.84176,-75.10199,11.1,41.7,37.0,DELAWARE,IMO8990304,WYU8553,60.0,0.0,91.0,20.0,,,B
338447000,2019-05-08T20:43:21,38.96384,-75.1967,0.0,91.3,342.0,OSG HORIZON,IMO9436549,WDF6180,31.0,0.0,46.0,15.0,6.5,57.0,B
368058330,2019-05-08T20:42:47,39.12275,-75.21418,4.3,-99.5,511.0,PURPLE  HAYS,,WDC9127,52.0,0.0,24.0,8.0,3.0,52.0,B
338169577,2019-05-08T20:43:16,38.79812,-75.15753,16.6,160.7,511.0,JOANNE DAIBER,,,90.0,0.0,,,,,B
338447000,2019-05-08T20:44:41,38.96386,-75.19668,0.0,91.3,342.0,OSG HORIZON,IMO9436549,WDF6180,31.0,0.0,46.0,15.0,6.5,57.0,B
366914210,2019-05-08T20:44:41,38.84473,-75.09836,11.1,44.6,39.0,DELAWARE,IMO8990304,WYU8553,60.0,0.0,91.0,20.0,,,B
366980160,2019-05-08T20:45:06,38.79733,-75.11888,23.3,-56.1,352.0,BRANDYWINE,,WDB9646,,15.0,16.0,5.0,,,B
338191464,2019-05-08T20:42:03,39.09286,-75.17198,6.6,142.2,511.0,DAY DREAMER,,,37.0,,,,,,B
368058330,2019-05-08T20:45:27,39.12497,-75.21715,4.3,-94.9,511.0,PURPLE  HAYS,,WDC9127,52.0,0.0,24.0,8.0,3.0,52.0,B
256102000,2019-05-08T20:45:28,39.15081,-75.24591,18.6,144.2,142.0,ANTWERP TRADER,IMO9304746,9HA3819,70.0,0.0,211.0,29.0,11.4,70.0,B
538006702,2019-05-08T20:42:33,38.96397,-75.19616,0.0,77.1,343.0,NAMSEN,IMO9761528,V7QJ6,80.0,1.0,,,,,A
367068110,2019-05-08T20:42:18,38.91301,-75.1474,0.4,-59.4,511.0,BIG STONE EXPRESS,,WCX9178,60.0,0.0,22.0,5.0,,,B
311000546,2019-05-08T20:42:48,38.91172,-75.14627,0.0,54.2,344.0,,,,,1.0,,,,,A
338447000,2019-05-08T20:45:52,38.96387,-75.19668,0.0,91.3,342.0,OSG HORIZON,IMO9436549,WDF6180,31.0,0.0,46.0,15.0,6.5,57.0,B
256102000,2019-05-08T20:46:40,39.14589,-75.24139,18.6,144.2,142.0,ANTWERP TRADER,IMO9304746,9HA3819,70.0,0.0,211.0,29.0,11.4,70.0,B
240463000,2019-05-08T20:43:05,38.93895,-75.17105,0.0,204.0,357.0,BOUBOULINA,IMO9298753,SZIS,80.0,1.0,274.0,50.0,17.0,80.0,A
366914210,2019-05-08T20:46:42,38.84924,-75.09279,11.3,44.7,41.0,DELAWARE,IMO8990304,WYU8553,60.0,0.0,91.0,20.0,,,B
338191464,2019-05-08T20:43:30,39.09083,-75.16983,6.2,140.7,511.0,DAY DREAMER,,,37.0,,,,,,B
367068110,2019-05-08T20:43:28,38.91297,-75.14745,0.9,180.4,511.0,BIG STONE EXPRESS,,WCX9178,60.0,0.0,22.0,5.0,,,B
367120230,2019-05-08T20:46:42,38.98448,-75.21489,1.3,-196.1,511.0,SONIE,IMO9373723,WDD2812,31.0,0.0,24.0,9.0,4.0,52.0,B
538004030,2019-05-08T20:47:15,38.92617,-75.15907,0.2,48.9,352.0,FRIO,IMO9596985,V7UU3,80.0,1.0,274.0,48.0,17.1,89.0,A
303104000,2019-05-08T20:44:00,39.01632,-75.14948,12.9,-74.6,336.0,SEABULK CHALLENGE,IMO7816551,KNJL,80.0,0.0,191.0,32.0,13.2,,B
369235000,2019-05-08T20:44:03,38.98382,-75.21329,0.3,-95.5,332.0,OSG VISION,IMO9436537,WDF2493,31.0,0.0,46.0,15.0,6.5,57.0,B
338447000,2019-05-08T20:47:41,38.96388,-75.19667,0.0,91.3,343.0,OSG HORIZON,IMO9436549,WDF6180,31.0,0.0,46.0,15.0,6.5,57.0,B
368058330,2019-05-08T20:47:08,39.12643,-75.21904,4.5,-95.9,511.0,PURPLE  HAYS,,WDC9127,52.0,0.0,24.0,8.0,3.0,52.0,B
369235000,2019-05-08T20:47:53,38.98418,-75.21365,0.5,-100.0,334.0,OSG VISION,IMO9436537,WDF2493,31.0,0.0,46.0,15.0,6.5,57.0,B
256102000,2019-05-08T20:47:58,39.14028,-75.23619,18.6,143.9,142.0,ANTWERP TRADER,IMO9304746,9HA3819,70.0,0.0,211.0,29.0,11.4,70.0,B
367120230,2019-05-08T20:48:02,38.98467,-75.21515,0.9,-96.2,511.0,SONIE,IMO9373723,WDD2812,31.0,0.0,24.0,9.0,4.0,52.0,B
366914210,2019-05-08T20:48:01,38.85222,-75.08932,11.0,41.8,41.0,DELAWARE,IMO8990304,WYU8553,60.0,0.0,91.0,20.0,,,B
366980160,2019-05-08T20:47:56,38.80739,-75.10084,24.0,69.8,69.0,BRANDYWINE,,WDB9646,,15.0,16.0,5.0,,,B
338191464,2019-05-08T20:45:00,39.08877,-75.16773,6.8,140.2,511.0,DAY DREAMER,,,37.0,,,,,,B
303104000,2019-05-08T20:45:09,39.02011,-75.15158,13.0,-71.7,337.0,SEABULK CHALLENGE,IMO7816551,KNJL,80.0,0.0,191.0,32.0,13.2,,B
311073800,2019-05-08T20:44:33,38.98401,-75.21273,0.1,-166.0,335.0,EURO,IMO9567702,C6AA5,84.0,1.0,274.0,48.0,-11.5,84.0,A
538006702,2019-05-08T20:45:33,38.96396,-75.19615,0.0,77.1,343.0,NAMSEN,IMO9761528,V7QJ6,80.0,1.0,,,,,A
367068110,2019-05-08T20:44:49,38.91249,-75.14741,1.3,174.2,511.0,BIG STONE EXPRESS,,WCX9178,60.0,0.0,22.0,5.0,,,B
367120230,2019-05-08T20:49:31,38.98497,-75.21535,1.9,54.9,511.0,SONIE,IMO9373723,WDD2812,31.0,0.0,24.0,9.0,4.0,52.0,B
240463000,2019-05-08T20:46:02,38.93895,-75.17105,0.0,204.0,359.0,BOUBOULINA,IMO9298753,SZIS,80.0,1.0,274.0,50.0,17.0,80.0,A
311000546,2019-05-08T20:45:48,38.91179,-75.14621,0.0,86.0,342.0,,,,,1.0,,,,,A
338447000,2019-05-08T20:49:11,38.96391,-75.19667,0.0,91.3,343.0,OSG HORIZON,IMO9436549,WDF6180,31.0,0.0,46.0,15.0,6.5,57.0,B
256102000,2019-05-08T20:49:34,39.13368,-75.23015,18.6,144.6,142.0,ANTWERP TRADER,IMO9304746,9HA3819,70.0,0.0,211.0,29.0,11.4,70.0,B
367068110,2019-05-08T20:45:59,38.91261,-75.14747,2.0,-73.3,511.0,BIG STONE EXPRESS,,WCX9178,60.0,0.0,22.0,5.0,,,B
338191464,2019-05-08T20:46:01,39.08741,-75.16611,7.0,134.4,511.0,DAY DREAMER,,,37.0,,,,,,B
303104000,2019-05-08T20:49:28,39.03439,-75.15941,12.7,-71.5,338.0,SEABULK CHALLENGE,IMO7816551,KNJL,80.0,0.0,191.0,32.0,13.2,,B
367068110,2019-05-08T20:47:09,38.91312,-75.14739,0.8,79.0,511.0,BIG STONE EXPRESS,,WCX9178,60.0,0.0,22.0,5.0,,,B
338191464,2019-05-08T20:47:02,39.086,-75.16465,6.6,145.6,511.0,DAY DREAMER,,,37.0,,,,,,B
366914210,2019-05-08T20:50:01,38.85692,-75.08426,11.0,41.1,41.0,DELAWARE,IMO8990304,WYU8553,60.0,0.0,91.0,20.0,,,B
338447000,2019-05-08T20:50:41,38.9639,-75.19668,0.0,91.3,343.0,OSG HORIZON,IMO9436549,WDF6180,31.0,0.0,46.0,15.0,6.5,57.0,B
368058330,2019-05-08T20:51:08,39.12993,-75.22368,4.5,-94.0,511.0,PURPLE  HAYS,,WDC9127,52.0,0.0,24.0,8.0,3.0,52.0,B
367120230,2019-05-08T20:50:51,38.9862,-75.21559,3.8,-82.8,511.0,SONIE,IMO9373723,WDD2812,31.0,0.0,24.0,9.0,4.0,52.0,B
303104000,2019-05-08T20:51:19,39.04047,-75.16255,12.7,-72.5,340.0,SEABULK CHALLENGE,IMO7816551,KNJL,80.0,0.0,191.0,32.0,13.2,,B
369235000,2019-05-08T20:51:03,38.98572,-75.21505,3.8,-93.8,332.0,OSG VISION,IMO9436537,WDF2493,31.0,0.0,46.0,15.0,6.5,57.0,B
311073800,2019-05-08T20:47:35,38.98407,-75.2129,0.0,-116.1,341.0,EURO,IMO9567702,C6AA5,84.0,1.0,274.0,48.0,-11.5,84.0,A
338447000,2019-05-08T20:51:52,38.9639,-75.19668,0.0,91.3,342.0,OSG HORIZON,IMO9436549,WDF6180,31.0,0.0,46.0,15.0,6.5,57.0,B
367120230,2019-05-08T20:52:02,38.98628,-75.21647,8.7,173.9,511.0,SONIE,IMO9373723,WDD2812,31.0,0.0,24.0,9.0,4.0,52.0,B
369235000,2019-05-08T20:52:25,38.987,-75.21617,4.3,-65.9,13.0,OSG VISION,IMO9436537,WDF2493,31.0,0.0,46.0,15.0,6.5,57.0,A
338191464,2019-05-08T20:48:30,39.08393,-75.16245,5.9,137.9,511.0,DAY DREAMER,,,37.0,,,,,,B
366914210,2019-05-08T20:52:12,38.86196,-75.07884,10.9,39.0,39.0,DELAWARE,IMO8990304,WYU8553,60.0,0.0,91.0,20.0,,,B
367068110,2019-05-08T20:50:58,38.91303,-75.14756,0.9,187.9,511.0,BIG STONE EXPRESS,,WCX9178,60.0,0.0,22.0,5.0,,,B
311000546,2019-05-08T20:48:48,38.9118,-75.14618,0.0,133.3,342.0,,,,,1.0,,,,,A
240463000,2019-05-08T20:49:04,38.93898,-75.17102,0.0,204.0,359.0,BOUBOULINA,IMO9298753,SZIS,80.0,1.0,274.0,50.0,17.0,80.0,A
338191464,2019-05-08T20:53:00,39.07771,-75.15547,6.5,138.9,511.0,DAY DREAMER,,,37.0,,,,,,B
369235000,2019-05-08T20:53:26,38.98822,-75.21595,4.4,23.1,49.0,OSG VISION,IMO9436537,WDF2493,31.0,0.0,46.0,15.0,6.5,57.0,A
538006702,2019-05-08T20:48:31,38.964,-75.1961,0.0,77.1,344.0,NAMSEN,IMO9761528,V7QJ6,80.0,1.0,,,,,A
538004030,2019-05-08T20:50:14,38.92634,-75.15884,0.2,56.6,350.0,FRIO,IMO9596985,V7UU3,80.0,1.0,274.0,48.0,17.1,89.0,A
256102000,2019-05-08T20:51:46,39.12434,-75.22185,19.0,146.2,144.0,ANTWERP TRADER,IMO9304746,9HA3819,70.0,0.0,211.0,29.0,11.4,70.0,B
311073800,2019-05-08T20:50:32,38.98415,-75.21312,0.1,-77.6,345.0,EURO,IMO9567702,C6AA5,84.0,1.0,274.0,48.0,-11.5,84.0,A
256102000,2019-05-08T20:50:40,39.12907,-75.22593,18.8,144.7,143.0,ANTWERP TRADER,IMO9304746,9HA3819,70.0,0.0,211.0,29.0,11.4,70.0,B
367068110,2019-05-08T20:52:48,38.91272,-75.14754,1.2,174.1,511.0,BIG STONE EXPRESS,,WCX9178,60.0,0.0,22.0,5.0,,,B
538006702,2019-05-08T20:51:31,38.964,-75.19613,0.0,77.1,343.0,NAMSEN,IMO9761528,V7QJ6,80.0,1.0,,,,,A
240463000,2019-05-08T20:52:04,38.939,-75.17098,0.0,204.0,359.0,BOUBOULINA,IMO9298753,SZIS,80.0,1.0,274.0,50.0,17.0,80.0,A
311000546,2019-05-08T20:51:48,38.91173,-75.14613,0.0,148.0,341.0,,,,,1.0,,,,,A
303104000,2019-05-08T20:52:28,39.04436,-75.16443,12.9,-72.2,338.0,SEABULK CHALLENGE,IMO7816551,KNJL,80.0,0.0,191.0,32.0,13.2,,B
311073800,2019-05-08T20:53:35,38.98426,-75.21307,0.1,70.7,344.0,EURO,IMO9567702,C6AA5,84.0,1.0,274.0,48.0,-11.5,84.0,A
303104000,2019-05-08T20:53:39,39.04831,-75.16637,12.7,-71.5,339.0,SEABULK CHALLENGE,IMO7816551,KNJL,80.0,0.0,191.0,32.0,13.2,,B
538004030,2019-05-08T20:53:14,38.92653,-75.15866,0.1,61.4,347.0,FRIO,IMO9596985,V7UU3,80.0,1.0,274.0,48.0,17.1,89.0,A
367068110,2019-05-08T20:53:58,38.9129,-75.14739,0.7,104.5,511.0,BIG STONE EXPRESS,,WCX9178,60.0,0.0,22.0,5.0,,,B
368058330,2019-05-08T20:53:58,39.13232,-75.22677,4.4,-91.7,511.0,PURPLE  HAYS,,WDC9127,52.0,0.0,24.0,8.0,3.0,52.0,B
369235000,2019-05-08T20:54:46,38.98924,-75.21429,4.8,72.2,97.0,OSG VISION,IMO9436537,WDF2493,31.0,0.0,46.0,15.0,6.5,57.0,A
367120230,2019-05-08T20:54:52,38.97819,-75.20992,12.4,144.0,511.0,SONIE,IMO9373723,WDD2812,31.0,0.0,24.0,9.0,4.0,52.0,B
369235000,2019-05-08T20:55:53,38.98913,-75.21228,5.2,112.0,135.0,OSG VISION,IMO9436537,WDF2493,31.0,0.0,46.0,15.0,6.5,57.0,A
256102000,2019-05-08T20:56:28,39.10355,-75.20423,18.9,146.8,144.0,ANTWERP TRADER,IMO9304746,9HA3819,70.0,0.0,211.0,29.0,11.4,70.0,B
367068110,2019-05-08T20:56:19,38.9123,-75.14702,1.0,138.1,511.0,BIG STONE EXPRESS,,WCX9178,60.0,0.0,22.0,5.0,,,B
338447000,2019-05-08T20:56:41,38.96389,-75.19665,0.0,91.3,342.0,OSG HORIZON,IMO9436549,WDF6180,31.0,0.0,46.0,15.0,6.5,57.0,B
368058330,2019-05-08T20:57:47,39.13583,-75.23086,4.4,-90.3,511.0,PURPLE  HAYS,,WDC9127,52.0,0.0,24.0,8.0,3.0,52.0,B
311000546,2019-05-08T20:57:48,38.91152,-75.14599,0.1,157.1,337.0,,,,,1.0,,,,,A
256102000,2019-05-08T20:58:10,39.09639,-75.19778,18.7,144.1,142.0,ANTWERP TRADER,IMO9304746,9HA3819,70.0,0.0,211.0,29.0,11.4,70.0,B
366914210,2019-05-08T20:57:31,38.8751,-75.06636,11.0,31.6,32.0,DELAWARE,IMO8990304,WYU8553,60.0,0.0,91.0,20.0,,,B
338447000,2019-05-08T20:58:50,38.96388,-75.19667,0.0,91.3,342.0,OSG HORIZON,IMO9436549,WDF6180,31.0,0.0,46.0,15.0,6.5,57.0,B
538006702,2019-05-08T20:54:33,38.96402,-75.19608,0.0,77.1,343.0,NAMSEN,IMO9761528,V7QJ6,80.0,1.0,,,,,A
366914210,2019-05-08T20:59:11,38.87941,-75.06313,10.4,30.9,31.0,DELAWARE,IMO8990304,WYU8553,60.0,0.0,91.0,20.0,,,B
240463000,2019-05-08T20:55:06,38.93888,-75.17097,0.0,204.0,358.0,BOUBOULINA,IMO9298753,SZIS,80.0,1.0,274.0,50.0,17.0,80.0,A
338191464,2019-05-08T20:55:02,39.07473,-75.15239,6.9,137.1,511.0,DAY DREAMER,,,37.0,,,,,,B
367120230,2019-05-08T20:56:01,38.97492,-75.20715,12.5,146.7,511.0,SONIE,IMO9373723,WDD2812,31.0,0.0,24.0,9.0,4.0,52.0,B
303104000,2019-05-08T20:54:50,39.05223,-75.16827,12.8,-70.2,340.0,SEABULK CHALLENGE,IMO7816551,KNJL,80.0,0.0,191.0,32.0,13.2,,B
367068110,2019-05-08T20:59:29,38.91185,-75.14722,2.5,-142.6,511.0,BIG STONE EXPRESS,,WCX9178,60.0,0.0,22.0,5.0,,,B
303104000,2019-05-08T20:56:00,39.05616,-75.17014,12.9,-70.1,339.0,SEABULK CHALLENGE,IMO7816551,KNJL,80.0,0.0,191.0,32.0,13.2,,B
338191464,2019-05-08T20:56:30,39.07249,-75.15027,6.7,141.7,511.0,DAY DREAMER,,,37.0,,,,,,B
538004030,2019-05-08T20:56:15,38.92664,-75.15853,0.1,73.1,343.0,FRIO,IMO9596985,V7UU3,80.0,1.0,274.0,48.0,17.1,89.0,A
369235000,2019-05-08T20:57:03,38.98777,-75.21069,6.4,145.2,146.0,OSG VISION,IMO9436537,WDF2493,31.0,0.0,46.0,15.0,6.5,57.0,B
367120230,2019-05-08T20:57:11,38.97154,-75.20433,12.4,145.8,511.0,SONIE,IMO9373723,WDD2812,31.0,0.0,24.0,9.0,4.0,52.0,B
538006702,2019-05-08T20:57:29,38.96404,-75.1961,0.0,77.1,343.0,NAMSEN,IMO9761528,V7QJ6,80.0,1.0,,,,,A
240463000,2019-05-08T20:58:02,38.93888,-75.17095,0.0,204.0,357.0,BOUBOULINA,IMO9298753,SZIS,80.0,1.0,274.0,50.0,17.0,80.0,A
311073800,2019-05-08T20:56:33,38.98429,-75.2129,0.1,155.7,337.0,EURO,IMO9567702,C6AA5,84.0,1.0,274.0,48.0,-11.5,84.0,A
367120230,2019-05-08T20:58:21,38.96821,-75.2014,12.5,144.1,511.0,SONIE,IMO9373723,WDD2812,31.0,0.0,24.0,9.0,4.0,52.0,B
303104000,2019-05-08T20:58:19,39.06396,-75.17386,12.7,-68.0,340.0,SEABULK CHALLENGE,IMO7816551,KNJL,80.0,0.0,191.0,32.0,13.2,,B
338191464,2019-05-08T20:58:33,39.06974,-75.14721,6.8,131.8,511.0,DAY DREAMER,,,37.0,,,,,,B
303104000,2019-05-08T20:57:09,39.06009,-75.17203,12.9,-70.6,339.0,SEABULK CHALLENGE,IMO7816551,KNJL,80.0,0.0,191.0,32.0,13.2,,B
538004030,2019-05-08T20:59:13,38.92667,-75.15848,0.0,137.1,342.0,FRIO,IMO9596985,V7UU3,80.0,1.0,274.0,48.0,17.1,89.0,A
256102000,2019-05-08T20:59:16,39.09186,-75.19362,18.6,144.1,142.0,ANTWERP TRADER,IMO9304746,9HA3819,70.0,0.0,211.0,29.0,11.4,70.0,B
369235000,2019-05-08T20:59:23,38.98333,-75.2069,9.3,146.2,144.0,OSG VISION,IMO9436537,WDF2493,31.0,0.0,46.0,15.0,6.5,57.0,B
303104000,2019-05-08T20:59:28,39.06791,-75.17566,12.9,-69.4,340.0,SEABULK CHALLENGE,IMO7816551,KNJL,80.0,0.0,191.0,32.0,13.2,,B
366914210,2019-05-08T21:00:02,38.88161,-75.06148,10.7,29.6,30.0,DELAWARE,IMO8990304,WYU8553,60.0,0.0,91.0,20.0,,,B
369235000,2019-05-08T21:00:03,38.98183,-75.20563,10.0,146.3,144.0,OSG VISION,IMO9436537,WDF2493,31.0,0.0,46.0,15.0,6.5,57.0,B
338191464,2019-05-08T21:00:00,39.06788,-75.1449,6.7,135.6,511.0,DAY DREAMER,,,37.0,,,,,,B
369235000,2019-05-08T20:58:12,38.98575,-75.20898,8.0,147.0,144.0,OSG VISION,IMO9436537,WDF2493,31.0,0.0,46.0,15.0,6.5,57.0,B
338447000,2019-05-08T21:00:01,38.96388,-75.19666,0.0,91.3,342.0,OSG HORIZON,IMO9436549,WDF6180,31.0,0.0,46.0,15.0,6.5,57.0,B
367120230,2019-05-08T21:00:01,38.96481,-75.19752,6.3,123.0,511.0,SONIE,IMO9373723,WDD2812,31.0,0.0,24.0,9.0,4.0,52.0,B
368058330,2019-05-08T21:00:08,39.13807,-75.23317,4.3,-84.8,511.0,PURPLE  HAYS,,WDC9127,52.0,0.0,24.0,8.0,3.0,52.0,B
367068110,2019-05-08T21:00:08,38.91202,-75.14789,1.7,-127.1,511.0,BIG STONE EXPRESS,,WCX9178,60.0,0.0,22.0,5.0,,,B
368058330,2019-05-08T20:58:58,39.13696,-75.23198,4.3,-90.1,511.0,PURPLE  HAYS,,WDC9127,52.0,0.0,24.0,8.0,3.0,52.0,B
311000546,2019-05-08T21:00:48,38.91141,-75.14604,0.0,193.1,336.0,,,,,1.0,,,,,A
538006702,2019-05-08T21:00:34,38.96401,-75.19609,0.0,77.1,343.0,NAMSEN,IMO9761528,V7QJ6,80.0,1.0,,,,,A
240463000,2019-05-08T21:01:05,38.93893,-75.17092,0.0,134.0,356.0,BOUBOULINA,IMO9298753,SZIS,80.0,1.0,274.0,50.0,17.0,80.0,A
367120230,2019-05-08T20:59:31,38.96543,-75.19859,8.4,139.0,511.0,SONIE,IMO9373723,WDD2812,31.0,0.0,24.0,9.0,4.0,52.0,B
311073800,2019-05-08T20:59:33,38.98417,-75.21296,0.1,200.9,337.0,EURO,IMO9567702,C6AA5,84.0,1.0,274.0,48.0,-11.5,84.0,A
256102000,2019-05-08T21:00:04,39.08835,-75.19036,18.5,143.8,144.0,ANTWERP TRADER,IMO9304746,9HA3819,70.0,0.0,211.0,29.0,11.4,70.0,B
303104000,2019-05-08T21:01:09,39.07357,-75.17842,12.8,-70.5,339.0,SEABULK CHALLENGE,IMO7816551,KNJL,80.0,0.0,191.0,32.0,13.2,,B
303104000,2019-05-08T21:00:00,39.06966,-75.17647,12.8,-70.3,339.0,SEABULK CHALLENGE,IMO7816551,KNJL,80.0,0.0,191.0,32.0,13.2,,B
366914210,2019-05-08T21:01:11,38.88459,-75.05934,10.7,30.6,32.0,DELAWARE,IMO8990304,WYU8553,60.0,0.0,91.0,20.0,,,B
338447000,2019-05-08T21:01:11,38.96387,-75.19667,0.0,91.3,342.0,OSG HORIZON,IMO9436549,WDF6180,31.0,0.0,46.0,15.0,6.5,57.0,B
367120230,2019-05-08T21:01:11,38.96454,-75.19716,0.2,-169.1,511.0,SONIE,IMO9373723,WDD2812,31.0,0.0,24.0,9.0,4.0,52.0,B
369235000,2019-05-08T21:01:12,38.97903,-75.20324,10.8,146.3,144.0,OSG VISION,IMO9436537,WDF2493,31.0,0.0,46.0,15.0,6.5,57.0,B
367068110,2019-05-08T21:01:19,38.91176,-75.14808,1.1,178.8,511.0,BIG STONE EXPRESS,,WCX9178,60.0,0.0,22.0,5.0,,,B
368058330,2019-05-08T21:01:28,39.13936,-75.23444,4.4,-88.9,511.0,PURPLE  HAYS,,WDC9127,52.0,0.0,24.0,8.0,3.0,52.0,B
256102000,2019-05-08T21:02:10,39.07883,-75.18403,18.7,157.5,156.0,ANTWERP TRADER,IMO9304746,9HA3819,70.0,0.0,211.0,29.0,11.4,70.0,B
303104000,2019-05-08T21:02:19,39.07742,-75.18043,13.2,-73.7,335.0,SEABULK CHALLENGE,IMO7816551,KNJL,80.0,0.0,191.0,32.0,13.2,,B
538004030,2019-05-08T21:02:16,38.92661,-75.15846,0.1,154.7,342.0,FRIO,IMO9596985,V7UU3,80.0,1.0,274.0,48.0,17.1,89.0,A
368058330,2019-05-08T21:02:29,39.14035,-75.23545,4.1,-91.2,511.0,PURPLE  HAYS,,WDC9127,52.0,0.0,24.0,8.0,3.0,52.0,B
338447000,2019-05-08T21:02:21,38.96387,-75.19667,0.0,91.3,342.0,OSG HORIZON,IMO9436549,WDF6180,31.0,0.0,46.0,15.0,6.5,57.0,B
369235000,2019-05-08T21:02:23,38.97593,-75.2006,11.4,146.5,143.0,OSG VISION,IMO9436537,WDF2493,31.0,0.0,46.0,15.0,6.5,57.0,B
366914210,2019-05-08T21:02:22,38.88761,-75.05705,10.6,29.2,30.0,DELAWARE,IMO8990304,WYU8553,60.0,0.0,91.0,20.0,,,B
256102000,2019-05-08T21:01:05,39.08396,-75.18686,18.6,152.5,155.0,ANTWERP TRADER,IMO9304746,9HA3819,70.0,0.0,211.0,29.0,11.4,70.0,B
311073800,2019-05-08T21:02:33,38.98399,-75.21308,0.1,175.9,344.0,EURO,IMO9567702,C6AA5,84.0,1.0,274.0,48.0,-11.5,84.0,A
366914210,2019-05-08T21:03:31,38.89053,-75.05495,10.6,30.0,32.0,DELAWARE,IMO8990304,WYU8553,60.0,0.0,91.0,20.0,,,B
256102000,2019-05-08T21:03:17,39.0736,-75.18124,18.6,157.7,156.0,ANTWERP TRADER,IMO9304746,9HA3819,70.0,0.0,211.0,29.0,11.4,70.0,B
369235000,2019-05-08T21:03:33,38.97276,-75.19777,11.8,144.3,141.0,OSG VISION,IMO9436537,WDF2493,31.0,0.0,46.0,15.0,6.5,57.0,B
367068110,2019-05-08T21:03:38,38.91179,-75.14775,0.7,140.5,511.0,BIG STONE EXPRESS,,WCX9178,60.0,0.0,22.0,5.0,,,B
303104000,2019-05-08T21:03:28,39.08124,-75.18278,13.0,-78.6,330.0,SEABULK CHALLENGE,IMO7816551,KNJL,80.0,0.0,191.0,32.0,13.2,,B
338191464,2019-05-08T21:01:32,39.06566,-75.14248,6.6,139.6,511.0,DAY DREAMER,,,37.0,,,,,,B
338447000,2019-05-08T21:03:30,38.96387,-75.19669,0.0,91.3,341.0,OSG HORIZON,IMO9436549,WDF6180,31.0,0.0,46.0,15.0,6.5,57.0,B
367120230,2019-05-08T21:03:31,38.96455,-75.19719,0.1,-82.7,511.0,SONIE,IMO9373723,WDD2812,31.0,0.0,24.0,9.0,4.0,52.0,B
538006702,2019-05-08T21:03:32,38.96404,-75.19611,0.0,77.1,342.0,NAMSEN,IMO9761528,V7QJ6,80.0,1.0,,,,,A
367120230,2019-05-08T21:02:12,38.9646,-75.19721,0.1,-85.6,511.0,SONIE,IMO9373723,WDD2812,31.0,0.0,24.0,9.0,4.0,52.0,B
367068110,2019-05-08T21:02:29,38.9117,-75.14804,2.3,23.9,511.0,BIG STONE EXPRESS,,WCX9178,60.0,0.0,22.0,5.0,,,B
338191464,2019-05-08T21:03:01,39.06347,-75.14019,7.0,141.5,511.0,DAY DREAMER,,,37.0,,,,,,B
368058330,2019-05-08T21:03:39,39.14138,-75.23658,4.2,-80.9,511.0,PURPLE  HAYS,,WDC9127,52.0,0.0,24.0,8.0,3.0,52.0,B
240463000,2019-05-08T21:04:06,38.93892,-75.1709,0.0,143.0,354.0,BOUBOULINA,IMO9298753,SZIS,80.0,1.0,274.0,50.0,17.0,80.0,A
256102000,2019-05-08T21:04:34,39.06719,-75.17789,18.6,157.3,154.0,ANTWERP TRADER,IMO9304746,9HA3819,70.0,0.0,211.0,29.0,11.4,70.0,B
338191464,2019-05-08T21:04:31,39.06132,-75.13789,6.6,142.6,511.0,DAY DREAMER,,,37.0,,,,,,B
366914210,2019-05-08T21:04:52,38.89394,-75.05244,10.6,28.9,30.0,DELAWARE,IMO8990304,WYU8553,60.0,0.0,91.0,20.0,,,B
311000546,2019-05-08T21:03:48,38.91136,-75.14617,0.0,-191.0,339.0,,,,,1.0,,,,,A
367068110,2019-05-08T21:04:39,38.91152,-75.14753,1.7,151.2,511.0,BIG STONE EXPRESS,,WCX9178,60.0,0.0,22.0,5.0,,,B
338447000,2019-05-08T21:04:41,38.96386,-75.19665,0.0,91.3,341.0,OSG HORIZON,IMO9436549,WDF6180,31.0,0.0,46.0,15.0,6.5,57.0,B
369235000,2019-05-08T21:04:41,38.96974,-75.19494,12.1,143.8,141.0,OSG VISION,IMO9436537,WDF2493,31.0,0.0,46.0,15.0,6.5,57.0,B
303104000,2019-05-08T21:04:58,39.08584,-75.18655,12.8,-85.3,325.0,SEABULK CHALLENGE,IMO7816551,KNJL,80.0,0.0,191.0,32.0,13.2,,B
368058330,2019-05-08T21:04:47,39.14248,-75.23752,4.2,-91.9,511.0,PURPLE  HAYS,,WDC9127,52.0,0.0,24.0,8.0,3.0,52.0,B
367120230,2019-05-08T21:04:42,38.96458,-75.19723,0.0,-124.6,511.0,SONIE,IMO9373723,WDD2812,31.0,0.0,24.0,9.0,4.0,52.0,B
311073800,2019-05-08T21:05:34,38.98392,-75.21302,0.0,129.5,341.0,EURO,IMO9567702,C6AA5,84.0,1.0,274.0,48.0,-11.5,84.0,A
366914210,2019-05-08T21:06:01,38.89687,-75.05035,10.4,28.2,29.0,DELAWARE,IMO8990304,WYU8553,60.0,0.0,91.0,20.0,,,B
367120230,2019-05-08T21:06:02,38.96463,-75.19723,0.0,66.1,511.0,SONIE,IMO9373723,WDD2812,31.0,0.0,24.0,9.0,4.0,52.0,B
538004030,2019-05-08T21:05:14,38.9265,-75.15843,0.1,171.4,341.0,FRIO,IMO9596985,V7UU3,80.0,1.0,274.0,48.0,17.1,89.0,A
369235000,2019-05-08T21:06:02,38.96602,-75.19151,12.3,144.0,141.0,OSG VISION,IMO9436537,WDF2493,31.0,0.0,46.0,15.0,6.5,57.0,B
338447000,2019-05-08T21:06:02,38.96385,-75.19666,0.0,91.3,341.0,OSG HORIZON,IMO9436549,WDF6180,31.0,0.0,46.0,15.0,6.5,57.0,B
256102000,2019-05-08T21:05:41,39.06204,-75.17499,18.6,156.1,154.0,ANTWERP TRADER,IMO9304746,9HA3819,70.0,0.0,211.0,29.0,11.4,70.0,B
368058330,2019-05-08T21:05:58,39.14354,-75.23865,4.2,-85.9,511.0,PURPLE  HAYS,,WDC9127,52.0,0.0,24.0,8.0,3.0,52.0,B
367068110,2019-05-08T21:05:48,38.91117,-75.14733,1.6,142.6,511.0,BIG STONE EXPRESS,,WCX9178,60.0,0.0,22.0,5.0,,,B
303104000,2019-05-08T21:06:09,39.0893,-75.1896,13.0,-85.6,323.0,SEABULK CHALLENGE,IMO7816551,KNJL,80.0,0.0,191.0,32.0,13.2,,B
538006702,2019-05-08T21:06:36,38.96401,-75.19609,0.0,77.1,342.0,NAMSEN,IMO9761528,V7QJ6,80.0,1.0,,,,,A
338191464,2019-05-08T21:06:01,39.05921,-75.13562,6.5,146.8,511.0,DAY DREAMER,,,37.0,,,,,,B
367120230,2019-05-08T21:07:20,38.96461,-75.19722,0.0,30.8,511.0,SONIE,IMO9373723,WDD2812,31.0,0.0,24.0,9.0,4.0,52.0,B
366914210,2019-05-08T21:07:11,38.89984,-75.04829,10.2,27.8,27.0,DELAWARE,IMO8990304,WYU8553,60.0,0.0,91.0,20.0,,,B
367068110,2019-05-08T21:07:29,38.91153,-75.14692,0.9,80.5,511.0,BIG STONE EXPRESS,,WCX9178,60.0,0.0,22.0,5.0,,,B
256102000,2019-05-08T21:06:46,39.05687,-75.17206,18.7,156.0,154.0,ANTWERP TRADER,IMO9304746,9HA3819,70.0,0.0,211.0,29.0,11.4,70.0,B
240463000,2019-05-08T21:07:05,38.9389,-75.17092,0.0,143.0,354.0,BOUBOULINA,IMO9298753,SZIS,80.0,1.0,274.0,50.0,17.0,80.0,A
368058330,2019-05-08T21:07:29,39.14502,-75.23994,4.3,-88.9,511.0,PURPLE  HAYS,,WDC9127,52.0,0.0,24.0,8.0,3.0,52.0,B
369235000,2019-05-08T21:07:12,38.96273,-75.18844,12.3,143.8,141.0,OSG VISION,IMO9436537,WDF2493,31.0,0.0,46.0,15.0,6.5,57.0,B
303104000,2019-05-08T21:07:18,39.09267,-75.1928,12.9,-85.8,324.0,SEABULK CHALLENGE,IMO7816551,KNJL,80.0,0.0,191.0,32.0,13.2,,B
338447000,2019-05-08T21:07:10,38.96387,-75.19666,0.0,91.3,341.0,OSG HORIZON,IMO9436549,WDF6180,31.0,0.0,46.0,15.0,6.5,57.0,B
256102000,2019-05-08T21:08:04,39.05047,-75.16852,18.8,156.7,154.0,ANTWERP TRADER,IMO9304746,9HA3819,70.0,0.0,211.0,29.0,11.4,70.0,B
311000546,2019-05-08T21:06:48,38.91138,-75.14627,0.2,-156.0,343.0,,,,,1.0,,,,,A
368058330,2019-05-08T21:08:38,39.14609,-75.24102,4.0,-82.9,511.0,PURPLE  HAYS,,WDC9127,52.0,0.0,24.0,8.0,3.0,52.0,B
338191464,2019-05-08T21:08:01,39.05635,-75.13267,6.8,137.1,511.0,DAY DREAMER,,,37.0,,,,,,B
538004030,2019-05-08T21:08:14,38.92635,-75.15843,0.2,190.0,338.0,FRIO,IMO9596985,V7UU3,80.0,1.0,274.0,48.0,17.1,89.0,A
369235000,2019-05-08T21:08:32,38.95899,-75.18501,12.3,144.5,141.0,OSG VISION,IMO9436537,WDF2493,31.0,0.0,46.0,15.0,6.5,57.0,B
303104000,2019-05-08T21:08:29,39.09611,-75.19603,12.8,-85.0,324.0,SEABULK CHALLENGE,IMO7816551,KNJL,80.0,0.0,191.0,32.0,13.2,,B
367120230,2019-05-08T21:08:32,38.96458,-75.19721,0.0,171.4,511.0,SONIE,IMO9373723,WDD2812,31.0,0.0,24.0,9.0,4.0,52.0,B
367068110,2019-05-08T21:08:39,38.91154,-75.14666,0.9,148.8,511.0,BIG STONE EXPRESS,,WCX9178,60.0,0.0,22.0,5.0,,,B
366914210,2019-05-08T21:09:01,38.90449,-75.04496,10.4,30.1,30.0,DELAWARE,IMO8990304,WYU8553,60.0,0.0,91.0,20.0,,,B
338447000,2019-05-08T21:08:22,38.96384,-75.19664,0.0,91.3,341.0,OSG HORIZON,IMO9436549,WDF6180,31.0,0.0,46.0,15.0,6.5,57.0,B
311073800,2019-05-08T21:08:33,38.98392,-75.21297,0.0,83.9,340.0,EURO,IMO9567702,C6AA5,84.0,1.0,274.0,48.0,-11.5,84.0,A
256102000,2019-05-08T21:09:46,39.04243,-75.16409,18.7,156.5,155.0,ANTWERP TRADER,IMO9304746,9HA3819,70.0,0.0,211.0,29.0,11.4,70.0,B
538006702,2019-05-08T21:09:32,38.96399,-75.19605,0.0,77.1,342.0,NAMSEN,IMO9761528,V7QJ6,80.0,1.0,,,,,A
367120230,2019-05-08T21:10:02,38.96459,-75.1972,0.0,-86.3,511.0,SONIE,IMO9373723,WDD2812,31.0,0.0,24.0,9.0,4.0,52.0,B
303104000,2019-05-08T21:10:09,39.10099,-75.20051,12.9,-83.8,326.0,SEABULK CHALLENGE,IMO7816551,KNJL,80.0,0.0,191.0,32.0,13.2,,B
338447000,2019-05-08T21:10:02,38.96385,-75.19658,0.0,91.3,341.0,OSG HORIZON,IMO9436549,WDF6180,31.0,0.0,46.0,15.0,6.5,57.0,B
338191464,2019-05-08T21:09:30,39.05431,-75.13034,6.8,141.8,511.0,DAY DREAMER,,,37.0,,,,,,B
369235000,2019-05-08T21:09:42,38.95574,-75.18201,12.4,145.0,141.0,OSG VISION,IMO9436537,WDF2493,31.0,0.0,46.0,15.0,6.5,57.0,B
367068110,2019-05-08T21:09:49,38.91119,-75.14642,0.3,117.1,511.0,BIG STONE EXPRESS,,WCX9178,60.0,0.0,22.0,5.0,,,B
368058330,2019-05-08T21:09:48,39.14718,-75.24193,3.9,-90.3,511.0,PURPLE  HAYS,,WDC9127,52.0,0.0,24.0,8.0,3.0,52.0,B
366980160,2019-05-08T21:11:08,38.8073,-75.09399,22.1,-132.8,273.0,BRANDYWINE,,WDB9646,,15.0,16.0,5.0,,,A
366914210,2019-05-08T21:10:11,38.90741,-75.04276,10.3,35.8,40.0,DELAWARE,IMO8990304,WYU8553,60.0,0.0,91.0,20.0,,,B
240463000,2019-05-08T21:10:06,38.9389,-75.17095,0.0,143.0,356.0,BOUBOULINA,IMO9298753,SZIS,80.0,1.0,274.0,50.0,17.0,80.0,A
256102000,2019-05-08T21:11:22,39.03441,-75.1597,18.8,157.1,155.0,ANTWERP TRADER,IMO9304746,9HA3819,70.0,0.0,211.0,29.0,11.4,70.0,B
538004030,2019-05-08T21:11:14,38.92627,-75.15857,0.1,-184.1,338.0,FRIO,IMO9596985,V7UU3,80.0,1.0,274.0,48.0,17.1,89.0,A
368058330,2019-05-08T21:11:18,39.14861,-75.24318,4.2,-83.5,511.0,PURPLE  HAYS,,WDC9127,52.0,0.0,24.0,8.0,3.0,52.0,B
303104000,2019-05-08T21:11:18,39.10438,-75.20355,12.9,-85.4,325.0,SEABULK CHALLENGE,IMO7816551,KNJL,80.0,0.0,191.0,32.0,13.2,,B
311073800,2019-05-08T21:11:35,38.98395,-75.21293,0.0,56.2,339.0,EURO,IMO9567702,C6AA5,84.0,1.0,274.0,48.0,-11.5,84.0,A
367068110,2019-05-08T21:10:59,38.91126,-75.14634,0.2,33.3,511.0,BIG STONE EXPRESS,,WCX9178,60.0,0.0,22.0,5.0,,,B
338191464,2019-05-08T21:11:00,39.05223,-75.12807,6.8,142.7,511.0,DAY DREAMER,,,37.0,,,,,,B
367120230,2019-05-08T21:11:32,38.96457,-75.1972,0.1,154.4,511.0,SONIE,IMO9373723,WDD2812,31.0,0.0,24.0,9.0,4.0,52.0,B
338447000,2019-05-08T21:11:11,38.96384,-75.19659,0.0,91.3,341.0,OSG HORIZON,IMO9436549,WDF6180,31.0,0.0,46.0,15.0,6.5,57.0,B
366914210,2019-05-08T21:11:41,38.9106,-75.03897,10.2,42.2,40.0,DELAWARE,IMO8990304,WYU8553,60.0,0.0,91.0,20.0,,,B
369235000,2019-05-08T21:11:42,38.95005,-75.17686,12.5,145.0,141.0,OSG VISION,IMO9436537,WDF2493,31.0,0.0,46.0,15.0,6.5,57.0,B
338191464,2019-05-08T21:12:30,39.05013,-75.12584,5.9,143.0,511.0,DAY DREAMER,,,37.0,,,,,,B
303104000,2019-05-08T21:12:38,39.10833,-75.2071,13.2,-87.0,324.0,SEABULK CHALLENGE,IMO7816551,KNJL,80.0,0.0,191.0,32.0,13.2,,B
366980160,2019-05-08T21:12:10,38.80594,-75.10212,23.5,-164.6,244.0,BRANDYWINE,,WDB9646,,15.0,16.0,5.0,,,B
256102000,2019-05-08T21:12:46,39.02797,-75.15621,18.8,157.0,154.0,ANTWERP TRADER,IMO9304746,9HA3819,70.0,0.0,211.0,29.0,11.4,70.0,B
338447000,2019-05-08T21:13:02,38.96385,-75.1966,0.0,91.3,341.0,OSG HORIZON,IMO9436549,WDF6180,31.0,0.0,46.0,15.0,6.5,57.0,B
367068110,2019-05-08T21:12:09,38.91134,-75.14636,0.2,-49.9,511.0,BIG STONE EXPRESS,,WCX9178,60.0,0.0,22.0,5.0,,,B
366914210,2019-05-08T21:12:43,38.91279,-75.03641,10.4,42.8,41.0,DELAWARE,IMO8990304,WYU8553,60.0,0.0,91.0,20.0,,,B
538006702,2019-05-08T21:12:36,38.964,-75.19603,0.0,77.1,341.0,NAMSEN,IMO9761528,V7QJ6,80.0,1.0,,,,,A
368058330,2019-05-08T21:12:29,39.14961,-75.24428,4.2,-89.7,511.0,PURPLE  HAYS,,WDC9127,52.0,0.0,24.0,8.0,3.0,52.0,B
311000546,2019-05-08T21:12:48,38.91168,-75.14624,0.1,23.2,344.0,,,,,1.0,,,,,A
311000546,2019-05-08T21:09:48,38.91148,-75.14627,0.2,19.2,345.0,,,,,1.0,,,,,A
303104000,2019-05-08T21:13:48,39.11176,-75.21024,12.9,-86.5,324.0,SEABULK CHALLENGE,IMO7816551,KNJL,80.0,0.0,191.0,32.0,13.2,,B
367120230,2019-05-08T21:12:41,38.96457,-75.19718,0.0,144.3,511.0,SONIE,IMO9373723,WDD2812,31.0,0.0,24.0,9.0,4.0,52.0,B
369235000,2019-05-08T21:13:03,38.94635,-75.17359,11.7,145.2,141.0,OSG VISION,IMO9436537,WDF2493,31.0,0.0,46.0,15.0,6.5,57.0,B
240463000,2019-05-08T21:13:05,38.93892,-75.17092,0.0,118.0,355.0,BOUBOULINA,IMO9298753,SZIS,80.0,1.0,274.0,50.0,17.0,80.0,A
366980160,2019-05-08T21:13:12,38.80339,-75.11023,24.0,-163.2,246.0,BRANDYWINE,,WDB9646,,15.0,16.0,5.0,,,B
367068110,2019-05-08T21:13:18,38.91183,-75.1466,3.2,-63.9,511.0,BIG STONE EXPRESS,,WCX9178,60.0,0.0,22.0,5.0,,,B
369235000,2019-05-08T21:14:23,38.94291,-75.1705,11.0,144.6,140.0,OSG VISION,IMO9436537,WDF2493,31.0,0.0,46.0,15.0,6.5,57.0,B
367120230,2019-05-08T21:14:32,38.9646,-75.19718,0.1,33.5,511.0,SONIE,IMO9373723,WDD2812,31.0,0.0,24.0,9.0,4.0,52.0,B
368058330,2019-05-08T21:13:38,39.15068,-75.24518,4.0,-76.6,511.0,PURPLE  HAYS,,WDC9127,52.0,0.0,24.0,8.0,3.0,52.0,B
366980160,2019-05-08T21:14:52,38.79583,-75.11699,25.2,174.5,174.0,BRANDYWINE,,WDB9646,,15.0,16.0,5.0,,,B
368058330,2019-05-08T21:15:07,39.15207,-75.24636,4.0,-86.3,511.0,PURPLE  HAYS,,WDC9127,52.0,0.0,24.0,8.0,3.0,52.0,B
256102000,2019-05-08T21:13:52,39.02233,-75.15311,18.8,156.6,155.0,ANTWERP TRADER,IMO9304746,9HA3819,70.0,0.0,211.0,29.0,11.4,70.0,B
338191464,2019-05-08T21:14:30,39.04745,-75.1229,6.2,138.6,511.0,DAY DREAMER,,,37.0,,,,,,B
338447000,2019-05-08T21:14:11,38.96386,-75.19657,0.0,91.3,341.0,OSG HORIZON,IMO9436549,WDF6180,31.0,0.0,46.0,15.0,6.5,57.0,B
538004030,2019-05-08T21:14:16,38.9262,-75.15881,0.0,-171.1,343.0,FRIO,IMO9596985,V7UU3,80.0,1.0,274.0,48.0,17.1,89.0,A
303104000,2019-05-08T21:15:38,39.11713,-75.21515,12.8,-84.9,325.0,SEABULK CHALLENGE,IMO7816551,KNJL,80.0,0.0,191.0,32.0,13.2,,B
367068110,2019-05-08T21:14:28,38.91137,-75.14629,0.7,145.6,511.0,BIG STONE EXPRESS,,WCX9178,60.0,0.0,22.0,5.0,,,B
311073800,2019-05-08T21:14:35,38.98402,-75.21287,0.0,107.2,339.0,EURO,IMO9567702,C6AA5,84.0,1.0,274.0,48.0,-11.5,84.0,A
311000546,2019-05-08T21:15:48,38.91182,-75.14618,0.1,35.2,342.0,,,,,1.0,,,,,A
366914210,2019-05-08T21:14:52,38.91748,-75.03085,10.6,41.3,40.0,DELAWARE,IMO8990304,WYU8553,60.0,0.0,91.0,20.0,,,B
256102000,2019-05-08T21:14:58,39.01713,-75.15029,18.8,156.5,155.0,ANTWERP TRADER,IMO9304746,9HA3819,70.0,0.0,211.0,29.0,11.4,70.0,B
338447000,2019-05-08T21:15:51,38.96391,-75.19657,0.1,91.3,343.0,OSG HORIZON,IMO9436549,WDF6180,31.0,0.0,46.0,15.0,6.5,57.0,B
369235000,2019-05-08T21:15:31,38.94006,-75.16789,10.7,143.9,141.0,OSG VISION,IMO9436537,WDF2493,31.0,0.0,46.0,15.0,6.5,57.0,B
366980160,2019-05-08T21:16:30,38.78483,-75.11918,18.1,201.3,203.0,BRANDYWINE,,WDB9646,,15.0,16.0,5.0,,,B
367068110,2019-05-08T21:15:38,38.9115,-75.14627,0.1,15.9,511.0,BIG STONE EXPRESS,,WCX9178,60.0,0.0,22.0,5.0,,,B
367120230,2019-05-08T21:15:42,38.96464,-75.19716,0.1,3.9,511.0,SONIE,IMO9373723,WDD2812,31.0,0.0,24.0,9.0,4.0,52.0,B
367068110,2019-05-08T21:16:59,38.91132,-75.14621,1.6,179.8,511.0,BIG STONE EXPRESS,,WCX9178,60.0,0.0,22.0,5.0,,,B
303104000,2019-05-08T21:16:59,39.1211,-75.21871,12.9,-84.1,326.0,SEABULK CHALLENGE,IMO7816551,KNJL,80.0,0.0,191.0,32.0,13.2,,B
538006702,2019-05-08T21:15:32,38.96404,-75.196,0.0,77.1,342.0,NAMSEN,IMO9761528,V7QJ6,80.0,1.0,,,,,A
366914210,2019-05-08T21:16:01,38.92003,-75.028,10.5,40.7,41.0,DELAWARE,IMO8990304,WYU8553,60.0,0.0,91.0,20.0,,,B
338191464,2019-05-08T21:16:00,39.04525,-75.12085,6.5,142.0,511.0,DAY DREAMER,,,37.0,,,,,,B
256102000,2019-05-08T21:16:04,39.0119,-75.14737,19.0,156.6,155.0,ANTWERP TRADER,IMO9304746,9HA3819,70.0,0.0,211.0,29.0,11.4,70.0,B
368058330,2019-05-08T21:16:17,39.15318,-75.24728,4.2,-83.8,511.0,PURPLE  HAYS,,WDC9127,52.0,0.0,24.0,8.0,3.0,52.0,B
256102000,2019-05-08T21:17:52,39.00339,-75.1426,19.1,156.2,154.0,ANTWERP TRADER,IMO9304746,9HA3819,70.0,0.0,211.0,29.0,11.4,70.0,B
368058330,2019-05-08T21:17:47,39.15462,-75.24849,4.3,-84.8,511.0,PURPLE  HAYS,,WDC9127,52.0,0.0,24.0,8.0,3.0,52.0,B
369235000,2019-05-08T21:17:52,38.9344,-75.16279,10.5,144.0,137.0,OSG VISION,IMO9436537,WDF2493,31.0,0.0,46.0,15.0,6.5,57.0,B
367120230,2019-05-08T21:16:51,38.96471,-75.19714,0.1,11.5,511.0,SONIE,IMO9373723,WDD2812,31.0,0.0,24.0,9.0,4.0,52.0,B
338447000,2019-05-08T21:17:01,38.96393,-75.19659,0.1,91.3,344.0,OSG HORIZON,IMO9436549,WDF6180,31.0,0.0,46.0,15.0,6.5,57.0,B
240463000,2019-05-08T21:16:05,38.93888,-75.17092,0.0,131.0,353.0,BOUBOULINA,IMO9298753,SZIS,80.0,1.0,274.0,50.0,17.0,80.0,A
366914210,2019-05-08T21:17:52,38.92408,-75.02338,10.8,43.7,43.0,DELAWARE,IMO8990304,WYU8553,60.0,0.0,91.0,20.0,,,B
240463000,2019-05-08T21:19:03,38.93887,-75.17092,0.0,141.0,353.0,BOUBOULINA,IMO9298753,SZIS,80.0,1.0,274.0,50.0,17.0,80.0,A
538004030,2019-05-08T21:17:17,38.92616,-75.15894,0.1,-170.2,348.0,FRIO,IMO9596985,V7UU3,80.0,1.0,274.0,48.0,17.1,89.0,A
311073800,2019-05-08T21:17:35,38.98405,-75.2128,0.0,86.9,337.0,EURO,IMO9567702,C6AA5,84.0,1.0,274.0,48.0,-11.5,84.0,A
338191464,2019-05-08T21:17:30,39.04313,-75.11853,6.5,140.9,511.0,DAY DREAMER,,,37.0,,,,,,B
338447000,2019-05-08T21:18:51,38.96402,-75.19657,0.1,21.0,344.0,OSG HORIZON,IMO9436549,WDF6180,31.0,0.0,46.0,15.0,6.5,57.0,B
367120230,2019-05-08T21:19:11,38.9648,-75.19709,0.2,9.5,511.0,SONIE,IMO9373723,WDD2812,31.0,0.0,24.0,9.0,4.0,52.0,B
256102000,2019-05-08T21:19:40,38.99451,-75.13751,19.1,155.9,155.0,ANTWERP TRADER,IMO9304746,9HA3819,70.0,0.0,211.0,29.0,11.4,70.0,B
367068110,2019-05-08T21:18:09,38.91158,-75.14618,0.2,19.5,511.0,BIG STONE EXPRESS,,WCX9178,60.0,0.0,22.0,5.0,,,B
303104000,2019-05-08T21:19:59,39.13006,-75.22666,12.7,-83.3,327.0,SEABULK CHALLENGE,IMO7816551,KNJL,80.0,0.0,191.0,32.0,13.2,,B
303104000,2019-05-08T21:18:09,39.12455,-75.22182,12.9,-84.2,326.0,SEABULK CHALLENGE,IMO7816551,KNJL,80.0,0.0,191.0,32.0,13.2,,B
368058330,2019-05-08T21:18:58,39.15579,-75.24958,4.4,-86.0,511.0,PURPLE  HAYS,,WDC9127,52.0,0.0,24.0,8.0,3.0,52.0,B
338191464,2019-05-08T21:20:30,39.03894,-75.11387,6.5,139.2,511.0,DAY DREAMER,,,37.0,,,,,,B
311000546,2019-05-08T21:18:48,38.91189,-75.14614,0.0,75.8,341.0,,,,,1.0,,,,,A
367068110,2019-05-08T21:20:28,38.91173,-75.1466,9.3,-63.2,511.0,BIG STONE EXPRESS,,WCX9178,60.0,0.0,22.0,5.0,,,B
338191464,2019-05-08T21:19:00,39.04104,-75.1162,6.7,136.6,511.0,DAY DREAMER,,,37.0,,,,,,B
366914210,2019-05-08T21:19:01,38.92659,-75.02039,10.8,41.6,40.0,DELAWARE,IMO8990304,WYU8553,60.0,0.0,91.0,20.0,,,B
538006702,2019-05-08T21:18:34,38.96419,-75.19603,0.2,14.4,344.0,NAMSEN,IMO9761528,V7QJ6,80.0,1.0,,,,,A
369235000,2019-05-08T21:20:33,38.92862,-75.15638,9.5,133.3,106.0,OSG VISION,IMO9436537,WDF2493,31.0,0.0,46.0,15.0,6.5,57.0,A
256102000,2019-05-08T21:20:52,38.98882,-75.13431,19.2,156.3,154.0,ANTWERP TRADER,IMO9304746,9HA3819,70.0,0.0,211.0,29.0,11.4,70.0,B
366914210,2019-05-08T21:21:22,38.9318,-75.0143,11.0,42.8,43.0,DELAWARE,IMO8990304,WYU8553,60.0,0.0,91.0,20.0,,,B
338447000,2019-05-08T21:19:52,38.96406,-75.19655,0.0,13.7,344.0,OSG HORIZON,IMO9436549,WDF6180,31.0,0.0,46.0,15.0,6.5,57.0,B
538006702,2019-05-08T21:21:33,38.9644,-75.19588,0.2,16.6,342.0,NAMSEN,IMO9761528,V7QJ6,80.0,1.0,,,,,A
311073800,2019-05-08T21:20:35,38.98405,-75.21273,0.0,114.6,336.0,EURO,IMO9567702,C6AA5,84.0,1.0,274.0,48.0,-11.5,84.0,A
538004030,2019-05-08T21:20:16,38.92621,-75.15896,0.1,44.6,350.0,FRIO,IMO9596985,V7UU3,80.0,1.0,274.0,48.0,17.1,89.0,A
303104000,2019-05-08T21:21:28,39.13451,-75.23049,12.9,-83.0,327.0,SEABULK CHALLENGE,IMO7816551,KNJL,80.0,0.0,191.0,32.0,13.2,,B
303104000,2019-05-08T21:22:49,39.13848,-75.23395,12.8,-83.6,327.0,SEABULK CHALLENGE,IMO7816551,KNJL,80.0,0.0,191.0,32.0,13.2,,B
367120230,2019-05-08T21:21:32,38.96453,-75.19748,0.6,91.4,511.0,SONIE,IMO9373723,WDD2812,31.0,0.0,24.0,9.0,4.0,52.0,B
367068110,2019-05-08T21:21:32,38.91626,-75.1511,20.6,-87.1,511.0,BIG STONE EXPRESS,,WCX9178,60.0,0.0,22.0,5.0,,,A
538004030,2019-05-08T21:23:14,38.92632,-75.15887,0.1,59.7,351.0,FRIO,IMO9596985,V7UU3,80.0,1.0,274.0,48.0,17.1,89.0,A
311000546,2019-05-08T21:21:48,38.91188,-75.14613,0.0,154.0,341.0,,,,,1.0,,,,,A
369235000,2019-05-08T21:19:23,38.93105,-75.15919,10.2,138.4,130.0,OSG VISION,IMO9436537,WDF2493,31.0,0.0,46.0,15.0,6.5,57.0,B
338191464,2019-05-08T21:22:00,39.03683,-75.11159,6.5,137.8,511.0,DAY DREAMER,,,37.0,,,,,,B
240463000,2019-05-08T21:22:04,38.93892,-75.17087,0.0,141.0,351.0,BOUBOULINA,IMO9298753,SZIS,80.0,1.0,274.0,50.0,17.0,80.0,A
367068110,2019-05-08T21:22:38,38.92114,-75.15654,21.0,-97.0,511.0,BIG STONE EXPRESS,,WCX9178,60.0,0.0,22.0,5.0,,,B
368058330,2019-05-08T21:21:28,39.1583,-75.25145,4.2,-77.7,511.0,PURPLE  HAYS,,WDC9127,52.0,0.0,24.0,8.0,3.0,52.0,B
369235000,2019-05-08T21:21:52,38.9272,-75.1529,7.9,109.1,73.0,OSG VISION,IMO9436537,WDF2493,31.0,0.0,46.0,15.0,6.5,57.0,A
367120230,2019-05-08T21:20:22,38.96468,-75.19747,4.1,-160.9,511.0,SONIE,IMO9373723,WDD2812,31.0,0.0,24.0,9.0,4.0,52.0,B
256102000,2019-05-08T21:22:28,38.98065,-75.12964,19.3,156.0,155.0,ANTWERP TRADER,IMO9304746,9HA3819,70.0,0.0,211.0,29.0,11.4,70.0,B
338447000,2019-05-08T21:21:01,38.96406,-75.19651,0.2,62.1,342.0,OSG HORIZON,IMO9436549,WDF6180,31.0,0.0,46.0,15.0,6.5,57.0,B
338447000,2019-05-08T21:22:12,38.96413,-75.19642,0.2,25.4,338.0,OSG HORIZON,IMO9436549,WDF6180,31.0,0.0,46.0,15.0,6.5,57.0,B
367120230,2019-05-08T21:23:22,38.96487,-75.19742,0.1,-159.8,511.0,SONIE,IMO9373723,WDD2812,31.0,0.0,24.0,9.0,4.0,52.0,B
366914210,2019-05-08T21:23:31,38.93668,-75.0087,11.1,41.1,39.0,DELAWARE,IMO8990304,WYU8553,60.0,0.0,91.0,20.0,,,B
369235000,2019-05-08T21:23:33,38.92712,-75.14933,4.8,81.3,45.0,OSG VISION,IMO9436537,WDF2493,31.0,0.0,46.0,15.0,6.5,57.0,B
256102000,2019-05-08T21:23:52,38.97413,-75.12593,19.2,155.9,155.0,ANTWERP TRADER,IMO9304746,9HA3819,70.0,0.0,211.0,29.0,11.4,70.0,B
303104000,2019-05-08T21:24:09,39.14246,-75.23742,12.5,-86.1,324.0,SEABULK CHALLENGE,IMO7816551,KNJL,80.0,0.0,191.0,32.0,13.2,,B
368058330,2019-05-08T21:24:08,39.16115,-75.25319,4.4,-82.1,511.0,PURPLE  HAYS,,WDC9127,52.0,0.0,24.0,8.0,3.0,52.0,B
338447000,2019-05-08T21:24:22,38.96424,-75.1963,0.1,19.6,326.0,OSG HORIZON,IMO9436549,WDF6180,31.0,0.0,46.0,15.0,6.5,57.0,B
538006702,2019-05-08T21:24:33,38.96458,-75.19583,0.1,28.5,339.0,NAMSEN,IMO9761528,V7QJ6,80.0,1.0,,,,,A
311000546,2019-05-08T21:24:48,38.91176,-75.14612,0.1,159.5,341.0,,,,,1.0,,,,,A
366914210,2019-05-08T21:24:52,38.93982,-75.00518,11.2,42.7,43.0,DELAWARE,IMO8990304,WYU8553,60.0,0.0,91.0,20.0,,,B
256102000,2019-05-08T21:24:58,38.96847,-75.12264,19.1,155.3,155.0,ANTWERP TRADER,IMO9304746,9HA3819,70.0,0.0,211.0,29.0,11.4,70.0,B
338191464,2019-05-08T21:23:32,39.03469,-75.10921,6.7,137.6,511.0,DAY DREAMER,,,37.0,,,,,,B
367068110,2019-05-08T21:23:45,38.92594,-75.16204,21.2,-95.4,511.0,BIG STONE EXPRESS,,WCX9178,60.0,0.0,22.0,5.0,,,B
311073800,2019-05-08T21:23:35,38.98405,-75.21271,0.0,155.3,335.0,EURO,IMO9567702,C6AA5,84.0,1.0,274.0,48.0,-11.5,84.0,A
368058330,2019-05-08T21:25:28,39.16261,-75.25409,4.3,-76.9,511.0,PURPLE  HAYS,,WDC9127,52.0,0.0,24.0,8.0,3.0,52.0,B
338191464,2019-05-08T21:25:31,39.03184,-75.10612,6.8,135.7,511.0,DAY DREAMER,,,37.0,,,,,,B
303104000,2019-05-08T21:26:09,39.14825,-75.24271,12.8,-85.4,324.0,SEABULK CHALLENGE,IMO7816551,KNJL,80.0,0.0,191.0,32.0,13.2,,B
256102000,2019-05-08T21:26:10,38.96281,-75.11955,19.0,157.9,157.0,ANTWERP TRADER,IMO9304746,9HA3819,70.0,0.0,211.0,29.0,11.4,70.0,B
367120230,2019-05-08T21:24:30,38.96453,-75.19751,2.2,-199.3,511.0,SONIE,IMO9373723,WDD2812,31.0,0.0,24.0,9.0,4.0,52.0,B
369235000,2019-05-08T21:24:43,38.92745,-75.14766,3.8,71.1,31.0,OSG VISION,IMO9436537,WDF2493,31.0,0.0,46.0,15.0,6.5,57.0,B
367068110,2019-05-08T21:24:50,38.93049,-75.16753,21.2,-89.6,511.0,BIG STONE EXPRESS,,WCX9178,60.0,0.0,22.0,5.0,,,B
240463000,2019-05-08T21:25:06,38.93893,-75.17082,0.0,141.0,350.0,BOUBOULINA,IMO9298753,SZIS,80.0,1.0,274.0,50.0,17.0,80.0,A
366914210,2019-05-08T21:26:31,38.94332,-75.00123,8.9,42.7,44.0,DELAWARE,IMO8990304,WYU8553,60.0,0.0,91.0,20.0,,,B
368058330,2019-05-08T21:27:18,39.16449,-75.25539,4.0,-75.5,511.0,PURPLE  HAYS,,WDC9127,52.0,0.0,24.0,8.0,3.0,52.0,B
367120230,2019-05-08T21:25:31,38.96303,-75.19617,9.3,137.5,511.0,SONIE,IMO9373723,WDD2812,31.0,0.0,24.0,9.0,4.0,52.0,B
256102000,2019-05-08T21:27:34,38.95593,-75.11597,18.8,158.1,157.0,ANTWERP TRADER,IMO9304746,9HA3819,70.0,0.0,211.0,29.0,11.4,70.0,B
370299000,2019-05-08T21:25:22,38.84218,-75.0607,12.5,-65.6,345.0,MORNING CAMILLA,IMO9477919,H3LJ,70.0,0.0,199.0,32.0,10.0,70.0,B
338447000,2019-05-08T21:25:32,38.96435,-75.19638,1.0,-89.0,320.0,OSG HORIZON,IMO9436549,WDF6180,31.0,0.0,46.0,15.0,6.5,57.0,B
369235000,2019-05-08T21:25:52,38.92785,-75.1465,2.7,63.0,19.0,OSG VISION,IMO9436537,WDF2493,31.0,0.0,46.0,15.0,6.5,57.0,B
338447000,2019-05-08T21:27:52,38.96545,-75.1977,3.2,-106.8,282.0,OSG HORIZON,IMO9436549,WDF6180,31.0,0.0,46.0,15.0,6.5,57.0,A
367068110,2019-05-08T21:27:08,38.94159,-75.17766,21.2,-90.4,511.0,BIG STONE EXPRESS,,WCX9178,60.0,0.0,22.0,5.0,,,B
538004030,2019-05-08T21:26:15,38.92645,-75.15875,0.1,57.7,349.0,FRIO,IMO9596985,V7UU3,80.0,1.0,274.0,48.0,17.1,89.0,A
311073800,2019-05-08T21:26:34,38.98405,-75.2127,0.0,134.1,334.0,EURO,IMO9567702,C6AA5,84.0,1.0,274.0,48.0,-11.5,84.0,A
370299000,2019-05-08T21:26:34,38.8463,-75.06217,12.9,-65.6,345.0,MORNING CAMILLA,IMO9477919,H3LJ,70.0,0.0,199.0,32.0,10.0,70.0,B
367120230,2019-05-08T21:26:42,38.9608,-75.19325,9.5,132.5,511.0,SONIE,IMO9373723,WDD2812,31.0,0.0,24.0,9.0,4.0,52.0,B
369235000,2019-05-08T21:27:02,38.92816,-75.14573,1.5,61.0,11.0,OSG VISION,IMO9436537,WDF2493,31.0,0.0,46.0,15.0,6.5,57.0,B
538004030,2019-05-08T21:29:16,38.92656,-75.15859,0.1,70.7,345.0,FRIO,IMO9596985,V7UU3,80.0,1.0,274.0,48.0,17.1,89.0,A
303104000,2019-05-08T21:27:20,39.15165,-75.24573,12.6,-84.7,324.0,SEABULK CHALLENGE,IMO7816551,KNJL,80.0,0.0,191.0,32.0,13.2,,B
538006702,2019-05-08T21:27:33,38.96458,-75.19574,0.0,28.5,337.0,NAMSEN,IMO9761528,V7QJ6,80.0,1.0,,,,,A
338447000,2019-05-08T21:29:15,38.96565,-75.1995,4.3,-154.2,237.0,OSG HORIZON,IMO9436549,WDF6180,31.0,0.0,46.0,15.0,6.5,57.0,A
311073800,2019-05-08T21:29:34,38.98405,-75.21264,0.0,96.2,332.0,EURO,IMO9567702,C6AA5,84.0,1.0,274.0,48.0,-11.5,84.0,A
366914210,2019-05-08T21:29:22,38.94923,-74.99404,10.9,45.1,44.0,DELAWARE,IMO8990304,WYU8553,60.0,0.0,91.0,20.0,,,B
370299000,2019-05-08T21:27:44,38.8505,-75.06363,13.1,-65.6,345.0,MORNING CAMILLA,IMO9477919,H3LJ,70.0,0.0,199.0,32.0,10.0,70.0,B
311000546,2019-05-08T21:27:48,38.91165,-75.14602,0.2,152.9,339.0,,,,,1.0,,,,,A
367120230,2019-05-08T21:28:12,38.95789,-75.18972,9.6,137.3,511.0,SONIE,IMO9373723,WDD2812,31.0,0.0,24.0,9.0,4.0,52.0,B
370299000,2019-05-08T21:30:13,38.85933,-75.06678,13.5,-65.6,345.0,MORNING CAMILLA,IMO9477919,H3LJ,70.0,0.0,199.0,32.0,10.0,70.0,B
338191464,2019-05-08T21:28:00,39.02819,-75.10234,6.6,142.9,511.0,DAY DREAMER,,,37.0,,,,,,B
256102000,2019-05-08T21:30:34,38.9415,-75.1086,18.4,158.8,158.0,ANTWERP TRADER,IMO9304746,9HA3819,70.0,0.0,211.0,29.0,11.4,70.0,B
369235000,2019-05-08T21:28:03,38.92831,-75.14534,1.0,76.6,8.0,OSG VISION,IMO9436537,WDF2493,31.0,0.0,46.0,15.0,6.5,57.0,B
368058330,2019-05-08T21:30:38,39.16768,-75.25759,3.8,-78.2,511.0,PURPLE  HAYS,,WDC9127,52.0,0.0,24.0,8.0,3.0,52.0,B
338447000,2019-05-08T21:30:27,38.96472,-75.20112,5.2,-195.7,193.0,OSG HORIZON,IMO9436549,WDF6180,31.0,0.0,46.0,15.0,6.5,57.0,A
367068110,2019-05-08T21:28:15,38.94676,-75.1828,21.3,-87.3,511.0,BIG STONE EXPRESS,,WCX9178,60.0,0.0,22.0,5.0,,,B
366914210,2019-05-08T21:30:31,38.95182,-74.99101,10.9,44.0,46.0,DELAWARE,IMO8990304,WYU8553,60.0,0.0,91.0,20.0,,,B
303104000,2019-05-08T21:28:29,39.15507,-75.24877,12.7,-83.7,325.0,SEABULK CHALLENGE,IMO7816551,KNJL,80.0,0.0,191.0,32.0,13.2,,B
367120230,2019-05-08T21:29:21,38.95571,-75.18705,9.4,135.0,511.0,SONIE,IMO9373723,WDD2812,31.0,0.0,24.0,9.0,4.0,52.0,B
256102000,2019-05-08T21:29:22,38.94751,-75.11165,18.6,158.2,157.0,ANTWERP TRADER,IMO9304746,9HA3819,70.0,0.0,211.0,29.0,11.4,70.0,B
367068110,2019-05-08T21:29:20,38.95215,-75.18744,21.8,-83.4,511.0,BIG STONE EXPRESS,,WCX9178,60.0,0.0,22.0,5.0,,,B
338447000,2019-05-08T21:32:08,38.96213,-75.20136,6.2,158.9,141.0,OSG HORIZON,IMO9436549,WDF6180,31.0,0.0,46.0,15.0,6.5,57.0,A
338191464,2019-05-08T21:29:30,39.02599,-75.10001,7.0,139.6,511.0,DAY DREAMER,,,37.0,,,,,,B
367068110,2019-05-08T21:30:27,38.95755,-75.19193,21.0,-84.2,511.0,BIG STONE EXPRESS,,WCX9178,60.0,0.0,22.0,5.0,,,B
338191464,2019-05-08T21:30:31,39.02455,-75.09833,7.0,141.6,511.0,DAY DREAMER,,,37.0,,,,,,B
538006702,2019-05-08T21:30:32,38.96467,-75.1957,0.1,28.5,334.0,NAMSEN,IMO9761528,V7QJ6,80.0,1.0,,,,,A
369235000,2019-05-08T21:32:53,38.92765,-75.14389,1.2,135.2,350.0,OSG VISION,IMO9436537,WDF2493,31.0,0.0,46.0,15.0,6.5,57.0,B
367120230,2019-05-08T21:30:30,38.95354,-75.18432,9.4,133.9,511.0,SONIE,IMO9373723,WDD2812,31.0,0.0,24.0,9.0,4.0,52.0,B
303104000,2019-05-08T21:30:40,39.16134,-75.25464,12.7,-84.1,325.0,SEABULK CHALLENGE,IMO7816551,KNJL,80.0,0.0,191.0,32.0,13.2,,B
367068110,2019-05-08T21:31:33,38.96305,-75.19565,13.4,-80.3,511.0,BIG STONE EXPRESS,,WCX9178,60.0,0.0,22.0,5.0,,,B
240463000,2019-05-08T21:31:04,38.93892,-75.1708,0.0,141.0,348.0,BOUBOULINA,IMO9298753,SZIS,80.0,1.0,274.0,50.0,17.0,80.0,A
366914210,2019-05-08T21:33:42,38.95851,-74.982,10.9,43.6,42.0,DELAWARE,IMO8990304,WYU8553,60.0,0.0,91.0,20.0,,,B
369235000,2019-05-08T21:31:03,38.92815,-75.1444,1.0,131.6,359.0,OSG VISION,IMO9436537,WDF2493,31.0,0.0,46.0,15.0,6.5,57.0,B
311000546,2019-05-08T21:30:48,38.91154,-75.14598,0.2,158.1,337.0,,,,,1.0,,,,,A
303104000,2019-05-08T21:34:09,39.1713,-75.26408,13.1,-84.9,325.0,SEABULK CHALLENGE,IMO7816551,KNJL,80.0,0.0,191.0,32.0,13.2,,B
367120230,2019-05-08T21:31:31,38.95171,-75.18195,9.4,132.9,511.0,SONIE,IMO9373723,WDD2812,31.0,0.0,24.0,9.0,4.0,52.0,B
256102000,2019-05-08T21:31:40,38.93636,-75.10602,18.3,158.8,157.0,ANTWERP TRADER,IMO9304746,9HA3819,70.0,0.0,211.0,29.0,11.4,70.0,B
338191464,2019-05-08T21:32:01,39.02239,-75.09594,6.5,139.5,511.0,DAY DREAMER,,,37.0,,,,,,B
311073800,2019-05-08T21:32:33,38.98403,-75.2126,0.1,155.2,330.0,EURO,IMO9567702,C6AA5,84.0,1.0,274.0,48.0,-11.5,84.0,A
538004030,2019-05-08T21:32:16,38.92658,-75.15848,0.1,112.9,341.0,FRIO,IMO9596985,V7UU3,80.0,1.0,274.0,48.0,17.1,89.0,A
338447000,2019-05-08T21:33:11,38.96054,-75.20011,6.7,136.3,120.0,OSG HORIZON,IMO9436549,WDF6180,31.0,0.0,46.0,15.0,6.5,57.0,B
303104000,2019-05-08T21:29:30,39.15798,-75.25145,12.8,-83.1,325.0,SEABULK CHALLENGE,IMO7816551,KNJL,80.0,0.0,191.0,32.0,13.2,,B
538006702,2019-05-08T21:33:31,38.96465,-75.19551,0.1,28.5,332.0,NAMSEN,IMO9761528,V7QJ6,80.0,1.0,,,,,A
368058330,2019-05-08T21:33:09,39.16994,-75.2591,3.2,-77.2,511.0,PURPLE  HAYS,,WDC9127,52.0,0.0,24.0,8.0,3.0,52.0,B
240463000,2019-05-08T21:34:05,38.93883,-75.17082,0.0,141.0,348.0,BOUBOULINA,IMO9298753,SZIS,80.0,1.0,274.0,50.0,17.0,80.0,A
368058330,2019-05-08T21:34:18,39.17096,-75.25964,3.5,-62.2,511.0,PURPLE  HAYS,,WDC9127,52.0,0.0,24.0,8.0,3.0,52.0,B
338447000,2019-05-08T21:34:21,38.95916,-75.19782,7.5,125.8,119.0,OSG HORIZON,IMO9436549,WDF6180,31.0,0.0,46.0,15.0,6.5,57.0,B
311000546,2019-05-08T21:33:48,38.91144,-75.14599,0.0,198.6,335.0,,,,,1.0,,,,,A
338191464,2019-05-08T21:33:30,39.02023,-75.09363,7.2,142.1,511.0,DAY DREAMER,,,37.0,,,,,,B
370299000,2019-05-08T21:31:23,38.86375,-75.06835,13.7,-65.6,346.0,MORNING CAMILLA,IMO9477919,H3LJ,70.0,0.0,199.0,32.0,10.0,70.0,B
370299000,2019-05-08T21:34:13,38.87418,-75.07205,13.7,-65.6,345.0,MORNING CAMILLA,IMO9477919,H3LJ,70.0,0.0,199.0,32.0,10.0,70.0,B
368058330,2019-05-08T21:31:57,39.16889,-75.25842,3.7,-76.6,511.0,PURPLE  HAYS,,WDC9127,52.0,0.0,24.0,8.0,3.0,52.0,B
367120230,2019-05-08T21:34:32,38.94616,-75.17482,9.2,133.7,511.0,SONIE,IMO9373723,WDD2812,31.0,0.0,24.0,9.0,4.0,52.0,B
369235000,2019-05-08T21:34:53,38.92753,-75.14341,0.4,60.5,334.0,OSG VISION,IMO9436537,WDF2493,31.0,0.0,46.0,15.0,6.5,57.0,B
367068110,2019-05-08T21:35:02,38.96469,-75.19597,0.3,-84.2,511.0,BIG STONE EXPRESS,,WCX9178,60.0,0.0,22.0,5.0,,,B
256102000,2019-05-08T21:35:10,38.92012,-75.09806,17.6,159.5,164.0,ANTWERP TRADER,IMO9304746,9HA3819,70.0,0.0,211.0,29.0,11.4,70.0,B
370299000,2019-05-08T21:36:13,38.88157,-75.07475,13.8,-66.6,345.0,MORNING CAMILLA,IMO9477919,H3LJ,70.0,0.0,199.0,32.0,10.0,70.0,B
366914210,2019-05-08T21:36:23,38.96436,-74.9749,10.6,46.1,47.0,DELAWARE,IMO8990304,WYU8553,60.0,0.0,91.0,20.0,,,B
256102000,2019-05-08T21:36:46,38.91257,-75.09625,17.4,174.0,175.0,ANTWERP TRADER,IMO9304746,9HA3819,70.0,0.0,211.0,29.0,11.4,70.0,B
311000546,2019-05-08T21:36:48,38.91139,-75.14609,0.0,-182.2,337.0,,,,,1.0,,,,,A
303104000,2019-05-08T21:37:10,39.1801,-75.27173,12.2,-69.5,338.0,SEABULK CHALLENGE,IMO7816551,KNJL,80.0,0.0,191.0,32.0,13.2,,B
369235000,2019-05-08T21:37:13,38.92765,-75.1434,0.2,-120.0,327.0,OSG VISION,IMO9436537,WDF2493,31.0,0.0,46.0,15.0,6.5,57.0,B
338191464,2019-05-08T21:35:00,39.01802,-75.09133,6.4,142.8,511.0,DAY DREAMER,,,37.0,,,,,,B
366914210,2019-05-08T21:38:04,38.96678,-74.96926,10.4,80.8,82.0,DELAWARE,IMO8990304,WYU8553,60.0,0.0,91.0,20.0,,,A
370299000,2019-05-08T21:38:12,38.88852,-75.07812,13.8,-71.6,340.0,MORNING CAMILLA,IMO9477919,H3LJ,70.0,0.0,199.0,32.0,10.0,70.0,B
256102000,2019-05-08T21:38:10,38.90567,-75.09565,17.6,176.0,175.0,ANTWERP TRADER,IMO9304746,9HA3819,70.0,0.0,211.0,29.0,11.4,70.0,B
368058330,2019-05-08T21:38:27,39.17467,-75.26174,3.4,-84.5,511.0,PURPLE  HAYS,,WDC9127,52.0,0.0,24.0,8.0,3.0,52.0,B
538004030,2019-05-08T21:35:15,38.9265,-75.15836,0.2,142.9,336.0,FRIO,IMO9596985,V7UU3,80.0,1.0,274.0,48.0,17.1,89.0,A
367120230,2019-05-08T21:35:41,38.94405,-75.17207,9.3,133.3,511.0,SONIE,IMO9373723,WDD2812,31.0,0.0,24.0,9.0,4.0,52.0,B
369235000,2019-05-08T21:38:43,38.92767,-75.14355,0.3,-154.4,329.0,OSG VISION,IMO9436537,WDF2493,31.0,0.0,46.0,15.0,6.5,57.0,B
368058330,2019-05-08T21:35:28,39.17211,-75.25997,3.7,-66.1,511.0,PURPLE  HAYS,,WDC9127,52.0,0.0,24.0,8.0,3.0,52.0,B
338447000,2019-05-08T21:35:31,38.95768,-75.19505,8.3,122.6,117.0,OSG HORIZON,IMO9436549,WDF6180,31.0,0.0,46.0,15.0,6.5,57.0,B
367068110,2019-05-08T21:36:08,38.96442,-75.19598,4.6,168.9,511.0,BIG STONE EXPRESS,,WCX9178,60.0,0.0,22.0,5.0,,,B
311073800,2019-05-08T21:35:35,38.984,-75.21262,0.2,-194.8,328.0,EURO,IMO9567702,C6AA5,84.0,1.0,274.0,48.0,-11.5,84.0,A
538006702,2019-05-08T21:36:30,38.96453,-75.19541,0.1,28.5,330.0,NAMSEN,IMO9761528,V7QJ6,80.0,1.0,,,,,A
311073800,2019-05-08T21:38:34,38.98396,-75.21272,0.0,-188.0,328.0,EURO,IMO9567702,C6AA5,84.0,1.0,274.0,48.0,-11.5,84.0,A
366914210,2019-05-08T21:39:18,38.96702,-74.9655,6.6,88.7,91.0,DELAWARE,IMO8990304,WYU8553,60.0,0.0,91.0,20.0,,,A
367120230,2019-05-08T21:36:42,38.94227,-75.16967,9.3,132.6,511.0,SONIE,IMO9373723,WDD2812,31.0,0.0,24.0,9.0,4.0,52.0,B
338191464,2019-05-08T21:36:30,39.01573,-75.08907,7.0,141.5,511.0,DAY DREAMER,,,37.0,,,,,,B
240463000,2019-05-08T21:37:04,38.93883,-75.17087,0.0,141.0,348.0,BOUBOULINA,IMO9298753,SZIS,80.0,1.0,274.0,50.0,17.0,80.0,A
367068110,2019-05-08T21:37:15,38.96695,-75.19983,20.6,-80.7,511.0,BIG STONE EXPRESS,,WCX9178,60.0,0.0,22.0,5.0,,,A
338191464,2019-05-08T21:37:31,39.01433,-75.08742,6.4,134.4,511.0,DAY DREAMER,,,37.0,,,,,,B
369235000,2019-05-08T21:40:13,38.92762,-75.14377,0.3,-158.4,336.0,OSG VISION,IMO9436537,WDF2493,31.0,0.0,46.0,15.0,6.5,57.0,B
370299000,2019-05-08T21:40:02,38.89507,-75.08175,13.7,-74.6,338.0,MORNING CAMILLA,IMO9477919,H3LJ,70.0,0.0,199.0,32.0,10.0,70.0,B
256102000,2019-05-08T21:39:28,38.89918,-75.09508,17.6,176.1,176.0,ANTWERP TRADER,IMO9304746,9HA3819,70.0,0.0,211.0,29.0,11.4,70.0,B
256102000,2019-05-08T21:40:46,38.89308,-75.0947,17.4,176.5,176.0,ANTWERP TRADER,IMO9304746,9HA3819,70.0,0.0,211.0,29.0,11.4,70.0,B
368058330,2019-05-08T21:40:17,39.17618,-75.26296,3.5,-81.2,511.0,PURPLE  HAYS,,WDC9127,52.0,0.0,24.0,8.0,3.0,52.0,B
338447000,2019-05-08T21:36:42,38.95607,-75.19195,9.0,123.8,118.0,OSG HORIZON,IMO9436549,WDF6180,31.0,0.0,46.0,15.0,6.5,57.0,B
367120230,2019-05-08T21:37:51,38.94028,-75.1668,9.4,135.3,511.0,SONIE,IMO9373723,WDD2812,31.0,0.0,24.0,9.0,4.0,52.0,B
338447000,2019-05-08T21:37:51,38.95448,-75.18874,9.5,122.7,118.0,OSG HORIZON,IMO9436549,WDF6180,31.0,0.0,46.0,15.0,6.5,57.0,B
367120230,2019-05-08T21:41:12,38.93463,-75.15824,9.5,129.3,511.0,SONIE,IMO9373723,WDD2812,31.0,0.0,24.0,9.0,4.0,52.0,B
303104000,2019-05-08T21:38:19,39.18373,-75.27376,12.0,-72.0,337.0,SEABULK CHALLENGE,IMO7816551,KNJL,80.0,0.0,191.0,32.0,13.2,,B
367068110,2019-05-08T21:38:20,38.97243,-75.20426,21.6,-84.5,511.0,BIG STONE EXPRESS,,WCX9178,60.0,0.0,22.0,5.0,,,B
538004030,2019-05-08T21:41:14,38.92625,-75.15842,0.3,-167.0,327.0,FRIO,IMO9596985,V7UU3,80.0,1.0,274.0,48.0,17.1,89.0,A
338447000,2019-05-08T21:39:01,38.95271,-75.1853,9.9,122.2,117.0,OSG HORIZON,IMO9436549,WDF6180,31.0,0.0,46.0,15.0,6.5,57.0,B
368058330,2019-05-08T21:42:07,39.17779,-75.26411,3.5,-78.5,511.0,PURPLE  HAYS,,WDC9127,52.0,0.0,24.0,8.0,3.0,52.0,B
366914210,2019-05-08T21:41:35,38.96722,-74.96138,3.6,70.0,62.0,DELAWARE,IMO8990304,WYU8553,60.0,0.0,91.0,20.0,,,A
338191464,2019-05-08T21:39:01,39.01221,-75.0851,6.5,140.5,511.0,DAY DREAMER,,,37.0,,,,,,B
370299000,2019-05-08T21:42:12,38.90268,-75.08625,13.6,-74.6,338.0,MORNING CAMILLA,IMO9477919,H3LJ,70.0,0.0,199.0,32.0,10.0,70.0,B
369235000,2019-05-08T21:42:13,38.92755,-75.14398,0.2,-174.9,344.0,OSG VISION,IMO9436537,WDF2493,31.0,0.0,46.0,15.0,6.5,57.0,B
256102000,2019-05-08T21:42:10,38.88663,-75.09431,15.7,176.4,175.0,ANTWERP TRADER,IMO9304746,9HA3819,70.0,0.0,211.0,29.0,11.4,70.0,B
240463000,2019-05-08T21:43:04,38.93883,-75.17105,0.0,141.0,350.0,BOUBOULINA,IMO9298753,SZIS,80.0,1.0,274.0,50.0,17.0,80.0,A
303104000,2019-05-08T21:39:29,39.18742,-75.27582,12.4,-72.3,337.0,SEABULK CHALLENGE,IMO7816551,KNJL,80.0,0.0,191.0,32.0,13.2,,B
538006702,2019-05-08T21:39:30,38.96443,-75.19546,0.1,28.5,331.0,NAMSEN,IMO9761528,V7QJ6,80.0,1.0,,,,,A
368058330,2019-05-08T21:43:17,39.17878,-75.26479,3.5,-81.4,511.0,PURPLE  HAYS,,WDC9127,52.0,0.0,24.0,8.0,3.0,52.0,B
367068110,2019-05-08T21:39:26,38.97789,-75.2089,20.8,-89.1,511.0,BIG STONE EXPRESS,,WCX9178,60.0,0.0,22.0,5.0,,,B
338447000,2019-05-08T21:43:32,38.94526,-75.17168,10.6,128.4,127.0,OSG HORIZON,IMO9436549,WDF6180,31.0,0.0,46.0,15.0,6.5,57.0,B
370299000,2019-05-08T21:44:13,38.90963,-75.09032,13.6,-74.6,337.0,MORNING CAMILLA,IMO9477919,H3LJ,70.0,0.0,199.0,32.0,10.0,70.0,B
367068110,2019-05-08T21:40:32,38.98327,-75.21337,14.5,-79.9,511.0,BIG STONE EXPRESS,,WCX9178,60.0,0.0,22.0,5.0,,,B
303104000,2019-05-08T21:40:50,39.19174,-75.2782,12.6,-71.2,338.0,SEABULK CHALLENGE,IMO7816551,KNJL,80.0,0.0,191.0,32.0,13.2,,B
338191464,2019-05-08T21:41:00,39.00943,-75.08199,6.6,142.7,511.0,DAY DREAMER,,,37.0,,,,,,B
367699890,2019-05-08T21:40:47,38.78933,-75.1165,23.2,-49.8,511.0,J P VIRDEN,,WDI4560,,15.0,16.0,,,,A
368058330,2019-05-08T21:45:07,39.1803,-75.26601,3.5,-80.9,511.0,PURPLE  HAYS,,WDC9127,52.0,0.0,24.0,8.0,3.0,52.0,B
338191464,2019-05-08T21:42:01,39.00796,-75.08046,6.8,141.0,511.0,DAY DREAMER,,,37.0,,,,,,B
311073800,2019-05-08T21:41:33,38.98393,-75.21283,0.0,-181.7,330.0,EURO,IMO9567702,C6AA5,84.0,1.0,274.0,48.0,-11.5,84.0,A
367699890,2019-05-08T21:41:49,38.79583,-75.118,23.1,-65.5,511.0,J P VIRDEN,,WDI4560,,15.0,16.0,,,,B
303104000,2019-05-08T21:41:58,39.19539,-75.28014,12.5,-70.4,337.0,SEABULK CHALLENGE,IMO7816551,KNJL,80.0,0.0,191.0,32.0,13.2,,B
367699890,2019-05-08T21:45:27,38.81917,-75.113,23.1,9.7,511.0,J P VIRDEN,,WDI4560,,15.0,16.0,,,,B
369235000,2019-05-08T21:44:52,38.92746,-75.14401,0.1,167.2,352.0,OSG VISION,IMO9436537,WDF2493,31.0,0.0,46.0,15.0,6.5,57.0,B
367068110,2019-05-08T21:44:58,38.97264,-75.22096,23.8,204.4,511.0,BIG STONE EXPRESS,,WCX9178,60.0,0.0,22.0,5.0,,,B
311000546,2019-05-08T21:39:48,38.91137,-75.14617,0.0,-152.9,340.0,,,,,1.0,,,,,A
338191464,2019-05-08T21:43:02,39.00642,-75.07886,6.8,146.7,511.0,DAY DREAMER,,,37.0,,,,,,B
338447000,2019-05-08T21:40:12,38.95094,-75.18172,10.1,122.3,119.0,OSG HORIZON,IMO9436549,WDF6180,31.0,0.0,46.0,15.0,6.5,57.0,B
303104000,2019-05-08T21:43:09,39.19924,-75.28226,12.6,-73.1,337.0,SEABULK CHALLENGE,IMO7816551,KNJL,80.0,0.0,191.0,32.0,13.2,,B
367120230,2019-05-08T21:43:42,38.93037,-75.15068,12.2,126.7,511.0,SONIE,IMO9373723,WDD2812,31.0,0.0,24.0,9.0,4.0,52.0,B
256102000,2019-05-08T21:43:16,38.88212,-75.09394,14.7,175.8,175.0,ANTWERP TRADER,IMO9304746,9HA3819,70.0,0.0,211.0,29.0,11.4,70.0,B
311000546,2019-05-08T21:42:48,38.91145,-75.14625,0.0,15.0,343.0,,,,,1.0,,,,,A
303104000,2019-05-08T21:44:20,39.20296,-75.28439,12.6,-75.7,336.0,SEABULK CHALLENGE,IMO7816551,KNJL,80.0,0.0,191.0,32.0,13.2,,A
311073800,2019-05-08T21:44:35,38.98385,-75.21294,0.0,-161.6,331.0,EURO,IMO9567702,C6AA5,84.0,1.0,274.0,48.0,-11.5,84.0,A
338447000,2019-05-08T21:44:41,38.94298,-75.16841,10.6,134.3,131.0,OSG HORIZON,IMO9436549,WDF6180,31.0,0.0,46.0,15.0,6.5,57.0,B
367120230,2019-05-08T21:44:51,38.92833,-75.14633,12.0,125.2,511.0,SONIE,IMO9373723,WDD2812,31.0,0.0,24.0,9.0,4.0,52.0,B
338191464,2019-05-08T21:46:00,39.00195,-75.07415,7.2,143.0,511.0,DAY DREAMER,,,37.0,,,,,,B
538006702,2019-05-08T21:45:31,38.9643,-75.19575,0.0,28.5,338.0,NAMSEN,IMO9761528,V7QJ6,80.0,1.0,,,,,A
367120230,2019-05-08T21:46:01,38.92759,-75.14463,0.9,89.4,511.0,SONIE,IMO9373723,WDD2812,31.0,0.0,24.0,9.0,4.0,52.0,B
367068110,2019-05-08T21:41:39,38.98427,-75.21366,3.9,124.6,511.0,BIG STONE EXPRESS,,WCX9178,60.0,0.0,22.0,5.0,,,A
538006702,2019-05-08T21:42:32,38.96433,-75.19561,0.1,28.5,335.0,NAMSEN,IMO9761528,V7QJ6,80.0,1.0,,,,,A
367120230,2019-05-08T21:42:32,38.93259,-75.1546,9.4,120.9,511.0,SONIE,IMO9373723,WDD2812,31.0,0.0,24.0,9.0,4.0,52.0,B
256102000,2019-05-08T21:44:22,38.87779,-75.09369,14.3,177.0,171.0,ANTWERP TRADER,IMO9304746,9HA3819,70.0,0.0,211.0,29.0,11.4,70.0,B
338191464,2019-05-08T21:44:30,39.00425,-75.07659,7.1,140.1,511.0,DAY DREAMER,,,37.0,,,,,,B
370299000,2019-05-08T21:46:23,38.91698,-75.0945,13.4,-73.6,338.0,MORNING CAMILLA,IMO9477919,H3LJ,70.0,0.0,199.0,32.0,10.0,70.0,B
367068110,2019-05-08T21:46:34,38.96442,-75.22931,23.7,-190.9,511.0,BIG STONE EXPRESS,,WCX9178,60.0,0.0,22.0,5.0,,,B
538004030,2019-05-08T21:47:14,38.92608,-75.15911,0.0,-176.5,338.0,FRIO,IMO9596985,V7UU3,80.0,1.0,274.0,48.0,17.1,89.0,A
367699890,2019-05-08T21:47:21,38.83117,-75.10883,24.0,20.9,511.0,J P VIRDEN,,WDI4560,,15.0,16.0,,,,B
370299000,2019-05-08T21:47:33,38.92112,-75.0968,13.4,-73.6,338.0,MORNING CAMILLA,IMO9477919,H3LJ,70.0,0.0,199.0,32.0,10.0,70.0,B
369235000,2019-05-08T21:47:32,38.9275,-75.1439,0.2,24.6,352.0,OSG VISION,IMO9436537,WDF2493,31.0,0.0,46.0,15.0,6.5,57.0,B
311000546,2019-05-08T21:48:48,38.91166,-75.14617,0.0,31.5,341.0,,,,,1.0,,,,,A
368058330,2019-05-08T21:49:07,39.18355,-75.26856,3.4,-83.4,511.0,PURPLE  HAYS,,WDC9127,52.0,0.0,24.0,8.0,3.0,52.0,B
367068110,2019-05-08T21:49:06,38.95217,-75.24358,23.6,-184.3,511.0,BIG STONE EXPRESS,,WCX9178,60.0,0.0,22.0,5.0,,,B
338447000,2019-05-08T21:49:12,38.93288,-75.15634,11.1,137.6,134.0,OSG HORIZON,IMO9436549,WDF6180,31.0,0.0,46.0,15.0,6.5,57.0,B
303104000,2019-05-08T21:48:29,39.21596,-75.29202,12.3,-71.3,335.0,SEABULK CHALLENGE,IMO7816551,KNJL,80.0,0.0,191.0,32.0,13.2,,B
370299000,2019-05-08T21:49:23,38.92732,-75.10025,13.4,-73.6,338.0,MORNING CAMILLA,IMO9477919,H3LJ,70.0,0.0,199.0,32.0,10.0,70.0,B
369235000,2019-05-08T21:49:32,38.9276,-75.14379,0.2,39.4,351.0,OSG VISION,IMO9436537,WDF2493,31.0,0.0,46.0,15.0,6.5,57.0,B
256102000,2019-05-08T21:48:58,38.86348,-75.09052,8.9,169.0,165.0,ANTWERP TRADER,IMO9304746,9HA3819,70.0,0.0,211.0,29.0,11.4,70.0,B
256102000,2019-05-08T21:50:46,38.8595,-75.08954,8.2,169.4,165.0,ANTWERP TRADER,IMO9304746,9HA3819,70.0,0.0,211.0,29.0,11.4,70.0,B
338191464,2019-05-08T21:47:01,39.00044,-75.07257,7.4,137.8,511.0,DAY DREAMER,,,37.0,,,,,,B
369235000,2019-05-08T21:50:52,38.92762,-75.1437,0.2,50.5,350.0,OSG VISION,IMO9436537,WDF2493,31.0,0.0,46.0,15.0,6.5,57.0,B
367120230,2019-05-08T21:47:12,38.92781,-75.1445,0.3,28.6,511.0,SONIE,IMO9373723,WDD2812,31.0,0.0,24.0,9.0,4.0,52.0,B
370299000,2019-05-08T21:51:33,38.93498,-75.10447,13.6,-72.6,338.0,MORNING CAMILLA,IMO9477919,H3LJ,70.0,0.0,199.0,32.0,10.0,70.0,B
367699890,2019-05-08T21:51:41,38.85533,-75.09383,20.2,64.7,511.0,J P VIRDEN,,WDI4560,,15.0,16.0,,,,B
369235000,2019-05-08T21:52:02,38.92766,-75.14363,0.2,50.7,348.0,OSG VISION,IMO9436537,WDF2493,31.0,0.0,46.0,15.0,6.5,57.0,B
367120230,2019-05-08T21:48:22,38.92789,-75.14438,0.2,60.0,511.0,SONIE,IMO9373723,WDD2812,31.0,0.0,24.0,9.0,4.0,52.0,B
538006702,2019-05-08T21:48:32,38.96433,-75.19581,0.0,28.5,339.0,NAMSEN,IMO9761528,V7QJ6,80.0,1.0,,,,,A
311073800,2019-05-08T21:47:34,38.98383,-75.21309,0.0,-177.6,333.0,EURO,IMO9567702,C6AA5,84.0,1.0,274.0,48.0,-11.5,84.0,A
303104000,2019-05-08T21:52:40,39.22918,-75.29972,12.8,-81.2,326.0,SEABULK CHALLENGE,IMO7816551,KNJL,80.0,0.0,191.0,32.0,13.2,,B
256102000,2019-05-08T21:52:57,38.85491,-75.08831,7.6,169.2,165.0,ANTWERP TRADER,IMO9304746,9HA3819,70.0,0.0,211.0,29.0,11.4,70.0,B
367068110,2019-05-08T21:51:26,38.94618,-75.26151,23.6,-160.8,511.0,BIG STONE EXPRESS,,WCX9178,60.0,0.0,22.0,5.0,,,B
240463000,2019-05-08T21:49:06,38.93878,-75.17102,0.0,141.0,351.0,BOUBOULINA,IMO9298753,SZIS,80.0,1.0,274.0,50.0,17.0,80.0,A
368058330,2019-05-08T21:50:08,39.18436,-75.26925,3.6,-86.5,511.0,PURPLE  HAYS,,WDC9127,52.0,0.0,24.0,8.0,3.0,52.0,B
538004030,2019-05-08T21:50:13,38.92597,-75.15923,0.1,189.4,345.0,FRIO,IMO9596985,V7UU3,80.0,1.0,274.0,48.0,17.1,89.0,A
370299000,2019-05-08T21:53:33,38.94202,-75.10825,13.7,-72.6,337.0,MORNING CAMILLA,IMO9477919,H3LJ,70.0,0.0,199.0,32.0,10.0,70.0,B
338191464,2019-05-08T21:50:00,38.99646,-75.06815,4.1,149.8,511.0,DAY DREAMER,,,37.0,,,,,,B
338191464,2019-05-08T21:48:31,38.99832,-75.07009,7.2,137.2,511.0,DAY DREAMER,,,37.0,,,,,,B
367068110,2019-05-08T21:54:26,38.93972,-75.28526,23.6,-156.2,511.0,BIG STONE EXPRESS,,WCX9178,60.0,0.0,22.0,5.0,,,B
311073800,2019-05-08T21:50:33,38.98381,-75.21321,0.0,-168.5,337.0,EURO,IMO9567702,C6AA5,84.0,1.0,274.0,48.0,-11.5,84.0,A
338447000,2019-05-08T21:50:22,38.93021,-75.15321,11.1,138.4,133.0,OSG HORIZON,IMO9436549,WDF6180,31.0,0.0,46.0,15.0,6.5,57.0,B
367699890,2019-05-08T21:54:23,38.8515,-75.0875,7.2,170.3,511.0,J P VIRDEN,,WDI4560,,15.0,16.0,,,,B
367120230,2019-05-08T21:54:51,38.92819,-75.1444,0.2,-178.4,511.0,SONIE,IMO9373723,WDD2812,31.0,0.0,24.0,9.0,4.0,52.0,B
369235000,2019-05-08T21:55:02,38.92767,-75.14353,0.0,184.2,341.0,OSG VISION,IMO9436537,WDF2493,31.0,0.0,46.0,15.0,6.5,57.0,B
368058330,2019-05-08T21:51:17,39.1853,-75.27008,3.5,-83.9,511.0,PURPLE  HAYS,,WDC9127,52.0,0.0,24.0,8.0,3.0,52.0,B
370299000,2019-05-08T21:55:33,38.94908,-75.11213,13.8,-72.6,338.0,MORNING CAMILLA,IMO9477919,H3LJ,70.0,0.0,199.0,32.0,10.0,70.0,B
338447000,2019-05-08T21:51:32,38.92761,-75.14996,11.2,135.0,132.0,OSG HORIZON,IMO9436549,WDF6180,31.0,0.0,46.0,15.0,6.5,57.0,B
256102000,2019-05-08T21:54:57,38.85092,-75.08728,7.2,169.0,165.0,ANTWERP TRADER,IMO9304746,9HA3819,70.0,0.0,211.0,29.0,11.4,70.0,B
311000546,2019-05-08T21:51:48,38.91171,-75.1461,0.0,70.5,339.0,,,,,1.0,,,,,A
338191464,2019-05-08T21:52:00,38.99433,-75.06613,5.3,146.7,511.0,DAY DREAMER,,,37.0,,,,,,B
240463000,2019-05-08T21:52:06,38.93878,-75.17097,0.0,141.0,351.0,BOUBOULINA,IMO9298753,SZIS,80.0,1.0,274.0,50.0,17.0,80.0,A
367120230,2019-05-08T21:49:42,38.92794,-75.14427,0.1,10.4,511.0,SONIE,IMO9373723,WDD2812,31.0,0.0,24.0,9.0,4.0,52.0,B
368058330,2019-05-08T21:52:38,39.18644,-75.27097,3.5,-82.3,511.0,PURPLE  HAYS,,WDC9127,52.0,0.0,24.0,8.0,3.0,52.0,B
367120230,2019-05-08T21:56:51,38.92798,-75.14454,0.9,195.6,511.0,SONIE,IMO9373723,WDD2812,31.0,0.0,24.0,9.0,4.0,52.0,B
338447000,2019-05-08T21:52:41,38.92504,-75.14675,11.3,134.8,132.0,OSG HORIZON,IMO9436549,WDF6180,31.0,0.0,46.0,15.0,6.5,57.0,B
538004030,2019-05-08T21:53:14,38.92596,-75.15916,0.1,63.6,347.0,FRIO,IMO9596985,V7UU3,80.0,1.0,274.0,48.0,17.1,89.0,A
538006702,2019-05-08T21:54:31,38.96435,-75.1957,0.0,28.5,337.0,NAMSEN,IMO9761528,V7QJ6,80.0,1.0,,,,,A
369235000,2019-05-08T21:57:22,38.92755,-75.14366,0.3,204.3,341.0,OSG VISION,IMO9436537,WDF2493,31.0,0.0,46.0,15.0,6.5,57.0,B
367068110,2019-05-08T21:57:32,38.94262,-75.30702,21.4,-101.6,511.0,BIG STONE EXPRESS,,WCX9178,60.0,0.0,22.0,5.0,,,B
370299000,2019-05-08T21:57:43,38.95667,-75.11627,13.9,-72.6,338.0,MORNING CAMILLA,IMO9477919,H3LJ,70.0,0.0,199.0,32.0,10.0,70.0,B
303104000,2019-05-08T21:57:48,39.24321,-75.31407,12.3,-89.5,318.0,SEABULK CHALLENGE,IMO7816551,KNJL,80.0,0.0,191.0,32.0,13.2,,B
311073800,2019-05-08T21:53:33,38.9838,-75.21321,0.0,83.9,339.0,EURO,IMO9567702,C6AA5,84.0,1.0,274.0,48.0,-11.5,84.0,A
311000546,2019-05-08T21:57:48,38.91164,-75.14596,0.1,139.6,337.0,,,,,1.0,,,,,A
538006702,2019-05-08T21:57:31,38.96435,-75.19574,0.0,28.5,336.0,NAMSEN,IMO9761528,V7QJ6,80.0,1.0,,,,,A
368058330,2019-05-08T21:53:48,39.1874,-75.27177,3.6,-81.6,511.0,PURPLE  HAYS,,WDC9127,52.0,0.0,24.0,8.0,3.0,52.0,B
369235000,2019-05-08T21:58:32,38.92746,-75.1437,0.3,-195.8,342.0,OSG VISION,IMO9436537,WDF2493,31.0,0.0,46.0,15.0,6.5,57.0,B
338191464,2019-05-08T21:55:00,38.99037,-75.06157,6.5,141.0,511.0,DAY DREAMER,,,37.0,,,,,,B
338447000,2019-05-08T21:53:51,38.92242,-75.14345,11.3,136.3,132.0,OSG HORIZON,IMO9436549,WDF6180,31.0,0.0,46.0,15.0,6.5,57.0,B
240463000,2019-05-08T21:55:05,38.93882,-75.17107,0.0,141.0,350.0,BOUBOULINA,IMO9298753,SZIS,80.0,1.0,274.0,50.0,17.0,80.0,A
367699890,2019-05-08T21:55:25,38.8495,-75.087,7.3,169.0,511.0,J P VIRDEN,,WDI4560,,15.0,16.0,,,,B
338191464,2019-05-08T21:56:02,38.98889,-75.06014,6.6,141.1,511.0,DAY DREAMER,,,37.0,,,,,,B
256102000,2019-05-08T21:56:06,38.84866,-75.08672,7.2,168.8,161.0,ANTWERP TRADER,IMO9304746,9HA3819,70.0,0.0,211.0,29.0,11.4,70.0,B
338447000,2019-05-08T21:56:11,38.91733,-75.13666,11.2,133.3,131.0,OSG HORIZON,IMO9436549,WDF6180,31.0,0.0,46.0,15.0,6.5,57.0,B
538004030,2019-05-08T21:56:15,38.92607,-75.15898,0.1,55.8,343.0,FRIO,IMO9596985,V7UU3,80.0,1.0,274.0,48.0,17.1,89.0,A
311073800,2019-05-08T21:56:35,38.98378,-75.21315,0.1,105.5,339.0,EURO,IMO9567702,C6AA5,84.0,1.0,274.0,48.0,-11.5,84.0,A
367699890,2019-05-08T21:56:27,38.848,-75.08783,15.8,-70.0,511.0,J P VIRDEN,,WDI4560,,15.0,16.0,,,,B
367699890,2019-05-08T21:57:29,38.85283,-75.08417,19.5,27.1,511.0,J P VIRDEN,,WDI4560,,15.0,16.0,,,,B
256102000,2019-05-08T21:57:17,38.84622,-75.08591,8.2,163.4,152.0,ANTWERP TRADER,IMO9304746,9HA3819,70.0,0.0,211.0,29.0,11.4,70.0,B
338447000,2019-05-08T21:57:21,38.91477,-75.13329,11.2,133.0,130.0,OSG HORIZON,IMO9436549,WDF6180,31.0,0.0,46.0,15.0,6.5,57.0,B
338191464,2019-05-08T21:57:30,38.98684,-75.05773,6.5,137.2,511.0,DAY DREAMER,,,37.0,,,,,,B
256102000,2019-05-08T21:58:26,38.84354,-75.08445,9.8,153.7,153.0,ANTWERP TRADER,IMO9304746,9HA3819,70.0,0.0,211.0,29.0,11.4,70.0,B
338191464,2019-05-08T21:58:31,38.98537,-75.05624,6.0,140.4,511.0,DAY DREAMER,,,37.0,,,,,,B
367699890,2019-05-08T21:58:35,38.85833,-75.08067,20.1,26.3,511.0,J P VIRDEN,,WDI4560,,15.0,16.0,,,,B
338191464,2019-05-08T21:53:33,38.99234,-75.0639,7.4,129.3,511.0,DAY DREAMER,,,37.0,,,,,,B
338447000,2019-05-08T21:55:01,38.91985,-75.14016,11.2,134.2,130.0,OSG HORIZON,IMO9436549,WDF6180,31.0,0.0,46.0,15.0,6.5,57.0,B
338447000,2019-05-08T21:58:30,38.91224,-75.12991,11.3,135.2,128.0,OSG HORIZON,IMO9436549,WDF6180,31.0,0.0,46.0,15.0,6.5,57.0,B
370299000,2019-05-08T21:58:45,38.96043,-75.11827,14.0,-72.6,338.0,MORNING CAMILLA,IMO9477919,H3LJ,70.0,0.0,199.0,32.0,10.0,70.0,A
303104000,2019-05-08T21:58:59,39.2463,-75.31761,12.4,-93.1,318.0,SEABULK CHALLENGE,IMO7816551,KNJL,80.0,0.0,191.0,32.0,13.2,,B
368058330,2019-05-08T21:58:58,39.19173,-75.27514,3.7,-94.7,511.0,PURPLE  HAYS,,WDC9127,52.0,0.0,24.0,8.0,3.0,52.0,B
367120230,2019-05-08T21:59:42,38.92718,-75.14468,0.6,189.0,511.0,SONIE,IMO9373723,WDD2812,31.0,0.0,24.0,9.0,4.0,52.0,B
367699890,2019-05-08T21:59:41,38.86367,-75.07733,20.0,27.8,511.0,J P VIRDEN,,WDI4560,,15.0,16.0,,,,B
538004030,2019-05-08T21:59:17,38.92615,-75.1588,0.0,79.6,339.0,FRIO,IMO9596985,V7UU3,80.0,1.0,274.0,48.0,17.1,89.0,A
369235000,2019-05-08T21:59:43,38.92743,-75.1438,0.2,-146.3,344.0,OSG VISION,IMO9436537,WDF2493,31.0,0.0,46.0,15.0,6.5,57.0,B
256102000,2019-05-08T21:59:37,38.84025,-75.08263,11.7,158.0,155.0,ANTWERP TRADER,IMO9304746,9HA3819,70.0,0.0,211.0,29.0,11.4,70.0,B
338191464,2019-05-08T22:00:01,38.98328,-75.05411,6.3,136.3,511.0,DAY DREAMER,,,37.0,,,,,,B
367120230,2019-05-08T22:00:01,38.92713,-75.14472,0.7,-196.6,511.0,SONIE,IMO9373723,WDD2812,31.0,0.0,24.0,9.0,4.0,52.0,B
369235000,2019-05-08T22:00:02,38.92742,-75.14383,0.2,-121.6,345.0,OSG VISION,IMO9436537,WDF2493,31.0,0.0,46.0,15.0,6.5,57.0,B
370299000,2019-05-08T21:59:51,38.96428,-75.12035,14.0,-73.6,337.0,MORNING CAMILLA,IMO9477919,H3LJ,70.0,0.0,199.0,32.0,10.0,70.0,B
311073800,2019-05-08T21:59:36,38.98382,-75.21307,0.1,52.2,339.0,EURO,IMO9567702,C6AA5,84.0,1.0,274.0,48.0,-11.5,84.0,A
367699890,2019-05-08T22:00:05,38.8655,-75.07583,19.9,30.4,511.0,J P VIRDEN,,WDI4560,,15.0,16.0,,,,B
338447000,2019-05-08T21:59:42,38.90983,-75.1263,11.1,129.9,129.0,OSG HORIZON,IMO9436549,WDF6180,31.0,0.0,46.0,15.0,6.5,57.0,B
256102000,2019-05-08T22:00:07,38.8387,-75.08179,12.3,157.7,155.0,ANTWERP TRADER,IMO9304746,9HA3819,70.0,0.0,211.0,29.0,11.4,70.0,B
370299000,2019-05-08T22:00:03,38.96523,-75.12088,14.0,-73.6,337.0,MORNING CAMILLA,IMO9477919,H3LJ,70.0,0.0,199.0,32.0,10.0,70.0,B
311000546,2019-05-08T22:00:48,38.91155,-75.1459,0.3,144.7,334.0,,,,,1.0,,,,,A
240463000,2019-05-08T22:01:04,38.93878,-75.17112,0.0,141.0,351.0,BOUBOULINA,IMO9298753,SZIS,80.0,1.0,274.0,50.0,17.0,80.0,A
366980160,2019-05-08T22:01:06,38.78897,-75.11718,22.7,-54.5,355.0,BRANDYWINE,,WDB9646,,15.0,16.0,5.0,,,B
538006702,2019-05-08T22:00:33,38.9642,-75.19574,0.1,28.5,337.0,NAMSEN,IMO9761528,V7QJ6,80.0,1.0,,,,,A
370299000,2019-05-08T22:01:09,38.9692,-75.12307,14.0,-73.6,337.0,MORNING CAMILLA,IMO9477919,H3LJ,70.0,0.0,199.0,32.0,10.0,70.0,B
338447000,2019-05-08T22:00:12,38.90879,-75.12482,11.1,132.4,128.0,OSG HORIZON,IMO9436549,WDF6180,31.0,0.0,46.0,15.0,6.5,57.0,B
338447000,2019-05-08T22:01:21,38.90641,-75.12132,11.1,130.2,128.0,OSG HORIZON,IMO9436549,WDF6180,31.0,0.0,46.0,15.0,6.5,57.0,B
369235000,2019-05-08T22:01:11,38.92746,-75.14394,0.2,-116.0,347.0,OSG VISION,IMO9436537,WDF2493,31.0,0.0,46.0,15.0,6.5,57.0,B
368058330,2019-05-08T22:00:09,39.19266,-75.27608,3.6,-80.9,511.0,PURPLE  HAYS,,WDC9127,52.0,0.0,24.0,8.0,3.0,52.0,B
303104000,2019-05-08T22:00:09,39.24925,-75.32101,12.4,-91.1,318.0,SEABULK CHALLENGE,IMO7816551,KNJL,80.0,0.0,191.0,32.0,13.2,,B
367699890,2019-05-08T22:01:17,38.87133,-75.0715,19.5,31.6,511.0,J P VIRDEN,,WDI4560,,15.0,16.0,,,,B
256102000,2019-05-08T22:01:16,38.83485,-75.07972,13.4,156.6,156.0,ANTWERP TRADER,IMO9304746,9HA3819,70.0,0.0,211.0,29.0,11.4,70.0,B
368058330,2019-05-08T22:01:28,39.19375,-75.27696,3.5,-84.0,511.0,PURPLE  HAYS,,WDC9127,52.0,0.0,24.0,8.0,3.0,52.0,B
303104000,2019-05-08T22:01:18,39.25228,-75.32451,12.5,-92.2,317.0,SEABULK CHALLENGE,IMO7816551,KNJL,80.0,0.0,191.0,32.0,13.2,,B
338191464,2019-05-08T22:01:30,38.9812,-75.05184,6.4,141.8,511.0,DAY DREAMER,,,37.0,,,,,,B
366980160,2019-05-08T22:02:08,38.79549,-75.11875,23.3,-58.9,349.0,BRANDYWINE,,WDB9646,,15.0,16.0,5.0,,,A
369235000,2019-05-08T22:02:12,38.9275,-75.14401,0.2,-124.8,349.0,OSG VISION,IMO9436537,WDF2493,31.0,0.0,46.0,15.0,6.5,57.0,B
367699890,2019-05-08T22:02:22,38.8765,-75.06783,19.5,31.7,511.0,J P VIRDEN,,WDI4560,,15.0,16.0,,,,B
538004030,2019-05-08T22:02:14,38.92613,-75.15869,0.1,112.0,337.0,FRIO,IMO9596985,V7UU3,80.0,1.0,274.0,48.0,17.1,89.0,A
256102000,2019-05-08T22:02:20,38.83081,-75.07757,15.2,156.0,153.0,ANTWERP TRADER,IMO9304746,9HA3819,70.0,0.0,211.0,29.0,11.4,70.0,A
370299000,2019-05-08T22:02:15,38.97302,-75.12518,14.0,-73.6,337.0,MORNING CAMILLA,IMO9477919,H3LJ,70.0,0.0,199.0,32.0,10.0,70.0,B
367120230,2019-05-08T22:02:22,38.92729,-75.14504,0.9,-72.6,511.0,SONIE,IMO9373723,WDD2812,31.0,0.0,24.0,9.0,4.0,52.0,B
338447000,2019-05-08T22:02:31,38.90404,-75.11781,10.9,127.6,121.0,OSG HORIZON,IMO9436549,WDF6180,31.0,0.0,46.0,15.0,6.5,57.0,B
311073800,2019-05-08T22:02:35,38.98388,-75.21296,0.0,63.5,338.0,EURO,IMO9567702,C6AA5,84.0,1.0,274.0,48.0,-11.5,84.0,A
368058330,2019-05-08T22:02:48,39.19478,-75.27806,3.7,-88.2,511.0,PURPLE  HAYS,,WDC9127,52.0,0.0,24.0,8.0,3.0,52.0,B
367120230,2019-05-08T22:01:11,38.92697,-75.14489,0.6,-131.1,511.0,SONIE,IMO9373723,WDD2812,31.0,0.0,24.0,9.0,4.0,52.0,B
366980160,2019-05-08T22:03:11,38.80183,-75.11742,22.9,44.7,43.0,BRANDYWINE,,WDB9646,,15.0,16.0,5.0,,,B
256102000,2019-05-08T22:03:32,38.82611,-75.07474,16.3,154.6,153.0,ANTWERP TRADER,IMO9304746,9HA3819,70.0,0.0,211.0,29.0,11.4,70.0,B
303104000,2019-05-08T22:02:30,39.25534,-75.32807,12.5,-91.7,317.0,SEABULK CHALLENGE,IMO7816551,KNJL,80.0,0.0,191.0,32.0,13.2,,A
370299000,2019-05-08T22:03:22,38.97708,-75.12747,14.0,-73.6,338.0,MORNING CAMILLA,IMO9477919,H3LJ,70.0,0.0,199.0,32.0,10.0,70.0,B
338191464,2019-05-08T22:03:01,38.97915,-75.04961,5.9,141.6,511.0,DAY DREAMER,,,37.0,,,,,,B
367120230,2019-05-08T22:03:31,38.92741,-75.1453,0.8,-130.2,511.0,SONIE,IMO9373723,WDD2812,31.0,0.0,24.0,9.0,4.0,52.0,B
369235000,2019-05-08T22:03:22,38.92753,-75.14408,0.1,-106.4,351.0,OSG VISION,IMO9436537,WDF2493,31.0,0.0,46.0,15.0,6.5,57.0,B
367699890,2019-05-08T22:03:29,38.8815,-75.06383,19.4,32.4,511.0,J P VIRDEN,,WDI4560,,15.0,16.0,,,,B
538006702,2019-05-08T22:03:30,38.96417,-75.19585,0.1,28.5,338.0,NAMSEN,IMO9761528,V7QJ6,80.0,1.0,,,,,A
303104000,2019-05-08T22:03:39,39.2584,-75.33154,12.7,-91.0,316.0,SEABULK CHALLENGE,IMO7816551,KNJL,80.0,0.0,191.0,32.0,13.2,,B
338447000,2019-05-08T22:03:41,38.90214,-75.11405,10.5,115.0,105.0,OSG HORIZON,IMO9436549,WDF6180,31.0,0.0,46.0,15.0,6.5,57.0,B
311000546,2019-05-08T22:03:48,38.91147,-75.14589,0.2,176.8,330.0,,,,,1.0,,,,,A
370299000,2019-05-08T22:04:33,38.98138,-75.12987,14.0,-73.6,338.0,MORNING CAMILLA,IMO9477919,H3LJ,70.0,0.0,199.0,32.0,10.0,70.0,B
368058330,2019-05-08T22:03:58,39.19577,-75.27883,3.6,-75.6,511.0,PURPLE  HAYS,,WDC9127,52.0,0.0,24.0,8.0,3.0,52.0,B
366980160,2019-05-08T22:04:12,38.80533,-75.11016,23.2,57.3,57.0,BRANDYWINE,,WDB9646,,15.0,16.0,5.0,,,B
369235000,2019-05-08T22:04:33,38.92752,-75.14414,0.1,-106.4,353.0,OSG VISION,IMO9436537,WDF2493,31.0,0.0,46.0,15.0,6.5,57.0,B
367120230,2019-05-08T22:04:41,38.92741,-75.14557,0.5,-155.8,511.0,SONIE,IMO9373723,WDD2812,31.0,0.0,24.0,9.0,4.0,52.0,B
367699890,2019-05-08T22:04:35,38.8865,-75.06,20.0,32.1,511.0,J P VIRDEN,,WDI4560,,15.0,16.0,,,,B
338447000,2019-05-08T22:04:44,38.90107,-75.11041,10.0,102.5,85.0,OSG HORIZON,IMO9436549,WDF6180,31.0,0.0,46.0,15.0,6.5,57.0,A
338191464,2019-05-08T22:04:32,38.97718,-75.04756,6.1,143.2,511.0,DAY DREAMER,,,37.0,,,,,,B
303104000,2019-05-08T22:04:50,39.26141,-75.33507,12.5,-94.4,318.0,SEABULK CHALLENGE,IMO7816551,KNJL,80.0,0.0,191.0,32.0,13.2,,B
538004030,2019-05-08T22:05:16,38.92613,-75.15868,0.0,-106.1,336.0,FRIO,IMO9596985,V7UU3,80.0,1.0,274.0,48.0,17.1,89.0,A
368058330,2019-05-08T22:05:18,39.1969,-75.27975,3.6,-83.6,511.0,PURPLE  HAYS,,WDC9127,52.0,0.0,24.0,8.0,3.0,52.0,B
366980160,2019-05-08T22:06:16,38.81045,-75.09532,20.5,77.0,77.0,BRANDYWINE,,WDB9646,,15.0,16.0,5.0,,,B
366980160,2019-05-08T22:05:14,38.80849,-75.10279,22.2,65.8,65.0,BRANDYWINE,,WDB9646,,15.0,16.0,5.0,,,B
367699890,2019-05-08T22:05:59,38.89317,-75.05483,19.5,34.3,511.0,J P VIRDEN,,WDI4560,,15.0,16.0,,,,B
311073800,2019-05-08T22:05:32,38.98392,-75.21283,0.0,67.6,336.0,EURO,IMO9567702,C6AA5,84.0,1.0,274.0,48.0,-11.5,84.0,A
369235000,2019-05-08T22:05:42,38.92752,-75.14418,0.1,-185.0,354.0,OSG VISION,IMO9436537,WDF2493,31.0,0.0,46.0,15.0,6.5,57.0,B
370299000,2019-05-08T22:05:39,38.98522,-75.13198,14.0,-73.6,338.0,MORNING CAMILLA,IMO9477919,H3LJ,70.0,0.0,199.0,32.0,10.0,70.0,B
338191464,2019-05-08T22:06:00,38.97516,-75.04553,6.1,141.7,511.0,DAY DREAMER,,,37.0,,,,,,B
338447000,2019-05-08T22:05:51,38.90105,-75.10663,9.1,78.5,64.0,OSG HORIZON,IMO9436549,WDF6180,31.0,0.0,46.0,15.0,6.5,57.0,B
303104000,2019-05-08T22:05:59,39.26443,-75.33845,12.5,-92.2,317.0,SEABULK CHALLENGE,IMO7816551,KNJL,80.0,0.0,191.0,32.0,13.2,,B
368058330,2019-05-08T22:06:27,39.19787,-75.28059,3.6,-83.7,511.0,PURPLE  HAYS,,WDC9127,52.0,0.0,24.0,8.0,3.0,52.0,B
538006702,2019-05-08T22:06:34,38.96409,-75.19595,0.1,28.5,339.0,NAMSEN,IMO9761528,V7QJ6,80.0,1.0,,,,,A
367120230,2019-05-08T22:05:52,38.92739,-75.14565,0.3,-153.3,511.0,SONIE,IMO9373723,WDD2812,31.0,0.0,24.0,9.0,4.0,52.0,B
369235000,2019-05-08T22:06:53,38.92749,-75.14422,0.0,201.0,354.0,OSG VISION,IMO9436537,WDF2493,31.0,0.0,46.0,15.0,6.5,57.0,B
338447000,2019-05-08T22:06:55,38.90198,-75.10348,8.5,57.5,44.0,OSG HORIZON,IMO9436549,WDF6180,31.0,0.0,46.0,15.0,6.5,57.0,A
366914210,2019-05-08T22:06:55,38.96718,-74.9615,1.3,-158.5,296.0,DELAWARE,IMO8990304,WYU8553,60.0,0.0,91.0,20.0,,,A
370299000,2019-05-08T22:06:46,38.98925,-75.13425,13.9,-73.6,338.0,MORNING CAMILLA,IMO9477919,H3LJ,70.0,0.0,199.0,32.0,10.0,70.0,B
367120230,2019-05-08T22:07:02,38.92737,-75.14586,0.5,-103.5,511.0,SONIE,IMO9373723,WDD2812,31.0,0.0,24.0,9.0,4.0,52.0,B
311000546,2019-05-08T22:06:48,38.91137,-75.14598,0.2,-173.8,329.0,,,,,1.0,,,,,A
303104000,2019-05-08T22:07:09,39.26746,-75.34193,12.5,-91.0,318.0,SEABULK CHALLENGE,IMO7816551,KNJL,80.0,0.0,191.0,32.0,13.2,,B
240463000,2019-05-08T22:07:03,38.93873,-75.17123,0.0,141.0,351.0,BOUBOULINA,IMO9298753,SZIS,80.0,1.0,274.0,50.0,17.0,80.0,A
368058330,2019-05-08T22:07:28,39.1987,-75.28132,3.5,-84.2,511.0,PURPLE  HAYS,,WDC9127,52.0,0.0,24.0,8.0,3.0,52.0,B
366980160,2019-05-08T22:07:18,38.81081,-75.08773,20.5,93.3,92.0,BRANDYWINE,,WDB9646,,15.0,16.0,5.0,,,B
240463000,2019-05-08T22:04:05,38.93875,-75.17115,0.0,141.0,351.0,BOUBOULINA,IMO9298753,SZIS,80.0,1.0,274.0,50.0,17.0,80.0,A
367699890,2019-05-08T22:07:29,38.9,-75.04883,19.7,38.0,511.0,J P VIRDEN,,WDI4560,,15.0,16.0,,,,B
338191464,2019-05-08T22:07:31,38.97314,-75.04314,7.2,138.5,511.0,DAY DREAMER,,,37.0,,,,,,B
311073800,2019-05-08T22:08:32,38.98395,-75.21278,0.0,63.7,334.0,EURO,IMO9567702,C6AA5,84.0,1.0,274.0,48.0,-11.5,84.0,A
369235000,2019-05-08T22:08:33,38.92744,-75.14426,0.0,194.2,354.0,OSG VISION,IMO9436537,WDF2493,31.0,0.0,46.0,15.0,6.5,57.0,B
367120230,2019-05-08T22:08:11,38.92751,-75.14589,0.2,-158.0,511.0,SONIE,IMO9373723,WDD2812,31.0,0.0,24.0,9.0,4.0,52.0,B
370299000,2019-05-08T22:08:27,38.9951,-75.13758,13.9,-73.6,338.0,MORNING CAMILLA,IMO9477919,H3LJ,70.0,0.0,199.0,32.0,10.0,70.0,B
303104000,2019-05-08T22:08:19,39.27047,-75.34543,12.6,-90.4,318.0,SEABULK CHALLENGE,IMO7816551,KNJL,80.0,0.0,191.0,32.0,13.2,,A
366914210,2019-05-08T22:08:32,38.96698,-74.96369,5.8,-139.6,272.0,DELAWARE,IMO8990304,WYU8553,60.0,0.0,91.0,20.0,,,B
538004030,2019-05-08T22:08:17,38.92615,-75.15873,0.1,-136.7,337.0,FRIO,IMO9596985,V7UU3,80.0,1.0,274.0,48.0,17.1,89.0,A
338447000,2019-05-08T22:08:12,38.90398,-75.10063,8.4,41.0,31.0,OSG HORIZON,IMO9436549,WDF6180,31.0,0.0,46.0,15.0,6.5,57.0,B
368058330,2019-05-08T22:09:17,39.20027,-75.28254,3.6,-78.1,511.0,PURPLE  HAYS,,WDC9127,52.0,0.0,24.0,8.0,3.0,52.0,B
367699890,2019-05-08T22:08:35,38.9045,-75.04433,19.5,36.4,511.0,J P VIRDEN,,WDI4560,,15.0,16.0,,,,B
338447000,2019-05-08T22:09:21,38.90617,-75.09869,8.1,24.1,19.0,OSG HORIZON,IMO9436549,WDF6180,31.0,0.0,46.0,15.0,6.5,57.0,B
338191464,2019-05-08T22:09:00,38.97088,-75.0406,7.0,141.4,511.0,DAY DREAMER,,,37.0,,,,,,B
311000546,2019-05-08T22:09:48,38.91128,-75.14616,0.0,-164.4,331.0,,,,,1.0,,,,,A
367699890,2019-05-08T22:10:05,38.911,-75.03783,19.5,38.7,511.0,J P VIRDEN,,WDI4560,,15.0,16.0,,,,B
303104000,2019-05-08T22:09:28,39.27349,-75.34892,12.5,-91.1,318.0,SEABULK CHALLENGE,IMO7816551,KNJL,80.0,0.0,191.0,32.0,13.2,,B
370299000,2019-05-08T22:10:12,39.00123,-75.14112,13.9,-74.6,337.0,MORNING CAMILLA,IMO9477919,H3LJ,70.0,0.0,199.0,32.0,10.0,70.0,B
538006702,2019-05-08T22:09:33,38.96404,-75.19604,0.1,28.5,341.0,NAMSEN,IMO9761528,V7QJ6,80.0,1.0,,,,,A
369235000,2019-05-08T22:09:42,38.9274,-75.14427,0.0,201.5,354.0,OSG VISION,IMO9436537,WDF2493,31.0,0.0,46.0,15.0,6.5,57.0,B
366914210,2019-05-08T22:10:21,38.96724,-74.9678,8.0,-128.2,283.0,DELAWARE,IMO8990304,WYU8553,60.0,0.0,91.0,20.0,,,B
367120230,2019-05-08T22:09:21,38.92754,-75.14583,0.2,55.7,511.0,SONIE,IMO9373723,WDD2812,31.0,0.0,24.0,9.0,4.0,52.0,B
240463000,2019-05-08T22:10:05,38.93873,-75.1713,0.0,141.0,351.0,BOUBOULINA,IMO9298753,SZIS,80.0,1.0,274.0,50.0,17.0,80.0,A
338191464,2019-05-08T22:10:30,38.96888,-75.03828,6.6,132.4,511.0,DAY DREAMER,,,37.0,,,,,,B
366914210,2019-05-08T22:11:41,38.9673,-74.97235,10.7,-150.4,254.0,DELAWARE,IMO8990304,WYU8553,60.0,0.0,91.0,20.0,,,A
367120230,2019-05-08T22:10:42,38.92745,-75.1457,0.3,124.5,511.0,SONIE,IMO9373723,WDD2812,31.0,0.0,24.0,9.0,4.0,52.0,B
369235000,2019-05-08T22:12:02,38.92743,-75.14432,0.0,-78.4,355.0,OSG VISION,IMO9436537,WDF2493,31.0,0.0,46.0,15.0,6.5,57.0,B
303104000,2019-05-08T22:10:39,39.27654,-75.35244,12.4,-91.4,318.0,SEABULK CHALLENGE,IMO7816551,KNJL,80.0,0.0,191.0,32.0,13.2,,B
369235000,2019-05-08T22:10:53,38.9274,-75.1443,0.0,201.5,354.0,OSG VISION,IMO9436537,WDF2493,31.0,0.0,46.0,15.0,6.5,57.0,B
538004030,2019-05-08T22:11:16,38.92614,-75.15874,0.0,-139.6,338.0,FRIO,IMO9596985,V7UU3,80.0,1.0,274.0,48.0,17.1,89.0,A
338447000,2019-05-08T22:12:11,38.91236,-75.09549,8.5,12.1,4.0,OSG HORIZON,IMO9436549,WDF6180,31.0,0.0,46.0,15.0,6.5,57.0,B
303104000,2019-05-08T22:12:19,39.28078,-75.35734,12.4,-93.2,318.0,SEABULK CHALLENGE,IMO7816551,KNJL,80.0,0.0,191.0,32.0,13.2,,B
368058330,2019-05-08T22:12:17,39.20295,-75.28437,3.5,-84.0,511.0,PURPLE  HAYS,,WDC9127,52.0,0.0,24.0,8.0,3.0,52.0,B
370299000,2019-05-08T22:12:00,39.00783,-75.145,14.0,-74.6,337.0,MORNING CAMILLA,IMO9477919,H3LJ,70.0,0.0,199.0,32.0,10.0,70.0,B
367699890,2019-05-08T22:11:11,38.91567,-75.03333,19.5,38.8,511.0,J P VIRDEN,,WDI4560,,15.0,16.0,,,,B
367120230,2019-05-08T22:12:42,38.92724,-75.14573,0.6,195.8,511.0,SONIE,IMO9373723,WDD2812,31.0,0.0,24.0,9.0,4.0,52.0,B
367699890,2019-05-08T22:12:17,38.9205,-75.02833,19.7,45.0,511.0,J P VIRDEN,,WDI4560,,15.0,16.0,,,,B
368058330,2019-05-08T22:10:28,39.20134,-75.28326,3.7,-77.2,511.0,PURPLE  HAYS,,WDC9127,52.0,0.0,24.0,8.0,3.0,52.0,B
311073800,2019-05-08T22:11:34,38.98394,-75.21278,0.0,63.7,335.0,EURO,IMO9567702,C6AA5,84.0,1.0,274.0,48.0,-11.5,84.0,A
338447000,2019-05-08T22:10:31,38.90865,-75.0973,8.5,25.8,20.0,OSG HORIZON,IMO9436549,WDF6180,31.0,0.0,46.0,15.0,6.5,57.0,B
366914210,2019-05-08T22:12:42,38.96582,-74.97571,11.2,-182.6,222.0,DELAWARE,IMO8990304,WYU8553,60.0,0.0,91.0,20.0,,,B
311000546,2019-05-08T22:12:48,38.91122,-75.14636,0.0,-168.1,334.0,,,,,1.0,,,,,A
338191464,2019-05-08T22:12:01,38.96701,-75.03596,5.9,135.1,511.0,DAY DREAMER,,,37.0,,,,,,B
538006702,2019-05-08T22:12:33,38.96403,-75.19612,0.0,28.5,343.0,NAMSEN,IMO9761528,V7QJ6,80.0,1.0,,,,,A
303104000,2019-05-08T22:14:29,39.28636,-75.36379,12.2,-90.9,318.0,SEABULK CHALLENGE,IMO7816551,KNJL,80.0,0.0,191.0,32.0,13.2,,A
370299000,2019-05-08T22:13:05,39.01165,-75.14707,13.9,-71.6,340.0,MORNING CAMILLA,IMO9477919,H3LJ,70.0,0.0,199.0,32.0,10.0,70.0,B
369235000,2019-05-08T22:13:13,38.92746,-75.14436,0.1,-75.8,356.0,OSG VISION,IMO9436537,WDF2493,31.0,0.0,46.0,15.0,6.5,57.0,B
367699890,2019-05-08T22:13:22,38.92483,-75.023,19.8,45.6,511.0,J P VIRDEN,,WDI4560,,15.0,16.0,,,,B
240463000,2019-05-08T22:13:03,38.93875,-75.1714,0.0,141.0,352.0,BOUBOULINA,IMO9298753,SZIS,80.0,1.0,274.0,50.0,17.0,80.0,A
368058330,2019-05-08T22:14:29,39.20491,-75.2857,3.6,-74.2,511.0,PURPLE  HAYS,,WDC9127,52.0,0.0,24.0,8.0,3.0,52.0,B
367120230,2019-05-08T22:13:50,38.92721,-75.14579,0.5,-68.8,511.0,SONIE,IMO9373723,WDD2812,31.0,0.0,24.0,9.0,4.0,52.0,B
311073800,2019-05-08T22:14:36,38.98396,-75.21281,0.0,63.7,336.0,EURO,IMO9567702,C6AA5,84.0,1.0,274.0,48.0,-11.5,84.0,A
366914210,2019-05-08T22:13:52,38.96321,-74.97913,11.7,-183.0,225.0,DELAWARE,IMO8990304,WYU8553,60.0,0.0,91.0,20.0,,,A
338191464,2019-05-08T22:14:00,38.96445,-75.03292,6.9,129.5,511.0,DAY DREAMER,,,37.0,,,,,,B
370299000,2019-05-08T22:15:00,39.0186,-75.15073,13.9,-72.6,339.0,MORNING CAMILLA,IMO9477919,H3LJ,70.0,0.0,199.0,32.0,10.0,70.0,B
366914210,2019-05-08T22:15:12,38.96021,-74.98323,11.8,-180.8,229.0,DELAWARE,IMO8990304,WYU8553,60.0,0.0,91.0,20.0,,,B
369235000,2019-05-08T22:15:03,38.92748,-75.14441,0.0,-75.8,356.0,OSG VISION,IMO9436537,WDF2493,31.0,0.0,46.0,15.0,6.5,57.0,B
367699890,2019-05-08T22:15:17,38.93267,-75.01333,20.6,41.9,511.0,J P VIRDEN,,WDI4560,,15.0,16.0,,,,B
538004030,2019-05-08T22:14:17,38.92609,-75.15875,0.0,121.8,339.0,FRIO,IMO9596985,V7UU3,80.0,1.0,274.0,48.0,17.1,89.0,A
303104000,2019-05-08T22:15:39,39.28933,-75.36724,12.3,-91.3,319.0,SEABULK CHALLENGE,IMO7816551,KNJL,80.0,0.0,191.0,32.0,13.2,,B
367120230,2019-05-08T22:15:01,38.92757,-75.1459,1.1,9.9,511.0,SONIE,IMO9373723,WDD2812,31.0,0.0,24.0,9.0,4.0,52.0,B
338447000,2019-05-08T22:15:51,38.92099,-75.09674,8.7,-65.8,341.0,OSG HORIZON,IMO9436549,WDF6180,31.0,0.0,46.0,15.0,6.5,57.0,B
338447000,2019-05-08T22:14:11,38.91708,-75.09558,8.5,-58.9,347.0,OSG HORIZON,IMO9436549,WDF6180,31.0,0.0,46.0,15.0,6.5,57.0,B
338191464,2019-05-08T22:15:01,38.96322,-75.03112,6.7,130.4,511.0,DAY DREAMER,,,37.0,,,,,,B
538006702,2019-05-08T22:15:31,38.96402,-75.19619,0.0,28.5,345.0,NAMSEN,IMO9761528,V7QJ6,80.0,1.0,,,,,A
366914210,2019-05-08T22:16:42,38.95687,-74.98795,11.9,-182.3,227.0,DELAWARE,IMO8990304,WYU8553,60.0,0.0,91.0,20.0,,,B
367699890,2019-05-08T22:16:47,38.93917,-75.00583,21.1,42.0,511.0,J P VIRDEN,,WDI4560,,15.0,16.0,,,,B
311000546,2019-05-08T22:15:48,38.91113,-75.14648,0.0,-182.8,338.0,,,,,1.0,,,,,A
368058330,2019-05-08T22:15:38,39.20591,-75.28641,3.5,-82.4,511.0,PURPLE  HAYS,,WDC9127,52.0,0.0,24.0,8.0,3.0,52.0,B
370299000,2019-05-08T22:17:00,39.02583,-75.15455,13.9,-72.6,339.0,MORNING CAMILLA,IMO9477919,H3LJ,70.0,0.0,199.0,32.0,10.0,70.0,B
240463000,2019-05-08T22:16:03,38.93877,-75.17148,0.0,141.0,353.0,BOUBOULINA,IMO9298753,SZIS,80.0,1.0,274.0,50.0,17.0,80.0,A
369235000,2019-05-08T22:16:13,38.92748,-75.14437,0.0,-75.8,355.0,OSG VISION,IMO9436537,WDF2493,31.0,0.0,46.0,15.0,6.5,57.0,B
367120230,2019-05-08T22:16:11,38.9276,-75.14589,0.4,198.7,511.0,SONIE,IMO9373723,WDD2812,31.0,0.0,24.0,9.0,4.0,52.0,B
338191464,2019-05-08T22:16:32,38.96155,-75.02846,6.3,132.7,511.0,DAY DREAMER,,,37.0,,,,,,B
368058330,2019-05-08T22:16:47,39.20689,-75.2872,3.6,-78.1,511.0,PURPLE  HAYS,,WDC9127,52.0,0.0,24.0,8.0,3.0,52.0,B
367120230,2019-05-08T22:17:21,38.92742,-75.14592,0.5,193.6,511.0,SONIE,IMO9373723,WDD2812,31.0,0.0,24.0,9.0,4.0,52.0,B
303104000,2019-05-08T22:17:39,39.29444,-75.37302,12.0,-94.5,316.0,SEABULK CHALLENGE,IMO7816551,KNJL,80.0,0.0,191.0,32.0,13.2,,B
369235000,2019-05-08T22:18:03,38.92748,-75.14436,0.0,-75.8,352.0,OSG VISION,IMO9436537,WDF2493,31.0,0.0,46.0,15.0,6.5,57.0,B
338447000,2019-05-08T22:17:01,38.92371,-75.09793,8.8,-70.7,337.0,OSG HORIZON,IMO9436549,WDF6180,31.0,0.0,46.0,15.0,6.5,57.0,B
370299000,2019-05-08T22:18:09,39.02985,-75.15668,13.9,-72.6,339.0,MORNING CAMILLA,IMO9477919,H3LJ,70.0,0.0,199.0,32.0,10.0,70.0,B
338447000,2019-05-08T22:18:51,38.92796,-75.10009,9.0,-71.0,337.0,OSG HORIZON,IMO9436549,WDF6180,31.0,0.0,46.0,15.0,6.5,57.0,B
311073800,2019-05-08T22:17:33,38.98398,-75.21278,0.0,56.1,336.0,EURO,IMO9567702,C6AA5,84.0,1.0,274.0,48.0,-11.5,84.0,A
311000546,2019-05-08T22:18:48,38.91112,-75.14654,0.0,-182.1,341.0,,,,,1.0,,,,,A
367699890,2019-05-08T22:17:52,38.944,-75.00083,21.0,42.0,511.0,J P VIRDEN,,WDI4560,,15.0,16.0,,,,B
367120230,2019-05-08T22:19:01,38.92728,-75.14589,0.2,171.0,511.0,SONIE,IMO9373723,WDD2812,31.0,0.0,24.0,9.0,4.0,52.0,B
338191464,2019-05-08T22:19:01,38.95856,-75.02487,6.1,135.0,511.0,DAY DREAMER,,,37.0,,,,,,B
368058330,2019-05-08T22:18:09,39.20805,-75.28813,3.6,-88.2,511.0,PURPLE  HAYS,,WDC9127,52.0,0.0,24.0,8.0,3.0,52.0,B
370299000,2019-05-08T22:19:39,39.03513,-75.15947,13.9,-72.6,339.0,MORNING CAMILLA,IMO9477919,H3LJ,70.0,0.0,199.0,32.0,10.0,70.0,B
366914210,2019-05-08T22:17:51,38.95434,-74.99158,11.9,-180.5,228.0,DELAWARE,IMO8990304,WYU8553,60.0,0.0,91.0,20.0,,,B
538006702,2019-05-08T22:18:32,38.96407,-75.19617,0.0,28.5,345.0,NAMSEN,IMO9761528,V7QJ6,80.0,1.0,,,,,A
303104000,2019-05-08T22:18:49,39.29728,-75.37637,12.0,-92.7,318.0,SEABULK CHALLENGE,IMO7816551,KNJL,80.0,0.0,191.0,32.0,13.2,,B
366914210,2019-05-08T22:19:03,38.95175,-74.99533,11.8,-182.3,226.0,DELAWARE,IMO8990304,WYU8553,60.0,0.0,91.0,20.0,,,B
369235000,2019-05-08T22:19:11,38.92747,-75.14442,0.1,-75.8,352.0,OSG VISION,IMO9436537,WDF2493,31.0,0.0,46.0,15.0,6.5,57.0,B
368058330,2019-05-08T22:19:18,39.20904,-75.28893,3.5,-83.9,511.0,PURPLE  HAYS,,WDC9127,52.0,0.0,24.0,8.0,3.0,52.0,B
367699890,2019-05-08T22:18:59,38.94917,-74.99567,21.1,35.5,511.0,J P VIRDEN,,WDI4560,,15.0,16.0,,,,B
338447000,2019-05-08T22:20:51,38.93266,-75.10261,9.1,-71.2,336.0,OSG HORIZON,IMO9436549,WDF6180,31.0,0.0,46.0,15.0,6.5,57.0,B
303104000,2019-05-08T22:19:50,39.29982,-75.37931,12.1,-93.2,317.0,SEABULK CHALLENGE,IMO7816551,KNJL,80.0,0.0,191.0,32.0,13.2,,B
370299000,2019-05-08T22:20:49,39.03945,-75.16177,14.0,-72.6,339.0,MORNING CAMILLA,IMO9477919,H3LJ,70.0,0.0,199.0,32.0,10.0,70.0,B
311000546,2019-05-08T22:21:48,38.91114,-75.14649,0.0,39.0,342.0,,,,,1.0,,,,,A
366914210,2019-05-08T22:21:52,38.94546,-75.00393,10.7,-182.0,225.0,DELAWARE,IMO8990304,WYU8553,60.0,0.0,91.0,20.0,,,B
367699890,2019-05-08T22:20:05,38.95417,-74.99017,21.8,40.0,511.0,J P VIRDEN,,WDI4560,,15.0,16.0,,,,B
369235000,2019-05-08T22:20:12,38.92746,-75.14444,0.1,-192.6,353.0,OSG VISION,IMO9436537,WDF2493,31.0,0.0,46.0,15.0,6.5,57.0,B
538004030,2019-05-08T22:20:16,38.92617,-75.15876,0.0,14.8,340.0,FRIO,IMO9596985,V7UU3,80.0,1.0,274.0,48.0,17.1,89.0,A
367120230,2019-05-08T22:20:11,38.92716,-75.14602,0.6,-177.5,511.0,SONIE,IMO9373723,WDD2812,31.0,0.0,24.0,9.0,4.0,52.0,B
370299000,2019-05-08T22:22:12,39.04452,-75.16437,13.9,-71.6,340.0,MORNING CAMILLA,IMO9477919,H3LJ,70.0,0.0,199.0,32.0,10.0,70.0,B
369235000,2019-05-08T22:22:22,38.92746,-75.14455,0.1,-173.7,356.0,OSG VISION,IMO9436537,WDF2493,31.0,0.0,46.0,15.0,6.5,57.0,B
338191464,2019-05-08T22:20:30,38.95687,-75.02266,5.4,136.3,511.0,DAY DREAMER,,,37.0,,,,,,B
311073800,2019-05-08T22:20:36,38.984,-75.21275,0.0,51.8,335.0,EURO,IMO9567702,C6AA5,84.0,1.0,274.0,48.0,-11.5,84.0,A
367699890,2019-05-08T22:22:46,38.96517,-74.97517,21.6,52.7,511.0,J P VIRDEN,,WDI4560,,15.0,16.0,,,,B
303104000,2019-05-08T22:21:00,39.30276,-75.38271,11.9,-93.8,319.0,SEABULK CHALLENGE,IMO7816551,KNJL,80.0,0.0,191.0,32.0,13.2,,B
338447000,2019-05-08T22:22:52,38.93744,-75.10515,9.2,-71.3,336.0,OSG HORIZON,IMO9436549,WDF6180,31.0,0.0,46.0,15.0,6.5,57.0,B
368058330,2019-05-08T22:21:47,39.21093,-75.29094,3.6,-87.8,511.0,PURPLE  HAYS,,WDC9127,52.0,0.0,24.0,8.0,3.0,52.0,B
370299000,2019-05-08T22:23:31,39.04908,-75.16677,14.0,-73.6,338.0,MORNING CAMILLA,IMO9477919,H3LJ,70.0,0.0,199.0,32.0,10.0,70.0,B
366914210,2019-05-08T22:23:31,38.94186,-75.00907,12.2,-181.4,225.0,DELAWARE,IMO8990304,WYU8553,60.0,0.0,91.0,20.0,,,B
538006702,2019-05-08T22:21:33,38.96402,-75.19614,0.0,28.5,345.0,NAMSEN,IMO9761528,V7QJ6,80.0,1.0,,,,,A
240463000,2019-05-08T22:22:03,38.9387,-75.17155,0.0,141.0,355.0,BOUBOULINA,IMO9298753,SZIS,80.0,1.0,274.0,50.0,17.0,80.0,A
367120230,2019-05-08T22:21:21,38.92701,-75.14625,0.8,-173.8,511.0,SONIE,IMO9373723,WDD2812,31.0,0.0,24.0,9.0,4.0,52.0,B
338191464,2019-05-08T22:22:00,38.95528,-75.02069,5.5,136.1,511.0,DAY DREAMER,,,37.0,,,,,,B
368058330,2019-05-08T22:23:49,39.21263,-75.29224,3.5,-72.4,511.0,PURPLE  HAYS,,WDC9127,52.0,0.0,24.0,8.0,3.0,52.0,B
303104000,2019-05-08T22:22:08,39.30565,-75.38603,12.1,-90.9,319.0,SEABULK CHALLENGE,IMO7816551,KNJL,80.0,0.0,191.0,32.0,13.2,,B
368058330,2019-05-08T22:25:08,39.21371,-75.29306,3.4,-87.6,511.0,PURPLE  HAYS,,WDC9127,52.0,0.0,24.0,8.0,3.0,52.0,B
370299000,2019-05-08T22:25:19,39.0556,-75.1702,14.0,-72.6,339.0,MORNING CAMILLA,IMO9477919,H3LJ,70.0,0.0,199.0,32.0,10.0,70.0,B
367699890,2019-05-08T22:24:23,38.96683,-74.96367,8.7,85.8,511.0,J P VIRDEN,,WDI4560,,15.0,16.0,,,,B
338447000,2019-05-08T22:24:52,38.94229,-75.10765,9.3,-71.5,336.0,OSG HORIZON,IMO9436549,WDF6180,31.0,0.0,46.0,15.0,6.5,57.0,B
303104000,2019-05-08T22:23:20,39.30866,-75.38946,12.2,-90.4,318.0,SEABULK CHALLENGE,IMO7816551,KNJL,80.0,0.0,191.0,32.0,13.2,,B
538004030,2019-05-08T22:23:13,38.92612,-75.15876,0.0,137.2,341.0,FRIO,IMO9596985,V7UU3,80.0,1.0,274.0,48.0,17.1,89.0,A
303104000,2019-05-08T22:25:18,39.3137,-75.39525,12.5,-92.0,318.0,SEABULK CHALLENGE,IMO7816551,KNJL,80.0,0.0,191.0,32.0,13.2,,B
338191464,2019-05-08T22:23:30,38.95374,-75.01852,5.6,130.3,511.0,DAY DREAMER,,,37.0,,,,,,B
369235000,2019-05-08T22:25:22,38.92748,-75.1447,0.1,-82.6,359.0,OSG VISION,IMO9436537,WDF2493,31.0,0.0,46.0,15.0,6.5,57.0,B
311073800,2019-05-08T22:23:34,38.98401,-75.2127,0.0,44.3,335.0,EURO,IMO9567702,C6AA5,84.0,1.0,274.0,48.0,-11.5,84.0,A
369235000,2019-05-08T22:26:33,38.92749,-75.14469,0.0,-82.6,359.0,OSG VISION,IMO9436537,WDF2493,31.0,0.0,46.0,15.0,6.5,57.0,B
366914210,2019-05-08T22:26:21,38.9354,-75.0179,11.7,-182.1,227.0,DELAWARE,IMO8990304,WYU8553,60.0,0.0,91.0,20.0,,,B
370299000,2019-05-08T22:26:31,39.0602,-75.17258,14.0,-71.6,340.0,MORNING CAMILLA,IMO9477919,H3LJ,70.0,0.0,199.0,32.0,10.0,70.0,B
367120230,2019-05-08T22:25:00,38.92729,-75.14647,1.7,16.9,511.0,SONIE,IMO9373723,WDD2812,31.0,0.0,24.0,9.0,4.0,52.0,B
311000546,2019-05-08T22:24:48,38.91122,-75.14644,0.0,41.5,342.0,,,,,1.0,,,,,A
367120230,2019-05-08T22:22:31,38.92694,-75.14648,0.5,-136.2,511.0,SONIE,IMO9373723,WDD2812,31.0,0.0,24.0,9.0,4.0,52.0,B
240463000,2019-05-08T22:25:04,38.9387,-75.1716,0.0,141.0,356.0,BOUBOULINA,IMO9298753,SZIS,80.0,1.0,274.0,50.0,17.0,80.0,A
303104000,2019-05-08T22:27:18,39.31893,-75.40121,12.3,-92.3,318.0,SEABULK CHALLENGE,IMO7816551,KNJL,80.0,0.0,191.0,32.0,13.2,,B
370299000,2019-05-08T22:28:13,39.06618,-75.17567,14.0,-71.6,339.0,MORNING CAMILLA,IMO9477919,H3LJ,70.0,0.0,199.0,32.0,10.0,70.0,B
538004030,2019-05-08T22:26:14,38.92612,-75.1587,0.0,78.8,340.0,FRIO,IMO9596985,V7UU3,80.0,1.0,274.0,48.0,17.1,89.0,A
311073800,2019-05-08T22:26:34,38.98404,-75.21267,0.0,11.7,335.0,EURO,IMO9567702,C6AA5,84.0,1.0,274.0,48.0,-11.5,84.0,A
368058330,2019-05-08T22:26:18,39.21457,-75.29395,3.2,-83.2,511.0,PURPLE  HAYS,,WDC9127,52.0,0.0,24.0,8.0,3.0,52.0,B
338191464,2019-05-08T22:26:31,38.95069,-75.01412,5.4,130.1,511.0,DAY DREAMER,,,37.0,,,,,,B
538006702,2019-05-08T22:27:34,38.96406,-75.19613,0.0,28.5,344.0,NAMSEN,IMO9761528,V7QJ6,80.0,1.0,,,,,A
367120230,2019-05-08T22:27:21,38.92765,-75.14627,0.3,67.4,511.0,SONIE,IMO9373723,WDD2812,31.0,0.0,24.0,9.0,4.0,52.0,B
367120230,2019-05-08T22:23:51,38.92691,-75.14663,0.2,6.8,511.0,SONIE,IMO9373723,WDD2812,31.0,0.0,24.0,9.0,4.0,52.0,B
311000546,2019-05-08T22:27:48,38.91127,-75.14637,0.0,57.4,341.0,,,,,1.0,,,,,A
338191464,2019-05-08T22:28:00,38.94924,-75.01188,5.7,128.9,511.0,DAY DREAMER,,,37.0,,,,,,B
338447000,2019-05-08T22:26:52,38.94713,-75.11021,9.4,-73.3,335.0,OSG HORIZON,IMO9436549,WDF6180,31.0,0.0,46.0,15.0,6.5,57.0,B
338191464,2019-05-08T22:25:00,38.95222,-75.01653,6.4,126.2,511.0,DAY DREAMER,,,37.0,,,,,,B
367120230,2019-05-08T22:26:12,38.92761,-75.14634,0.3,0.1,511.0,SONIE,IMO9373723,WDD2812,31.0,0.0,24.0,9.0,4.0,52.0,B
368058330,2019-05-08T22:27:28,39.21554,-75.2946,3.4,-79.6,511.0,PURPLE  HAYS,,WDC9127,52.0,0.0,24.0,8.0,3.0,52.0,B
369235000,2019-05-08T22:28:42,38.92748,-75.1447,0.0,-82.6,359.0,OSG VISION,IMO9436537,WDF2493,31.0,0.0,46.0,15.0,6.5,57.0,B
366914210,2019-05-08T22:29:22,38.92845,-75.02735,12.2,-183.0,225.0,DELAWARE,IMO8990304,WYU8553,60.0,0.0,91.0,20.0,,,B
303104000,2019-05-08T22:28:29,39.32199,-75.40475,12.3,-91.0,318.0,SEABULK CHALLENGE,IMO7816551,KNJL,80.0,0.0,191.0,32.0,13.2,,B
370299000,2019-05-08T22:29:49,39.0721,-75.17873,14.0,-71.6,340.0,MORNING CAMILLA,IMO9477919,H3LJ,70.0,0.0,199.0,32.0,10.0,70.0,B
369235000,2019-05-08T22:29:52,38.92747,-75.14471,0.0,-82.6,359.0,OSG VISION,IMO9436537,WDF2493,31.0,0.0,46.0,15.0,6.5,57.0,B
303104000,2019-05-08T22:29:59,39.32587,-75.40924,12.6,-91.7,318.0,SEABULK CHALLENGE,IMO7816551,KNJL,80.0,0.0,191.0,32.0,13.2,,B
367699890,2019-05-08T22:30:08,38.96717,-74.96183,7.6,-148.8,511.0,J P VIRDEN,,WDI4560,,15.0,16.0,,,,B
338447000,2019-05-08T22:29:41,38.95397,-75.11391,9.4,-71.8,335.0,OSG HORIZON,IMO9436549,WDF6180,31.0,0.0,46.0,15.0,6.5,57.0,B
367120230,2019-05-08T22:28:32,38.92759,-75.14626,0.3,132.3,511.0,SONIE,IMO9373723,WDD2812,31.0,0.0,24.0,9.0,4.0,52.0,B
368058330,2019-05-08T22:28:37,39.21637,-75.29545,3.3,-97.5,511.0,PURPLE  HAYS,,WDC9127,52.0,0.0,24.0,8.0,3.0,52.0,B
338191464,2019-05-08T22:29:01,38.94816,-75.0104,4.9,128.0,511.0,DAY DREAMER,,,37.0,,,,,,B
367699890,2019-05-08T22:31:23,38.96667,-74.96867,22.9,-147.5,511.0,J P VIRDEN,,WDI4560,,15.0,16.0,,,,A
369235000,2019-05-08T22:31:02,38.92747,-75.14468,0.0,-82.6,0.0,OSG VISION,IMO9436537,WDF2493,31.0,0.0,46.0,15.0,6.5,57.0,B
538004030,2019-05-08T22:29:15,38.92614,-75.15869,0.0,-68.1,339.0,FRIO,IMO9596985,V7UU3,80.0,1.0,274.0,48.0,17.1,89.0,A
367120230,2019-05-08T22:31:51,38.92757,-75.14639,0.3,-191.6,511.0,SONIE,IMO9373723,WDD2812,31.0,0.0,24.0,9.0,4.0,52.0,B
303104000,2019-05-08T22:31:29,39.32977,-75.41374,12.6,-91.2,318.0,SEABULK CHALLENGE,IMO7816551,KNJL,80.0,0.0,191.0,32.0,13.2,,B
370299000,2019-05-08T22:32:01,39.0801,-75.18273,14.0,-71.6,340.0,MORNING CAMILLA,IMO9477919,H3LJ,70.0,0.0,199.0,32.0,10.0,70.0,B
366914210,2019-05-08T22:32:01,38.9222,-75.03603,12.7,-182.4,226.0,DELAWARE,IMO8990304,WYU8553,60.0,0.0,91.0,20.0,,,B
368058330,2019-05-08T22:29:59,39.21735,-75.29646,3.3,-86.9,511.0,PURPLE  HAYS,,WDC9127,52.0,0.0,24.0,8.0,3.0,52.0,B
311073800,2019-05-08T22:29:35,38.98411,-75.21264,0.0,20.3,335.0,EURO,IMO9567702,C6AA5,84.0,1.0,274.0,48.0,-11.5,84.0,A
367699890,2019-05-08T22:32:29,38.96417,-74.97683,23.1,-176.7,511.0,J P VIRDEN,,WDI4560,,15.0,16.0,,,,B
538006702,2019-05-08T22:30:30,38.96406,-75.19608,0.0,28.5,342.0,NAMSEN,IMO9761528,V7QJ6,80.0,1.0,,,,,A
338191464,2019-05-08T22:30:32,38.94668,-75.00832,5.3,133.7,511.0,DAY DREAMER,,,37.0,,,,,,B
369235000,2019-05-08T22:33:02,38.92747,-75.14465,0.0,-82.6,1.0,OSG VISION,IMO9436537,WDF2493,31.0,0.0,46.0,15.0,6.5,57.0,B
370299000,2019-05-08T22:33:07,39.08397,-75.18467,14.0,-71.6,339.0,MORNING CAMILLA,IMO9477919,H3LJ,70.0,0.0,199.0,32.0,10.0,70.0,B
311000546,2019-05-08T22:30:48,38.91125,-75.14629,0.0,75.9,339.0,,,,,1.0,,,,,A
338447000,2019-05-08T22:31:41,38.95886,-75.11657,9.4,-72.8,335.0,OSG HORIZON,IMO9436549,WDF6180,31.0,0.0,46.0,15.0,6.5,57.0,B
366914210,2019-05-08T22:33:22,38.91894,-75.04052,12.9,-184.0,224.0,DELAWARE,IMO8990304,WYU8553,60.0,0.0,91.0,20.0,,,B
240463000,2019-05-08T22:31:05,38.93873,-75.17145,0.0,141.0,354.0,BOUBOULINA,IMO9298753,SZIS,80.0,1.0,274.0,50.0,17.0,80.0,A
338447000,2019-05-08T22:33:50,38.96413,-75.11947,9.5,-73.1,334.0,OSG HORIZON,IMO9436549,WDF6180,31.0,0.0,46.0,15.0,6.5,57.0,B
368058330,2019-05-08T22:31:09,39.21821,-75.29738,3.5,-88.8,511.0,PURPLE  HAYS,,WDC9127,52.0,0.0,24.0,8.0,3.0,52.0,B
303104000,2019-05-08T22:33:50,39.33582,-75.42086,12.7,-91.9,317.0,SEABULK CHALLENGE,IMO7816551,KNJL,80.0,0.0,191.0,32.0,13.2,,B
240463000,2019-05-08T22:34:06,38.93873,-75.17133,0.0,84.0,354.0,BOUBOULINA,IMO9298753,SZIS,80.0,1.0,274.0,50.0,17.0,80.0,A
370299000,2019-05-08T22:34:13,39.08778,-75.18738,13.7,-82.6,328.0,MORNING CAMILLA,IMO9477919,H3LJ,70.0,0.0,199.0,32.0,10.0,70.0,B
338191464,2019-05-08T22:34:01,38.9432,-75.00308,5.8,125.7,511.0,DAY DREAMER,,,37.0,,,,,,B
367699890,2019-05-08T22:33:45,38.959,-74.985,23.3,-184.4,511.0,J P VIRDEN,,WDI4560,,15.0,16.0,,,,B
368058330,2019-05-08T22:34:09,39.22077,-75.29899,3.6,-67.2,511.0,PURPLE  HAYS,,WDC9127,52.0,0.0,24.0,8.0,3.0,52.0,B
369235000,2019-05-08T22:34:13,38.92744,-75.14463,0.1,-82.6,1.0,OSG VISION,IMO9436537,WDF2493,31.0,0.0,46.0,15.0,6.5,57.0,B
538004030,2019-05-08T22:32:15,38.92617,-75.15869,0.0,42.9,339.0,FRIO,IMO9596985,V7UU3,80.0,1.0,274.0,48.0,17.1,89.0,A
311073800,2019-05-08T22:32:36,38.98412,-75.21263,0.0,5.9,335.0,EURO,IMO9567702,C6AA5,84.0,1.0,274.0,48.0,-11.5,84.0,A
367699890,2019-05-08T22:35:09,38.95267,-74.99333,23.1,-182.8,511.0,J P VIRDEN,,WDI4560,,15.0,16.0,,,,B
366914210,2019-05-08T22:34:42,38.91569,-75.04499,13.0,-182.3,226.0,DELAWARE,IMO8990304,WYU8553,60.0,0.0,91.0,20.0,,,B
367120230,2019-05-08T22:33:21,38.92728,-75.14634,0.6,167.0,511.0,SONIE,IMO9373723,WDD2812,31.0,0.0,24.0,9.0,4.0,52.0,B
369235000,2019-05-08T22:36:02,38.92743,-75.14458,0.1,-82.6,1.0,OSG VISION,IMO9436537,WDF2493,31.0,0.0,46.0,15.0,6.5,57.0,B
538006702,2019-05-08T22:36:31,38.96406,-75.19603,0.0,28.5,341.0,NAMSEN,IMO9761528,V7QJ6,80.0,1.0,,,,,A
338447000,2019-05-08T22:36:31,38.97073,-75.12317,9.5,-73.3,334.0,OSG HORIZON,IMO9436549,WDF6180,31.0,0.0,46.0,15.0,6.5,57.0,B
311000546,2019-05-08T22:33:48,38.91125,-75.14627,0.0,84.2,337.0,,,,,1.0,,,,,A
303104000,2019-05-08T22:36:29,39.34266,-75.42914,12.5,-93.2,316.0,SEABULK CHALLENGE,IMO7816551,KNJL,80.0,0.0,191.0,32.0,13.2,,B
538006702,2019-05-08T22:33:33,38.96405,-75.19605,0.0,28.5,342.0,NAMSEN,IMO9761528,V7QJ6,80.0,1.0,,,,,A
367120230,2019-05-08T22:36:41,38.92732,-75.14653,0.3,27.8,511.0,SONIE,IMO9373723,WDD2812,31.0,0.0,24.0,9.0,4.0,52.0,B
370299000,2019-05-08T22:37:07,39.09663,-75.19563,13.8,-86.6,325.0,MORNING CAMILLA,IMO9477919,H3LJ,70.0,0.0,199.0,32.0,10.0,70.0,B
538004030,2019-05-08T22:35:16,38.92621,-75.1587,0.1,48.3,341.0,FRIO,IMO9596985,V7UU3,80.0,1.0,274.0,48.0,17.1,89.0,A
368058330,2019-05-08T22:35:17,39.22185,-75.29945,3.5,-68.1,511.0,PURPLE  HAYS,,WDC9127,52.0,0.0,24.0,8.0,3.0,52.0,B
311073800,2019-05-08T22:35:34,38.98417,-75.21263,0.0,6.8,335.0,EURO,IMO9567702,C6AA5,84.0,1.0,274.0,48.0,-11.5,84.0,A
370299000,2019-05-08T22:38:22,39.10058,-75.19932,13.8,-85.6,326.0,MORNING CAMILLA,IMO9477919,H3LJ,70.0,0.0,199.0,32.0,10.0,70.0,B
303104000,2019-05-08T22:38:38,39.34815,-75.43579,12.6,-92.5,317.0,SEABULK CHALLENGE,IMO7816551,KNJL,80.0,0.0,191.0,32.0,13.2,,B
366914210,2019-05-08T22:38:42,38.90556,-75.05763,12.4,-201.8,203.0,DELAWARE,IMO8990304,WYU8553,60.0,0.0,91.0,20.0,,,B
367120230,2019-05-08T22:38:31,38.92742,-75.1464,0.6,0.1,511.0,SONIE,IMO9373723,WDD2812,31.0,0.0,24.0,9.0,4.0,52.0,B
369235000,2019-05-08T22:38:42,38.92743,-75.14451,0.0,-82.6,359.0,OSG VISION,IMO9436537,WDF2493,31.0,0.0,46.0,15.0,6.5,57.0,B
367699890,2019-05-08T22:36:11,38.94817,-74.9995,23.5,-181.9,511.0,J P VIRDEN,,WDI4560,,15.0,16.0,,,,B
357092000,2019-05-08T22:38:44,38.83182,-75.06853,8.5,-85.4,326.0,LAVIEEN ROSE,IMO9700562,3FKN,70.0,0.0,179.0,28.0,10.1,,B
338191464,2019-05-08T22:35:30,38.94192,-75.00069,5.3,122.1,511.0,DAY DREAMER,,,37.0,,,,,,B
367120230,2019-05-08T22:34:51,38.92729,-75.14637,0.3,-142.7,511.0,SONIE,IMO9373723,WDD2812,31.0,0.0,24.0,9.0,4.0,52.0,B
368058330,2019-05-08T22:36:29,39.22297,-75.29996,3.6,-70.0,511.0,PURPLE  HAYS,,WDC9127,52.0,0.0,24.0,8.0,3.0,52.0,B
338447000,2019-05-08T22:39:31,38.9781,-75.12733,9.6,-73.4,334.0,OSG HORIZON,IMO9436549,WDF6180,31.0,0.0,46.0,15.0,6.5,57.0,B
311000546,2019-05-08T22:36:48,38.91124,-75.14627,0.0,84.2,335.0,,,,,1.0,,,,,A
338191464,2019-05-08T22:37:01,38.94046,-74.99864,6.1,133.5,511.0,DAY DREAMER,,,37.0,,,,,,B
367699890,2019-05-08T22:37:13,38.94333,-75.00567,23.8,-181.7,511.0,J P VIRDEN,,WDI4560,,15.0,16.0,,,,B
240463000,2019-05-08T22:37:04,38.93873,-75.17123,0.0,65.0,353.0,BOUBOULINA,IMO9298753,SZIS,80.0,1.0,274.0,50.0,17.0,80.0,A
368058330,2019-05-08T22:37:38,39.224,-75.30057,3.5,-76.3,511.0,PURPLE  HAYS,,WDC9127,52.0,0.0,24.0,8.0,3.0,52.0,B
338191464,2019-05-08T22:38:30,38.93886,-74.99659,5.6,136.0,511.0,DAY DREAMER,,,37.0,,,,,,B
367699890,2019-05-08T22:38:15,38.938,-75.011,23.3,-194.0,511.0,J P VIRDEN,,WDI4560,,15.0,16.0,,,,B
311073800,2019-05-08T22:38:32,38.9842,-75.21264,0.1,-81.0,335.0,EURO,IMO9567702,C6AA5,84.0,1.0,274.0,48.0,-11.5,84.0,A
367699890,2019-05-08T22:39:17,38.93317,-75.0155,7.2,-190.3,511.0,J P VIRDEN,,WDI4560,,15.0,16.0,,,,B
368058330,2019-05-08T22:38:47,39.22505,-75.30117,3.6,-70.4,511.0,PURPLE  HAYS,,WDC9127,52.0,0.0,24.0,8.0,3.0,52.0,B
338191464,2019-05-08T22:39:31,38.93764,-74.99538,5.3,136.9,511.0,DAY DREAMER,,,37.0,,,,,,B
369235000,2019-05-08T22:37:13,38.92743,-75.14452,0.0,-82.6,0.0,OSG VISION,IMO9436537,WDF2493,31.0,0.0,46.0,15.0,6.5,57.0,B
338447000,2019-05-08T22:38:22,38.97526,-75.12573,9.6,-73.6,335.0,OSG HORIZON,IMO9436549,WDF6180,31.0,0.0,46.0,15.0,6.5,57.0,B
366914210,2019-05-08T22:35:51,38.9129,-75.04893,12.9,-181.6,226.0,DELAWARE,IMO8990304,WYU8553,60.0,0.0,91.0,20.0,,,B
366980160,2019-05-08T22:38:37,38.80829,-75.09475,22.2,-132.1,279.0,BRANDYWINE,,WDB9646,,15.0,16.0,5.0,,,A
538004030,2019-05-08T22:38:17,38.92618,-75.15865,0.0,37.7,340.0,FRIO,IMO9596985,V7UU3,80.0,1.0,274.0,48.0,17.1,89.0,A
370299000,2019-05-08T22:40:22,39.10675,-75.20508,13.7,-86.6,325.0,MORNING CAMILLA,IMO9477919,H3LJ,70.0,0.0,199.0,32.0,10.0,70.0,B
369235000,2019-05-08T22:40:13,38.92745,-75.14451,0.0,-82.6,357.0,OSG VISION,IMO9436537,WDF2493,31.0,0.0,46.0,15.0,6.5,57.0,B
366980160,2019-05-08T22:42:00,38.8,-75.11823,22.6,185.7,177.0,BRANDYWINE,,WDB9646,,15.0,16.0,5.0,,,A
367120230,2019-05-08T22:42:01,38.92753,-75.14648,1.1,9.5,511.0,SONIE,IMO9373723,WDD2812,31.0,0.0,24.0,9.0,4.0,52.0,B
338447000,2019-05-08T22:42:31,38.98554,-75.13159,9.7,-74.2,335.0,OSG HORIZON,IMO9436549,WDF6180,31.0,0.0,46.0,15.0,6.5,57.0,B
367699890,2019-05-08T22:42:27,38.92117,-75.03117,24.3,-181.4,511.0,J P VIRDEN,,WDI4560,,15.0,16.0,,,,B
538006702,2019-05-08T22:42:31,38.96408,-75.19604,0.0,28.5,344.0,NAMSEN,IMO9761528,V7QJ6,80.0,1.0,,,,,A
368058330,2019-05-08T22:42:37,39.22818,-75.30367,3.5,-91.8,511.0,PURPLE  HAYS,,WDC9127,52.0,0.0,24.0,8.0,3.0,52.0,B
367090580,2019-05-08T22:42:00,38.94193,-75.30605,25.9,130.0,511.0,BIG STONE 5,,WSE3119,60.0,0.0,15.0,4.0,,50.0,A
311000546,2019-05-08T22:42:48,38.91121,-75.14647,0.0,-138.0,339.0,,,,,1.0,,,,,A
303104000,2019-05-08T22:39:49,39.35118,-75.43942,12.6,-92.2,317.0,SEABULK CHALLENGE,IMO7816551,KNJL,80.0,0.0,191.0,32.0,13.2,,B
366914210,2019-05-08T22:39:52,38.90198,-75.06006,12.8,-201.6,204.0,DELAWARE,IMO8990304,WYU8553,60.0,0.0,91.0,20.0,,,B
357092000,2019-05-08T22:39:55,38.834,-75.07053,8.0,-85.2,326.0,LAVIEEN ROSE,IMO9700562,3FKN,70.0,0.0,179.0,28.0,10.1,,B
240463000,2019-05-08T22:40:06,38.93883,-75.17118,0.0,54.0,354.0,BOUBOULINA,IMO9298753,SZIS,80.0,1.0,274.0,50.0,17.0,80.0,A
370299000,2019-05-08T22:43:21,39.11605,-75.21375,13.7,-86.6,325.0,MORNING CAMILLA,IMO9477919,H3LJ,70.0,0.0,199.0,32.0,10.0,70.0,B
367120230,2019-05-08T22:43:31,38.92785,-75.14663,0.4,-99.4,511.0,SONIE,IMO9373723,WDD2812,31.0,0.0,24.0,9.0,4.0,52.0,B
303104000,2019-05-08T22:41:00,39.35417,-75.44299,12.4,-92.9,317.0,SEABULK CHALLENGE,IMO7816551,KNJL,80.0,0.0,191.0,32.0,13.2,,B
366914210,2019-05-08T22:41:02,38.89834,-75.06263,12.7,-200.3,205.0,DELAWARE,IMO8990304,WYU8553,60.0,0.0,91.0,20.0,,,B
338191464,2019-05-08T22:41:01,38.93563,-74.9935,6.0,144.2,511.0,DAY DREAMER,,,37.0,,,,,,B
367090580,2019-05-08T22:44:00,38.94048,-75.29146,25.1,50.8,511.0,BIG STONE 5,,WSE3119,60.0,0.0,15.0,4.0,,50.0,B
366980160,2019-05-08T22:44:17,38.78573,-75.11853,22.9,-201.0,208.0,BRANDYWINE,,WDB9646,,15.0,16.0,5.0,,,A
357092000,2019-05-08T22:41:05,38.83603,-75.07233,7.6,-84.8,325.0,LAVIEEN ROSE,IMO9700562,3FKN,70.0,0.0,179.0,28.0,10.1,,B
538004030,2019-05-08T22:41:14,38.92627,-75.15863,0.0,9.4,340.0,FRIO,IMO9596985,V7UU3,80.0,1.0,274.0,48.0,17.1,89.0,A
369235000,2019-05-08T22:41:22,38.92744,-75.14451,0.0,-82.6,356.0,OSG VISION,IMO9436537,WDF2493,31.0,0.0,46.0,15.0,6.5,57.0,B
311073800,2019-05-08T22:41:35,38.98426,-75.21266,0.0,-52.0,336.0,EURO,IMO9567702,C6AA5,84.0,1.0,274.0,48.0,-11.5,84.0,A
366914210,2019-05-08T22:44:45,38.8867,-75.07046,12.5,202.6,192.0,DELAWARE,IMO8990304,WYU8553,60.0,0.0,91.0,20.0,,,A
369235000,2019-05-08T22:45:33,38.92749,-75.14457,0.1,-72.6,355.0,OSG VISION,IMO9436537,WDF2493,31.0,0.0,46.0,15.0,6.5,57.0,B
303104000,2019-05-08T22:42:10,39.35713,-75.44655,12.5,-92.5,316.0,SEABULK CHALLENGE,IMO7816551,KNJL,80.0,0.0,191.0,32.0,13.2,,B
357092000,2019-05-08T22:45:24,38.84287,-75.07909,6.9,-89.8,320.0,LAVIEEN ROSE,IMO9700562,3FKN,70.0,0.0,179.0,28.0,10.1,,B
367120230,2019-05-08T22:45:01,38.92782,-75.14678,0.4,-192.3,511.0,SONIE,IMO9373723,WDD2812,31.0,0.0,24.0,9.0,4.0,52.0,B
311000546,2019-05-08T22:45:48,38.91118,-75.1465,0.0,-128.9,342.0,,,,,1.0,,,,,A
367090580,2019-05-08T22:45:54,38.94892,-75.27854,24.8,52.9,511.0,BIG STONE 5,,WSE3119,60.0,0.0,15.0,4.0,,50.0,B
370299000,2019-05-08T22:45:52,39.12383,-75.22113,13.9,-86.6,325.0,MORNING CAMILLA,IMO9477919,H3LJ,70.0,0.0,199.0,32.0,10.0,70.0,B
366914210,2019-05-08T22:46:01,38.88242,-75.07181,12.7,190.6,187.0,DELAWARE,IMO8990304,WYU8553,60.0,0.0,91.0,20.0,,,B
240463000,2019-05-08T22:43:06,38.93882,-75.17112,0.0,54.0,355.0,BOUBOULINA,IMO9298753,SZIS,80.0,1.0,274.0,50.0,17.0,80.0,A
367120230,2019-05-08T22:46:11,38.92775,-75.14681,0.3,-203.1,511.0,SONIE,IMO9373723,WDD2812,31.0,0.0,24.0,9.0,4.0,52.0,B
338447000,2019-05-08T22:46:11,38.99464,-75.13683,9.7,-73.5,336.0,OSG HORIZON,IMO9436549,WDF6180,31.0,0.0,46.0,15.0,6.5,57.0,B
338191464,2019-05-08T22:43:01,38.93285,-74.99157,6.0,150.9,511.0,DAY DREAMER,,,37.0,,,,,,B
357092000,2019-05-08T22:46:33,38.84453,-75.08092,6.9,-90.6,321.0,LAVIEEN ROSE,IMO9700562,3FKN,70.0,0.0,179.0,28.0,10.1,,B
367090580,2019-05-08T22:47:02,38.95374,-75.27075,24.7,50.1,511.0,BIG STONE 5,,WSE3119,60.0,0.0,15.0,4.0,,50.0,B
303104000,2019-05-08T22:43:20,39.36004,-75.45012,12.3,-93.4,317.0,SEABULK CHALLENGE,IMO7816551,KNJL,80.0,0.0,191.0,32.0,13.2,,B
370299000,2019-05-08T22:47:18,39.12822,-75.22537,14.1,-87.6,324.0,MORNING CAMILLA,IMO9477919,H3LJ,70.0,0.0,199.0,32.0,10.0,70.0,B
366914210,2019-05-08T22:47:22,38.87778,-75.07313,12.7,194.3,191.0,DELAWARE,IMO8990304,WYU8553,60.0,0.0,91.0,20.0,,,B
538004030,2019-05-08T22:44:13,38.92626,-75.15865,0.1,-122.6,341.0,FRIO,IMO9596985,V7UU3,80.0,1.0,274.0,48.0,17.1,89.0,A
303104000,2019-05-08T22:44:28,39.36292,-75.4536,12.2,-93.4,317.0,SEABULK CHALLENGE,IMO7816551,KNJL,80.0,0.0,191.0,32.0,13.2,,B
367699890,2019-05-08T22:47:57,38.89183,-75.058,23.9,-202.7,511.0,J P VIRDEN,,WDI4560,,15.0,16.0,,,,B
367699890,2019-05-08T22:43:29,38.91667,-75.0375,23.9,-186.2,511.0,J P VIRDEN,,WDI4560,,15.0,16.0,,,,B
311073800,2019-05-08T22:44:34,38.98427,-75.21267,0.1,-71.5,337.0,EURO,IMO9567702,C6AA5,84.0,1.0,274.0,48.0,-11.5,84.0,A
357092000,2019-05-08T22:47:55,38.84647,-75.08302,6.8,-90.4,316.0,LAVIEEN ROSE,IMO9700562,3FKN,70.0,0.0,179.0,28.0,10.1,,B
367699890,2019-05-08T22:44:31,38.9115,-75.04367,23.9,-196.1,511.0,J P VIRDEN,,WDI4560,,15.0,16.0,,,,B
368058330,2019-05-08T22:44:48,39.2299,-75.30539,3.6,-84.4,511.0,PURPLE  HAYS,,WDC9127,52.0,0.0,24.0,8.0,3.0,52.0,B
367090580,2019-05-08T22:48:58,38.9618,-75.25717,24.8,53.1,511.0,BIG STONE 5,,WSE3119,60.0,0.0,15.0,4.0,,50.0,B
370299000,2019-05-08T22:48:24,39.1317,-75.22865,14.1,-84.6,327.0,MORNING CAMILLA,IMO9477919,H3LJ,70.0,0.0,199.0,32.0,10.0,70.0,B
369235000,2019-05-08T22:49:02,38.92752,-75.14464,0.1,-75.0,355.0,OSG VISION,IMO9436537,WDF2493,31.0,0.0,46.0,15.0,6.5,57.0,B
538006702,2019-05-08T22:45:32,38.96412,-75.19607,0.0,28.5,345.0,NAMSEN,IMO9761528,V7QJ6,80.0,1.0,,,,,A
338191464,2019-05-08T22:45:00,38.93004,-74.98947,5.7,156.1,511.0,DAY DREAMER,,,37.0,,,,,,B
366914210,2019-05-08T22:49:01,38.87216,-75.07529,12.8,200.2,198.0,DELAWARE,IMO8990304,WYU8553,60.0,0.0,91.0,20.0,,,B
303104000,2019-05-08T22:45:40,39.3659,-75.45718,12.4,-92.4,317.0,SEABULK CHALLENGE,IMO7816551,KNJL,80.0,0.0,191.0,32.0,13.2,,B
240463000,2019-05-08T22:46:03,38.93885,-75.1711,0.0,54.0,355.0,BOUBOULINA,IMO9298753,SZIS,80.0,1.0,274.0,50.0,17.0,80.0,A
368058330,2019-05-08T22:43:47,39.22907,-75.30461,3.6,-86.1,511.0,PURPLE  HAYS,,WDC9127,52.0,0.0,24.0,8.0,3.0,52.0,B
368058330,2019-05-08T22:45:59,39.23083,-75.30623,3.5,-85.3,511.0,PURPLE  HAYS,,WDC9127,52.0,0.0,24.0,8.0,3.0,52.0,B
370299000,2019-05-08T22:49:30,39.13537,-75.2318,14.0,-83.6,328.0,MORNING CAMILLA,IMO9477919,H3LJ,70.0,0.0,199.0,32.0,10.0,70.0,B
367120230,2019-05-08T22:47:52,38.9279,-75.14684,0.6,-76.4,511.0,SONIE,IMO9373723,WDD2812,31.0,0.0,24.0,9.0,4.0,52.0,B
338191464,2019-05-08T22:46:31,38.9279,-74.98783,6.3,149.8,511.0,DAY DREAMER,,,37.0,,,,,,B
368058330,2019-05-08T22:47:07,39.2317,-75.30721,3.6,-93.2,511.0,PURPLE  HAYS,,WDC9127,52.0,0.0,24.0,8.0,3.0,52.0,B
368058330,2019-05-08T22:50:48,39.23453,-75.31024,3.5,-91.3,511.0,PURPLE  HAYS,,WDC9127,52.0,0.0,24.0,8.0,3.0,52.0,B
538004030,2019-05-08T22:50:13,38.92629,-75.15866,0.0,-55.2,343.0,FRIO,IMO9596985,V7UU3,80.0,1.0,274.0,48.0,17.1,89.0,A
303104000,2019-05-08T22:46:50,39.36885,-75.4607,12.2,-92.9,317.0,SEABULK CHALLENGE,IMO7816551,KNJL,80.0,0.0,191.0,32.0,13.2,,B
303104000,2019-05-08T22:50:29,39.37819,-75.47172,12.4,-89.9,319.0,SEABULK CHALLENGE,IMO7816551,KNJL,80.0,0.0,191.0,32.0,13.2,,A
367090580,2019-05-08T22:50:30,38.96786,-75.24637,24.0,53.4,511.0,BIG STONE 5,,WSE3119,60.0,0.0,15.0,4.0,,50.0,B
338447000,2019-05-08T22:47:22,38.99756,-75.13852,9.6,-74.7,336.0,OSG HORIZON,IMO9436549,WDF6180,31.0,0.0,46.0,15.0,6.5,57.0,B
370299000,2019-05-08T22:51:24,39.14143,-75.23697,14.0,-83.6,327.0,MORNING CAMILLA,IMO9477919,H3LJ,70.0,0.0,199.0,32.0,10.0,70.0,B
338447000,2019-05-08T22:51:31,39.00791,-75.14402,9.6,-71.4,338.0,OSG HORIZON,IMO9436549,WDF6180,31.0,0.0,46.0,15.0,6.5,57.0,B
357092000,2019-05-08T22:49:13,38.84818,-75.08527,6.7,-96.3,316.0,LAVIEEN ROSE,IMO9700562,3FKN,70.0,0.0,179.0,28.0,10.1,,B
338191464,2019-05-08T22:48:00,38.92574,-74.98619,6.5,152.7,511.0,DAY DREAMER,,,37.0,,,,,,B
357092000,2019-05-08T22:51:55,38.85164,-75.08991,6.6,-98.1,313.0,LAVIEEN ROSE,IMO9700562,3FKN,70.0,0.0,179.0,28.0,10.1,,B
338191464,2019-05-08T22:49:31,38.92352,-74.98463,6.3,153.4,511.0,DAY DREAMER,,,37.0,,,,,,B
367699890,2019-05-08T22:52:15,38.86783,-75.07733,24.7,202.9,511.0,J P VIRDEN,,WDI4560,,15.0,16.0,,,,B
367120230,2019-05-08T22:49:11,38.92804,-75.14716,0.8,-105.7,511.0,SONIE,IMO9373723,WDD2812,31.0,0.0,24.0,9.0,4.0,52.0,B
538006702,2019-05-08T22:48:28,38.96418,-75.19607,0.0,28.5,345.0,NAMSEN,IMO9761528,V7QJ6,80.0,1.0,,,,,A
311000546,2019-05-08T22:48:48,38.91121,-75.14652,0.1,17.9,343.0,,,,,1.0,,,,,A
240463000,2019-05-08T22:49:04,38.93878,-75.17117,0.0,54.0,356.0,BOUBOULINA,IMO9298753,SZIS,80.0,1.0,274.0,50.0,17.0,80.0,A
311073800,2019-05-08T22:50:32,38.98438,-75.21265,0.1,-56.1,337.0,EURO,IMO9567702,C6AA5,84.0,1.0,274.0,48.0,-11.5,84.0,A
366914210,2019-05-08T22:51:22,38.86433,-75.07938,12.9,-202.9,206.0,DELAWARE,IMO8990304,WYU8553,60.0,0.0,91.0,20.0,,,B
538006702,2019-05-08T22:51:33,38.96419,-75.19608,0.0,28.5,346.0,NAMSEN,IMO9761528,V7QJ6,80.0,1.0,,,,,A
311000546,2019-05-08T22:51:48,38.91125,-75.14647,0.0,24.9,344.0,,,,,1.0,,,,,A
311073800,2019-05-08T22:47:36,38.98432,-75.21265,0.1,5.3,338.0,EURO,IMO9567702,C6AA5,84.0,1.0,274.0,48.0,-11.5,84.0,A
366914210,2019-05-08T22:50:12,38.8682,-75.0773,13.0,201.2,196.0,DELAWARE,IMO8990304,WYU8553,60.0,0.0,91.0,20.0,,,B
368058330,2019-05-08T22:52:19,39.23573,-75.31141,3.5,-85.9,511.0,PURPLE  HAYS,,WDC9127,52.0,0.0,24.0,8.0,3.0,52.0,B
303104000,2019-05-08T22:52:29,39.38344,-75.47751,12.3,-90.2,320.0,SEABULK CHALLENGE,IMO7816551,KNJL,80.0,0.0,191.0,32.0,13.2,,B
370299000,2019-05-08T22:52:30,39.14512,-75.24013,14.1,-84.6,327.0,MORNING CAMILLA,IMO9477919,H3LJ,70.0,0.0,199.0,32.0,10.0,70.0,B
338447000,2019-05-08T22:52:51,39.01125,-75.14575,9.6,-72.7,337.0,OSG HORIZON,IMO9436549,WDF6180,31.0,0.0,46.0,15.0,6.5,57.0,B
369235000,2019-05-08T22:53:02,38.92753,-75.14477,0.1,-183.5,358.0,OSG VISION,IMO9436537,WDF2493,31.0,0.0,46.0,15.0,6.5,57.0,B
367090580,2019-05-08T22:53:02,38.97764,-75.22878,24.0,62.3,511.0,BIG STONE 5,,WSE3119,60.0,0.0,15.0,4.0,,50.0,B
240463000,2019-05-08T22:52:04,38.93878,-75.17117,0.0,54.0,357.0,BOUBOULINA,IMO9298753,SZIS,80.0,1.0,274.0,50.0,17.0,80.0,A
357092000,2019-05-08T22:53:25,38.8534,-75.09264,6.6,-99.7,312.0,LAVIEEN ROSE,IMO9700562,3FKN,70.0,0.0,179.0,28.0,10.1,,B
303104000,2019-05-08T22:53:39,39.38648,-75.48088,12.2,-89.6,321.0,SEABULK CHALLENGE,IMO7816551,KNJL,80.0,0.0,191.0,32.0,13.2,,B
367120230,2019-05-08T22:53:41,38.92819,-75.14696,0.1,182.9,511.0,SONIE,IMO9373723,WDD2812,31.0,0.0,24.0,9.0,4.0,52.0,B
370299000,2019-05-08T22:53:36,39.14862,-75.24308,14.1,-83.6,328.0,MORNING CAMILLA,IMO9477919,H3LJ,70.0,0.0,199.0,32.0,10.0,70.0,B
371361000,2019-05-08T22:54:39,38.83432,-75.06655,9.5,-78.6,330.0,PACIFIC DAWN,IMO9307140,3ECJ9,80.0,0.0,238.0,42.0,14.8,80.0,B
357092000,2019-05-08T22:54:34,38.85471,-75.09473,6.6,-99.3,313.0,LAVIEEN ROSE,IMO9700562,3FKN,70.0,0.0,179.0,28.0,10.1,,B
369235000,2019-05-08T22:54:43,38.92753,-75.14484,0.1,-193.7,0.0,OSG VISION,IMO9436537,WDF2493,31.0,0.0,46.0,15.0,6.5,57.0,B
367090580,2019-05-08T22:55:20,38.98483,-75.21423,5.5,70.3,511.0,BIG STONE 5,,WSE3119,60.0,0.0,15.0,4.0,,50.0,B
366914210,2019-05-08T22:55:32,38.85244,-75.08982,12.1,-191.9,217.0,DELAWARE,IMO8990304,WYU8553,60.0,0.0,91.0,20.0,,,B
370299000,2019-05-08T22:55:36,39.1551,-75.24862,14.1,-84.6,326.0,MORNING CAMILLA,IMO9477919,H3LJ,70.0,0.0,199.0,32.0,10.0,70.0,B
371361000,2019-05-08T22:55:48,38.83698,-75.06845,9.5,-80.6,324.0,PACIFIC DAWN,IMO9307140,3ECJ9,80.0,0.0,238.0,42.0,14.8,80.0,B
357092000,2019-05-08T22:56:13,38.8566,-75.09768,6.5,-100.0,313.0,LAVIEEN ROSE,IMO9700562,3FKN,70.0,0.0,179.0,28.0,10.1,,B
303104000,2019-05-08T22:55:39,39.39167,-75.48653,12.2,-90.6,319.0,SEABULK CHALLENGE,IMO7816551,KNJL,80.0,0.0,191.0,32.0,13.2,,B
369235000,2019-05-08T22:56:43,38.92754,-75.14483,0.0,196.8,2.0,OSG VISION,IMO9436537,WDF2493,31.0,0.0,46.0,15.0,6.5,57.0,B
368058330,2019-05-08T22:56:19,39.23887,-75.31461,3.5,-88.8,511.0,PURPLE  HAYS,,WDC9127,52.0,0.0,24.0,8.0,3.0,52.0,B
367090580,2019-05-08T22:56:54,38.98488,-75.21325,1.1,158.1,511.0,BIG STONE 5,,WSE3119,60.0,0.0,15.0,4.0,,50.0,B
370299000,2019-05-08T22:56:54,39.1594,-75.25247,14.1,-86.6,325.0,MORNING CAMILLA,IMO9477919,H3LJ,70.0,0.0,199.0,32.0,10.0,70.0,B
367699890,2019-05-08T22:57:07,38.84433,-75.103,23.7,-198.4,511.0,J P VIRDEN,,WDI4560,,15.0,16.0,,,,B
338447000,2019-05-08T22:57:51,39.02375,-75.15227,9.6,-71.9,337.0,OSG HORIZON,IMO9436549,WDF6180,31.0,0.0,46.0,15.0,6.5,57.0,B
357092000,2019-05-08T22:57:34,38.85816,-75.10003,6.2,-99.5,313.0,LAVIEEN ROSE,IMO9700562,3FKN,70.0,0.0,179.0,28.0,10.1,,B
303104000,2019-05-08T22:57:39,39.39686,-75.49219,12.0,-89.7,320.0,SEABULK CHALLENGE,IMO7816551,KNJL,80.0,0.0,191.0,32.0,13.2,,B
311073800,2019-05-08T22:53:35,38.98443,-75.21267,0.1,2.9,337.0,EURO,IMO9567702,C6AA5,84.0,1.0,274.0,48.0,-11.5,84.0,A
311000546,2019-05-08T22:57:48,38.91132,-75.14646,0.0,-58.2,345.0,,,,,1.0,,,,,A
370299000,2019-05-08T22:58:18,39.16382,-75.25667,14.0,-86.6,326.0,MORNING CAMILLA,IMO9477919,H3LJ,70.0,0.0,199.0,32.0,10.0,70.0,B
538004030,2019-05-08T22:53:15,38.92629,-75.15867,0.0,1.4,343.0,FRIO,IMO9596985,V7UU3,80.0,1.0,274.0,48.0,17.1,89.0,A
371361000,2019-05-08T22:58:29,38.8424,-75.07392,9.4,-89.6,319.0,PACIFIC DAWN,IMO9307140,3ECJ9,80.0,0.0,238.0,42.0,14.8,80.0,B
368058330,2019-05-08T22:58:38,39.24054,-75.31663,3.4,-87.0,511.0,PURPLE  HAYS,,WDC9127,52.0,0.0,24.0,8.0,3.0,52.0,B
538006702,2019-05-08T22:54:32,38.9642,-75.19612,0.0,28.5,346.0,NAMSEN,IMO9761528,V7QJ6,80.0,1.0,,,,,A
367120230,2019-05-08T22:54:51,38.92798,-75.1471,0.9,-187.2,511.0,SONIE,IMO9373723,WDD2812,31.0,0.0,24.0,9.0,4.0,52.0,B
357092000,2019-05-08T22:59:34,38.86021,-75.10313,5.5,-99.6,313.0,LAVIEEN ROSE,IMO9700562,3FKN,70.0,0.0,179.0,28.0,10.1,,B
240463000,2019-05-08T22:55:05,38.93882,-75.17113,0.0,18.0,358.0,BOUBOULINA,IMO9298753,SZIS,80.0,1.0,274.0,50.0,17.0,80.0,A
367120230,2019-05-08T22:55:52,38.92782,-75.14735,0.9,-179.7,511.0,SONIE,IMO9373723,WDD2812,31.0,0.0,24.0,9.0,4.0,52.0,B
538004030,2019-05-08T22:56:15,38.92632,-75.15873,0.0,-88.9,344.0,FRIO,IMO9596985,V7UU3,80.0,1.0,274.0,48.0,17.1,89.0,A
311073800,2019-05-08T22:56:36,38.98453,-75.21264,0.1,-65.0,336.0,EURO,IMO9567702,C6AA5,84.0,1.0,274.0,48.0,-11.5,84.0,A
367120230,2019-05-08T22:57:01,38.92755,-75.14751,0.8,-197.4,511.0,SONIE,IMO9373723,WDD2812,31.0,0.0,24.0,9.0,4.0,52.0,B
369235000,2019-05-08T22:57:52,38.92749,-75.14488,0.0,-199.1,4.0,OSG VISION,IMO9436537,WDF2493,31.0,0.0,46.0,15.0,6.5,57.0,B
538006702,2019-05-08T22:57:33,38.96422,-75.19612,0.0,28.5,347.0,NAMSEN,IMO9761528,V7QJ6,80.0,1.0,,,,,A
303104000,2019-05-08T22:59:19,39.40117,-75.49699,12.1,-92.4,318.0,SEABULK CHALLENGE,IMO7816551,KNJL,80.0,0.0,191.0,32.0,13.2,,B
366914210,2019-05-08T22:56:41,38.8493,-75.09277,12.2,-192.1,220.0,DELAWARE,IMO8990304,WYU8553,60.0,0.0,91.0,20.0,,,B
367699890,2019-05-08T22:58:09,38.83833,-75.1075,23.6,-203.0,511.0,J P VIRDEN,,WDI4560,,15.0,16.0,,,,B
367120230,2019-05-08T22:58:10,38.92743,-75.14764,0.4,-179.8,511.0,SONIE,IMO9373723,WDD2812,31.0,0.0,24.0,9.0,4.0,52.0,B
367090580,2019-05-08T22:59:36,38.9796,-75.21993,22.9,-181.7,511.0,BIG STONE 5,,WSE3119,60.0,0.0,15.0,4.0,,50.0,A
366914210,2019-05-08T22:58:01,38.84571,-75.09636,12.3,-191.0,221.0,DELAWARE,IMO8990304,WYU8553,60.0,0.0,91.0,20.0,,,B
369235000,2019-05-08T22:58:53,38.92749,-75.1449,0.0,-199.1,5.0,OSG VISION,IMO9436537,WDF2493,31.0,0.0,46.0,15.0,6.5,57.0,B
366914210,2019-05-08T22:59:02,38.84305,-75.09915,12.4,-191.6,220.0,DELAWARE,IMO8990304,WYU8553,60.0,0.0,91.0,20.0,,,B
311073800,2019-05-08T22:59:33,38.98454,-75.21268,0.1,-69.5,336.0,EURO,IMO9567702,C6AA5,84.0,1.0,274.0,48.0,-11.5,84.0,A
367120230,2019-05-08T22:59:11,38.92746,-75.14767,0.6,35.4,511.0,SONIE,IMO9373723,WDD2812,31.0,0.0,24.0,9.0,4.0,52.0,B
367699890,2019-05-08T22:59:11,38.832,-75.11083,23.1,204.3,511.0,J P VIRDEN,,WDI4560,,15.0,16.0,,,,B
538004030,2019-05-08T22:59:17,38.92635,-75.1587,0.0,-51.0,345.0,FRIO,IMO9596985,V7UU3,80.0,1.0,274.0,48.0,17.1,89.0,A
338447000,2019-05-08T22:58:52,39.02628,-75.15362,9.6,-71.8,338.0,OSG HORIZON,IMO9436549,WDF6180,31.0,0.0,46.0,15.0,6.5,57.0,B
371361000,2019-05-08T22:59:39,38.84478,-75.07638,9.4,-87.6,320.0,PACIFIC DAWN,IMO9307140,3ECJ9,80.0,0.0,238.0,42.0,14.8,80.0,B
367699890,2019-05-08T23:00:01,38.82717,-75.1135,23.4,203.6,511.0,J P VIRDEN,,WDI4560,,15.0,16.0,,,,B
368058330,2019-05-08T22:59:58,39.24157,-75.31758,3.3,-91.7,511.0,PURPLE  HAYS,,WDC9127,52.0,0.0,24.0,8.0,3.0,52.0,B
367090580,2019-05-08T23:00:00,38.97783,-75.22227,23.0,-189.4,511.0,BIG STONE 5,,WSE3119,60.0,0.0,15.0,4.0,,50.0,A
367120230,2019-05-08T23:00:01,38.92763,-75.14746,1.0,48.7,511.0,SONIE,IMO9373723,WDD2812,31.0,0.0,24.0,9.0,4.0,52.0,B
366914210,2019-05-08T23:00:02,38.84048,-75.10203,12.4,-186.4,223.0,DELAWARE,IMO8990304,WYU8553,60.0,0.0,91.0,20.0,,,B
370299000,2019-05-08T23:00:00,39.16923,-75.2618,13.9,-86.6,325.0,MORNING CAMILLA,IMO9477919,H3LJ,70.0,0.0,199.0,32.0,10.0,70.0,B
369235000,2019-05-08T23:00:02,38.92749,-75.14493,0.0,-199.1,6.0,OSG VISION,IMO9436537,WDF2493,31.0,0.0,46.0,15.0,6.5,57.0,B
338447000,2019-05-08T23:00:01,39.02915,-75.1551,9.6,-72.3,337.0,OSG HORIZON,IMO9436549,WDF6180,31.0,0.0,46.0,15.0,6.5,57.0,B
357092000,2019-05-08T23:00:04,38.8607,-75.10387,5.3,-98.6,314.0,LAVIEEN ROSE,IMO9700562,3FKN,70.0,0.0,179.0,28.0,10.1,,B
371361000,2019-05-08T23:00:08,38.84573,-75.0774,9.5,-89.6,320.0,PACIFIC DAWN,IMO9307140,3ECJ9,80.0,0.0,238.0,42.0,14.8,80.0,B
303104000,2019-05-08T23:00:10,39.40327,-75.49944,12.1,-91.5,318.0,SEABULK CHALLENGE,IMO7816551,KNJL,80.0,0.0,191.0,32.0,13.2,,B
368058330,2019-05-08T23:00:19,39.24181,-75.31786,3.5,-91.7,511.0,PURPLE  HAYS,,WDC9127,52.0,0.0,24.0,8.0,3.0,52.0,B
538006702,2019-05-08T23:00:31,38.9643,-75.19613,0.0,28.5,347.0,NAMSEN,IMO9761528,V7QJ6,80.0,1.0,,,,,A
311000546,2019-05-08T23:00:48,38.91132,-75.1465,0.0,-61.7,345.0,,,,,1.0,,,,,A
357092000,2019-05-08T23:01:14,38.86178,-75.10542,4.9,-98.9,313.0,LAVIEEN ROSE,IMO9700562,3FKN,70.0,0.0,179.0,28.0,10.1,,B
367120230,2019-05-08T23:01:02,38.92783,-75.14718,1.0,36.1,511.0,SONIE,IMO9373723,WDD2812,31.0,0.0,24.0,9.0,4.0,52.0,B
367699890,2019-05-08T23:01:07,38.82033,-75.11633,23.4,198.3,511.0,J P VIRDEN,,WDI4560,,15.0,16.0,,,,B
370299000,2019-05-08T23:01:06,39.17252,-75.26498,13.8,-86.6,325.0,MORNING CAMILLA,IMO9477919,H3LJ,70.0,0.0,199.0,32.0,10.0,70.0,B
240463000,2019-05-08T23:01:04,38.93898,-75.17108,0.1,19.0,1.0,BOUBOULINA,IMO9298753,SZIS,80.0,1.0,274.0,50.0,17.0,80.0,A
338447000,2019-05-08T23:01:12,39.0321,-75.15662,9.6,-71.3,338.0,OSG HORIZON,IMO9436549,WDF6180,31.0,0.0,46.0,15.0,6.5,57.0,B
369235000,2019-05-08T23:01:12,38.92749,-75.14493,0.1,-199.1,8.0,OSG VISION,IMO9436537,WDF2493,31.0,0.0,46.0,15.0,6.5,57.0,B
303104000,2019-05-08T23:01:19,39.40615,-75.50285,12.1,-91.5,318.0,SEABULK CHALLENGE,IMO7816551,KNJL,80.0,0.0,191.0,32.0,13.2,,B
366914210,2019-05-08T23:01:21,38.83713,-75.10591,12.3,-186.5,222.0,DELAWARE,IMO8990304,WYU8553,60.0,0.0,91.0,20.0,,,B
370299000,2019-05-08T22:59:24,39.16715,-75.25983,13.9,-86.6,325.0,MORNING CAMILLA,IMO9477919,H3LJ,70.0,0.0,199.0,32.0,10.0,70.0,B
371361000,2019-05-08T23:01:18,38.84825,-75.08007,9.6,-87.6,320.0,PACIFIC DAWN,IMO9307140,3ECJ9,80.0,0.0,238.0,42.0,14.8,80.0,B
368058330,2019-05-08T23:01:29,39.24271,-75.31876,3.4,-88.5,511.0,PURPLE  HAYS,,WDC9127,52.0,0.0,24.0,8.0,3.0,52.0,B
367090580,2019-05-08T23:02:10,38.96881,-75.23619,24.4,-179.8,511.0,BIG STONE 5,,WSE3119,60.0,0.0,15.0,4.0,,50.0,B
367699890,2019-05-08T23:02:09,38.81383,-75.1185,23.5,189.5,511.0,J P VIRDEN,,WDI4560,,15.0,16.0,,,,B
367120230,2019-05-08T23:02:11,38.92806,-75.14692,0.9,46.5,511.0,SONIE,IMO9373723,WDD2812,31.0,0.0,24.0,9.0,4.0,52.0,B
370299000,2019-05-08T23:02:12,39.17598,-75.2683,13.6,-86.6,325.0,MORNING CAMILLA,IMO9477919,H3LJ,70.0,0.0,199.0,32.0,10.0,70.0,B
538004030,2019-05-08T23:02:16,38.92636,-75.15873,0.0,-62.8,346.0,FRIO,IMO9596985,V7UU3,80.0,1.0,274.0,48.0,17.1,89.0,A
369235000,2019-05-08T23:02:22,38.92751,-75.14497,0.1,-199.1,10.0,OSG VISION,IMO9436537,WDF2493,31.0,0.0,46.0,15.0,6.5,57.0,B
338447000,2019-05-08T23:02:22,39.03505,-75.15815,9.6,-72.3,338.0,OSG HORIZON,IMO9436549,WDF6180,31.0,0.0,46.0,15.0,6.5,57.0,B
357092000,2019-05-08T23:02:34,38.86291,-75.1071,4.5,-98.9,313.0,LAVIEEN ROSE,IMO9700562,3FKN,70.0,0.0,179.0,28.0,10.1,,B
303104000,2019-05-08T23:02:29,39.40909,-75.50635,12.2,-93.0,317.0,SEABULK CHALLENGE,IMO7816551,KNJL,80.0,0.0,191.0,32.0,13.2,,A
366914210,2019-05-08T23:02:29,38.83425,-75.10922,11.9,-190.8,211.0,DELAWARE,IMO8990304,WYU8553,60.0,0.0,91.0,20.0,,,A
371361000,2019-05-08T23:02:29,38.85057,-75.0827,9.7,-89.6,321.0,PACIFIC DAWN,IMO9307140,3ECJ9,80.0,0.0,238.0,42.0,14.8,80.0,B
311073800,2019-05-08T23:02:32,38.98458,-75.2127,0.1,-68.8,335.0,EURO,IMO9567702,C6AA5,84.0,1.0,274.0,48.0,-11.5,84.0,A
367090580,2019-05-08T23:01:02,38.97332,-75.22845,22.6,-179.6,511.0,BIG STONE 5,,WSE3119,60.0,0.0,15.0,4.0,,50.0,B
368058330,2019-05-08T23:02:37,39.24342,-75.31981,3.3,-98.8,511.0,PURPLE  HAYS,,WDC9127,52.0,0.0,24.0,8.0,3.0,52.0,B
370299000,2019-05-08T23:03:14,39.17918,-75.27077,13.3,-75.6,337.0,MORNING CAMILLA,IMO9477919,H3LJ,70.0,0.0,199.0,32.0,10.0,70.0,A
367120230,2019-05-08T23:03:12,38.928,-75.14691,0.8,195.7,511.0,SONIE,IMO9373723,WDD2812,31.0,0.0,24.0,9.0,4.0,52.0,B
367090580,2019-05-08T23:03:12,38.96448,-75.24344,25.1,-181.0,511.0,BIG STONE 5,,WSE3119,60.0,0.0,15.0,4.0,,50.0,B
338447000,2019-05-08T23:03:31,39.03789,-75.15964,9.6,-71.8,338.0,OSG HORIZON,IMO9436549,WDF6180,31.0,0.0,46.0,15.0,6.5,57.0,B
367699890,2019-05-08T23:03:11,38.80717,-75.12,23.6,190.3,511.0,J P VIRDEN,,WDI4560,,15.0,16.0,,,,B
357092000,2019-05-08T23:03:43,38.86381,-75.10847,4.3,-99.2,313.0,LAVIEEN ROSE,IMO9700562,3FKN,70.0,0.0,179.0,28.0,10.1,,B
366914210,2019-05-08T23:03:31,38.83116,-75.11059,11.7,193.2,190.0,DELAWARE,IMO8990304,WYU8553,60.0,0.0,91.0,20.0,,,B
368058330,2019-05-08T23:03:49,39.24429,-75.32069,3.3,-85.9,511.0,PURPLE  HAYS,,WDC9127,52.0,0.0,24.0,8.0,3.0,52.0,B
538006702,2019-05-08T23:03:33,38.96431,-75.19618,0.0,28.5,347.0,NAMSEN,IMO9761528,V7QJ6,80.0,1.0,,,,,A
369235000,2019-05-08T23:03:33,38.92751,-75.14499,0.1,-199.1,12.0,OSG VISION,IMO9436537,WDF2493,31.0,0.0,46.0,15.0,6.5,57.0,B
303104000,2019-05-08T23:03:39,39.41194,-75.50973,12.0,-92.7,317.0,SEABULK CHALLENGE,IMO7816551,KNJL,80.0,0.0,191.0,32.0,13.2,,B
311000546,2019-05-08T23:03:48,38.91135,-75.14651,0.0,-87.6,346.0,,,,,1.0,,,,,A
366914210,2019-05-08T23:04:43,38.82735,-75.11211,11.8,200.1,195.0,DELAWARE,IMO8990304,WYU8553,60.0,0.0,91.0,20.0,,,B
367090580,2019-05-08T23:04:16,38.9599,-75.25081,25.0,-176.0,511.0,BIG STONE 5,,WSE3119,60.0,0.0,15.0,4.0,,50.0,B
371361000,2019-05-08T23:03:38,38.85307,-75.08508,9.6,-90.6,320.0,PACIFIC DAWN,IMO9307140,3ECJ9,80.0,0.0,238.0,42.0,14.8,80.0,B
240463000,2019-05-08T23:04:05,38.93908,-75.17095,0.0,50.0,358.0,BOUBOULINA,IMO9298753,SZIS,80.0,1.0,274.0,50.0,17.0,80.0,A
370299000,2019-05-08T23:04:24,39.1831,-75.27312,13.1,-75.6,335.0,MORNING CAMILLA,IMO9477919,H3LJ,70.0,0.0,199.0,32.0,10.0,70.0,B
367699890,2019-05-08T23:04:13,38.8005,-75.12017,23.3,177.8,511.0,J P VIRDEN,,WDI4560,,15.0,16.0,,,,B
338447000,2019-05-08T23:04:41,39.0408,-75.16117,9.6,-71.9,338.0,OSG HORIZON,IMO9436549,WDF6180,31.0,0.0,46.0,15.0,6.5,57.0,B
368058330,2019-05-08T23:04:58,39.2451,-75.3216,3.3,-100.3,511.0,PURPLE  HAYS,,WDC9127,52.0,0.0,24.0,8.0,3.0,52.0,B
357092000,2019-05-08T23:04:54,38.86464,-75.10981,3.9,-101.3,316.0,LAVIEEN ROSE,IMO9700562,3FKN,70.0,0.0,179.0,28.0,10.1,,B
367090580,2019-05-08T23:05:30,38.9548,-75.25964,25.1,-174.9,511.0,BIG STONE 5,,WSE3119,60.0,0.0,15.0,4.0,,50.0,B
370299000,2019-05-08T23:05:34,39.18685,-75.27535,13.2,-74.6,336.0,MORNING CAMILLA,IMO9477919,H3LJ,70.0,0.0,199.0,32.0,10.0,70.0,B
371361000,2019-05-08T23:04:48,38.8554,-75.08773,9.8,-88.6,319.0,PACIFIC DAWN,IMO9307140,3ECJ9,80.0,0.0,238.0,42.0,14.8,80.0,B
367699890,2019-05-08T23:05:15,38.79367,-75.11833,23.5,166.0,511.0,J P VIRDEN,,WDI4560,,15.0,16.0,,,,B
367120230,2019-05-08T23:04:32,38.92779,-75.14702,0.4,201.6,511.0,SONIE,IMO9373723,WDD2812,31.0,0.0,24.0,9.0,4.0,52.0,B
311073800,2019-05-08T23:05:34,38.98462,-75.21282,0.1,-101.9,337.0,EURO,IMO9567702,C6AA5,84.0,1.0,274.0,48.0,-11.5,84.0,A
538004030,2019-05-08T23:05:15,38.92637,-75.15877,0.0,-77.5,347.0,FRIO,IMO9596985,V7UU3,80.0,1.0,274.0,48.0,17.1,89.0,A
357092000,2019-05-08T23:06:04,38.86536,-75.11099,3.4,-100.5,324.0,LAVIEEN ROSE,IMO9700562,3FKN,70.0,0.0,179.0,28.0,10.1,,B
367120230,2019-05-08T23:05:41,38.92775,-75.14696,0.3,165.2,511.0,SONIE,IMO9373723,WDD2812,31.0,0.0,24.0,9.0,4.0,52.0,B
371361000,2019-05-08T23:05:58,38.8579,-75.0903,9.8,-88.6,322.0,PACIFIC DAWN,IMO9307140,3ECJ9,80.0,0.0,238.0,42.0,14.8,80.0,B
369235000,2019-05-08T23:04:43,38.92753,-75.14504,0.0,-163.1,13.0,OSG VISION,IMO9436537,WDF2493,31.0,0.0,46.0,15.0,6.5,57.0,B
303104000,2019-05-08T23:06:19,39.41859,-75.51763,12.1,-92.2,317.0,SEABULK CHALLENGE,IMO7816551,KNJL,80.0,0.0,191.0,32.0,13.2,,B
338447000,2019-05-08T23:05:51,39.04373,-75.16266,9.6,-71.8,337.0,OSG HORIZON,IMO9436549,WDF6180,31.0,0.0,46.0,15.0,6.5,57.0,B
367699890,2019-05-08T23:06:17,38.78717,-75.11683,23.2,192.9,511.0,J P VIRDEN,,WDI4560,,15.0,16.0,,,,B
366914210,2019-05-08T23:05:52,38.82384,-75.11339,11.6,196.5,192.0,DELAWARE,IMO8990304,WYU8553,60.0,0.0,91.0,20.0,,,B
367090580,2019-05-08T23:06:34,38.95005,-75.26685,25.0,-178.8,511.0,BIG STONE 5,,WSE3119,60.0,0.0,15.0,4.0,,50.0,B
368058330,2019-05-08T23:06:27,39.24612,-75.3228,3.3,-97.2,511.0,PURPLE  HAYS,,WDC9127,52.0,0.0,24.0,8.0,3.0,52.0,B
303104000,2019-05-08T23:04:48,39.41482,-75.51318,12.0,-92.7,317.0,SEABULK CHALLENGE,IMO7816551,KNJL,80.0,0.0,191.0,32.0,13.2,,B
311000546,2019-05-08T23:06:48,38.91138,-75.14656,0.0,-89.9,348.0,,,,,1.0,,,,,A
338447000,2019-05-08T23:07:02,39.04668,-75.16427,9.6,-73.9,336.0,OSG HORIZON,IMO9436549,WDF6180,31.0,0.0,46.0,15.0,6.5,57.0,B
240463000,2019-05-08T23:07:05,38.93913,-75.17075,0.0,60.0,354.0,BOUBOULINA,IMO9298753,SZIS,80.0,1.0,274.0,50.0,17.0,80.0,A
367120230,2019-05-08T23:06:51,38.92766,-75.14709,0.5,-121.9,511.0,SONIE,IMO9373723,WDD2812,31.0,0.0,24.0,9.0,4.0,52.0,B
367090580,2019-05-08T23:07:36,38.94587,-75.27433,25.1,-173.0,511.0,BIG STONE 5,,WSE3119,60.0,0.0,15.0,4.0,,50.0,B
357092000,2019-05-08T23:07:14,38.86596,-75.11193,2.7,-99.7,340.0,LAVIEEN ROSE,IMO9700562,3FKN,70.0,0.0,179.0,28.0,10.1,,B
369235000,2019-05-08T23:05:52,38.92755,-75.14506,0.1,-115.0,15.0,OSG VISION,IMO9436537,WDF2493,31.0,0.0,46.0,15.0,6.5,57.0,B
367120230,2019-05-08T23:08:02,38.92767,-75.1471,0.2,109.3,511.0,SONIE,IMO9373723,WDD2812,31.0,0.0,24.0,9.0,4.0,52.0,B
369235000,2019-05-08T23:08:32,38.92759,-75.14512,0.1,2.2,18.0,OSG VISION,IMO9436537,WDF2493,31.0,0.0,46.0,15.0,6.5,57.0,B
368058330,2019-05-08T23:07:58,39.24721,-75.32396,3.4,-84.9,511.0,PURPLE  HAYS,,WDC9127,52.0,0.0,24.0,8.0,3.0,52.0,B
303104000,2019-05-08T23:07:29,39.42144,-75.52099,12.0,-91.8,317.0,SEABULK CHALLENGE,IMO7816551,KNJL,80.0,0.0,191.0,32.0,13.2,,B
370299000,2019-05-08T23:07:53,39.19462,-75.27997,13.5,-74.6,336.0,MORNING CAMILLA,IMO9477919,H3LJ,70.0,0.0,199.0,32.0,10.0,70.0,B
338447000,2019-05-08T23:08:11,39.04956,-75.1658,9.6,-72.1,336.0,OSG HORIZON,IMO9436549,WDF6180,31.0,0.0,46.0,15.0,6.5,57.0,B
370299000,2019-05-08T23:06:43,39.19077,-75.27768,13.4,-74.6,336.0,MORNING CAMILLA,IMO9477919,H3LJ,70.0,0.0,199.0,32.0,10.0,70.0,B
367090580,2019-05-08T23:08:40,38.94172,-75.28215,25.1,-172.2,511.0,BIG STONE 5,,WSE3119,60.0,0.0,15.0,4.0,,50.0,B
357092000,2019-05-08T23:08:23,38.86641,-75.11262,1.9,-99.2,1.0,LAVIEEN ROSE,IMO9700562,3FKN,70.0,0.0,179.0,28.0,10.1,,B
371361000,2019-05-08T23:08:30,38.86327,-75.09588,10.0,-89.6,320.0,PACIFIC DAWN,IMO9307140,3ECJ9,80.0,0.0,238.0,42.0,14.8,80.0,B
366914210,2019-05-08T23:08:11,38.81643,-75.11597,11.9,195.4,190.0,DELAWARE,IMO8990304,WYU8553,60.0,0.0,91.0,20.0,,,B
538004030,2019-05-08T23:08:14,38.92643,-75.15882,0.1,-91.5,348.0,FRIO,IMO9596985,V7UU3,80.0,1.0,274.0,48.0,17.1,89.0,A
538006702,2019-05-08T23:06:30,38.96432,-75.19612,0.0,28.5,348.0,NAMSEN,IMO9761528,V7QJ6,80.0,1.0,,,,,A
368058330,2019-05-08T23:09:08,39.24812,-75.32476,3.3,-83.6,511.0,PURPLE  HAYS,,WDC9127,52.0,0.0,24.0,8.0,3.0,52.0,B
366914210,2019-05-08T23:07:02,38.82015,-75.11466,12.0,194.8,190.0,DELAWARE,IMO8990304,WYU8553,60.0,0.0,91.0,20.0,,,B
303104000,2019-05-08T23:09:10,39.42564,-75.52584,12.0,-90.9,318.0,SEABULK CHALLENGE,IMO7816551,KNJL,80.0,0.0,191.0,32.0,13.2,,B
357092000,2019-05-08T23:10:04,38.86675,-75.11316,0.8,-112.5,28.0,LAVIEEN ROSE,IMO9700562,3FKN,70.0,0.0,179.0,28.0,10.1,,B
370299000,2019-05-08T23:09:34,39.20055,-75.28347,13.6,-74.6,336.0,MORNING CAMILLA,IMO9477919,H3LJ,70.0,0.0,199.0,32.0,10.0,70.0,B
367120230,2019-05-08T23:09:11,38.9276,-75.14707,0.1,122.8,511.0,SONIE,IMO9373723,WDD2812,31.0,0.0,24.0,9.0,4.0,52.0,B
369235000,2019-05-08T23:07:02,38.92757,-75.14509,0.1,2.2,16.0,OSG VISION,IMO9436537,WDF2493,31.0,0.0,46.0,15.0,6.5,57.0,B
369235000,2019-05-08T23:09:33,38.92761,-75.14516,0.0,2.2,19.0,OSG VISION,IMO9436537,WDF2493,31.0,0.0,46.0,15.0,6.5,57.0,B
367090580,2019-05-08T23:10:18,38.93746,-75.29551,24.8,-158.6,511.0,BIG STONE 5,,WSE3119,60.0,0.0,15.0,4.0,,50.0,B
371361000,2019-05-08T23:07:18,38.86075,-75.09323,9.8,-89.6,321.0,PACIFIC DAWN,IMO9307140,3ECJ9,80.0,0.0,238.0,42.0,14.8,80.0,B
366914210,2019-05-08T23:09:21,38.81267,-75.11726,11.8,193.3,189.0,DELAWARE,IMO8990304,WYU8553,60.0,0.0,91.0,20.0,,,B
311000546,2019-05-08T23:09:48,38.91143,-75.14663,0.0,-77.9,349.0,,,,,1.0,,,,,A
338447000,2019-05-08T23:09:31,39.05288,-75.16764,9.7,-72.6,337.0,OSG HORIZON,IMO9436549,WDF6180,31.0,0.0,46.0,15.0,6.5,57.0,B
538006702,2019-05-08T23:09:32,38.96437,-75.19621,0.0,28.5,349.0,NAMSEN,IMO9761528,V7QJ6,80.0,1.0,,,,,A
369235000,2019-05-08T23:10:53,38.92764,-75.14517,0.0,14.2,21.0,OSG VISION,IMO9436537,WDF2493,31.0,0.0,46.0,15.0,6.5,57.0,B
368058330,2019-05-08T23:10:18,39.24903,-75.32561,3.5,-89.3,511.0,PURPLE  HAYS,,WDC9127,52.0,0.0,24.0,8.0,3.0,52.0,B
367120230,2019-05-08T23:10:22,38.9276,-75.14707,0.4,-83.0,511.0,SONIE,IMO9373723,WDD2812,31.0,0.0,24.0,9.0,4.0,52.0,B
240463000,2019-05-08T23:10:04,38.93915,-75.17053,0.0,54.0,351.0,BOUBOULINA,IMO9298753,SZIS,80.0,1.0,274.0,50.0,17.0,80.0,A
366914210,2019-05-08T23:10:42,38.80838,-75.1187,12.0,194.4,191.0,DELAWARE,IMO8990304,WYU8553,60.0,0.0,91.0,20.0,,,B
338447000,2019-05-08T23:10:42,39.05582,-75.16921,9.6,-72.8,336.0,OSG HORIZON,IMO9436549,WDF6180,31.0,0.0,46.0,15.0,6.5,57.0,B
370299000,2019-05-08T23:10:44,39.20445,-75.28573,13.5,-74.6,336.0,MORNING CAMILLA,IMO9477919,H3LJ,70.0,0.0,199.0,32.0,10.0,70.0,B
538004030,2019-05-08T23:11:14,38.92648,-75.15886,0.1,-79.1,350.0,FRIO,IMO9596985,V7UU3,80.0,1.0,274.0,48.0,17.1,89.0,A
311073800,2019-05-08T23:08:36,38.98468,-75.21299,0.2,-106.8,343.0,EURO,IMO9567702,C6AA5,84.0,1.0,274.0,48.0,-11.5,84.0,A
357092000,2019-05-08T23:11:14,38.86679,-75.11341,0.5,-129.5,39.0,LAVIEEN ROSE,IMO9700562,3FKN,70.0,1.0,179.0,28.0,10.1,,B
367120230,2019-05-08T23:11:32,38.92788,-75.14716,1.0,-53.3,511.0,SONIE,IMO9373723,WDD2812,31.0,0.0,24.0,9.0,4.0,52.0,B
303104000,2019-05-08T23:11:59,39.43269,-75.53395,12.0,-91.8,317.0,SEABULK CHALLENGE,IMO7816551,KNJL,80.0,0.0,191.0,32.0,13.2,,B
371361000,2019-05-08T23:11:09,38.8689,-75.10197,10.1,-90.6,322.0,PACIFIC DAWN,IMO9307140,3ECJ9,80.0,0.0,238.0,42.0,14.8,80.0,B
369235000,2019-05-08T23:12:02,38.92768,-75.14519,0.0,-65.3,22.0,OSG VISION,IMO9436537,WDF2493,31.0,0.0,46.0,15.0,6.5,57.0,B
311073800,2019-05-08T23:11:35,38.98469,-75.21311,0.2,29.6,346.0,EURO,IMO9567702,C6AA5,84.0,1.0,274.0,48.0,-11.5,84.0,A
371361000,2019-05-08T23:09:58,38.86642,-75.0994,10.0,-89.6,320.0,PACIFIC DAWN,IMO9307140,3ECJ9,80.0,0.0,238.0,42.0,14.8,80.0,B
303104000,2019-05-08T23:10:19,39.42853,-75.52919,11.9,-91.3,318.0,SEABULK CHALLENGE,IMO7816551,KNJL,80.0,0.0,191.0,32.0,13.2,,B
367090580,2019-05-08T23:11:26,38.94038,-75.30372,24.1,-102.0,511.0,BIG STONE 5,,WSE3119,60.0,0.0,15.0,4.0,,50.0,B
368058330,2019-05-08T23:11:38,39.25004,-75.32671,3.5,-91.7,511.0,PURPLE  HAYS,,WDC9127,52.0,0.0,24.0,8.0,3.0,52.0,B
370299000,2019-05-08T23:12:34,39.21082,-75.28937,13.4,-73.6,336.0,MORNING CAMILLA,IMO9477919,H3LJ,70.0,0.0,199.0,32.0,10.0,70.0,B
366914210,2019-05-08T23:12:02,38.80406,-75.1199,11.7,187.0,181.0,DELAWARE,IMO8990304,WYU8553,60.0,0.0,91.0,20.0,,,B
371361000,2019-05-08T23:12:58,38.87282,-75.10642,10.2,-90.6,321.0,PACIFIC DAWN,IMO9307140,3ECJ9,80.0,0.0,238.0,42.0,14.8,80.0,B
367090580,2019-05-08T23:12:34,38.94504,-75.31121,19.3,-103.8,511.0,BIG STONE 5,,WSE3119,60.0,0.0,15.0,4.0,,50.0,B
338447000,2019-05-08T23:12:41,39.06082,-75.17192,9.7,-72.7,337.0,OSG HORIZON,IMO9436549,WDF6180,31.0,0.0,46.0,15.0,6.5,57.0,B
368058330,2019-05-08T23:13:08,39.25117,-75.32789,3.5,-81.8,511.0,PURPLE  HAYS,,WDC9127,52.0,0.0,24.0,8.0,3.0,52.0,B
538006702,2019-05-08T23:12:31,38.9644,-75.1962,0.0,28.5,349.0,NAMSEN,IMO9761528,V7QJ6,80.0,1.0,,,,,A
366914210,2019-05-08T23:13:42,38.79865,-75.11959,11.3,167.8,163.0,DELAWARE,IMO8990304,WYU8553,60.0,0.0,91.0,20.0,,,B
367120230,2019-05-08T23:12:42,38.92824,-75.14726,1.3,-57.2,511.0,SONIE,IMO9373723,WDD2812,31.0,0.0,24.0,9.0,4.0,52.0,B
370299000,2019-05-08T23:13:44,39.21463,-75.2915,13.4,-73.6,336.0,MORNING CAMILLA,IMO9477919,H3LJ,70.0,0.0,199.0,32.0,10.0,70.0,B
311000546,2019-05-08T23:12:48,38.91147,-75.14665,0.0,-70.0,351.0,,,,,1.0,,,,,A
369235000,2019-05-08T23:13:41,38.92771,-75.14524,0.1,-103.8,24.0,OSG VISION,IMO9436537,WDF2493,31.0,0.0,46.0,15.0,6.5,57.0,B
338447000,2019-05-08T23:13:51,39.06374,-75.1735,9.6,-72.5,337.0,OSG HORIZON,IMO9436549,WDF6180,31.0,0.0,46.0,15.0,6.5,57.0,B
303104000,2019-05-08T23:13:10,39.43559,-75.5373,12.0,-91.1,318.0,SEABULK CHALLENGE,IMO7816551,KNJL,80.0,0.0,191.0,32.0,13.2,,B
538004030,2019-05-08T23:14:15,38.92656,-75.15893,0.1,-93.2,351.0,FRIO,IMO9596985,V7UU3,80.0,1.0,274.0,48.0,17.1,89.0,A
368058330,2019-05-08T23:14:17,39.25208,-75.32869,3.5,-89.2,511.0,PURPLE  HAYS,,WDC9127,52.0,0.0,24.0,8.0,3.0,52.0,B
357092000,2019-05-08T23:13:33,38.8668,-75.1137,0.2,-153.5,49.0,LAVIEEN ROSE,IMO9700562,3FKN,70.0,1.0,179.0,28.0,10.1,,A
369235000,2019-05-08T23:14:53,38.92774,-75.14527,0.1,-55.5,25.0,OSG VISION,IMO9436537,WDF2493,31.0,0.0,46.0,15.0,6.5,57.0,B
303104000,2019-05-08T23:14:48,39.43978,-75.54197,12.1,-89.8,319.0,SEABULK CHALLENGE,IMO7816551,KNJL,80.0,0.0,191.0,32.0,13.2,,B
367120230,2019-05-08T23:13:51,38.92854,-75.14706,1.2,47.4,511.0,SONIE,IMO9373723,WDD2812,31.0,0.0,24.0,9.0,4.0,52.0,B
371361000,2019-05-08T23:14:59,38.87722,-75.1111,10.3,-89.6,321.0,PACIFIC DAWN,IMO9307140,3ECJ9,80.0,0.0,238.0,42.0,14.8,80.0,B
311073800,2019-05-08T23:14:35,38.98449,-75.21304,0.7,166.7,342.0,EURO,IMO9567702,C6AA5,84.0,1.0,274.0,48.0,-11.5,84.0,A
370299000,2019-05-08T23:15:44,39.22135,-75.2956,13.4,-75.6,333.0,MORNING CAMILLA,IMO9477919,H3LJ,70.0,0.0,199.0,32.0,10.0,70.0,B
366914210,2019-05-08T23:14:52,38.79554,-75.11859,9.1,169.7,168.0,DELAWARE,IMO8990304,WYU8553,60.0,0.0,91.0,20.0,,,B
367120230,2019-05-08T23:15:02,38.92861,-75.14679,0.3,196.8,511.0,SONIE,IMO9373723,WDD2812,31.0,0.0,24.0,9.0,4.0,52.0,B
368058330,2019-05-08T23:15:38,39.25305,-75.3298,3.5,-94.8,511.0,PURPLE  HAYS,,WDC9127,52.0,0.0,24.0,8.0,3.0,52.0,B
371361000,2019-05-08T23:16:38,38.8809,-75.11492,10.2,-88.6,319.0,PACIFIC DAWN,IMO9307140,3ECJ9,80.0,0.0,238.0,42.0,14.8,80.0,B
369235000,2019-05-08T23:16:03,38.92779,-75.1453,0.2,-88.1,26.0,OSG VISION,IMO9436537,WDF2493,31.0,0.0,46.0,15.0,6.5,57.0,B
303104000,2019-05-08T23:16:18,39.44364,-75.54621,12.2,-90.6,319.0,SEABULK CHALLENGE,IMO7816551,KNJL,80.0,0.0,191.0,32.0,13.2,,B
538006702,2019-05-08T23:15:31,38.96444,-75.19628,0.0,28.5,350.0,NAMSEN,IMO9761528,V7QJ6,80.0,1.0,,,,,A
338447000,2019-05-08T23:15:11,39.06704,-75.17533,9.6,-73.4,336.0,OSG HORIZON,IMO9436549,WDF6180,31.0,0.0,46.0,15.0,6.5,57.0,B
368058330,2019-05-08T23:17:17,39.25409,-75.33138,3.5,-96.6,511.0,PURPLE  HAYS,,WDC9127,52.0,0.0,24.0,8.0,3.0,52.0,B
338447000,2019-05-08T23:17:22,39.07246,-75.17825,9.6,-72.5,336.0,OSG HORIZON,IMO9436549,WDF6180,31.0,0.0,46.0,15.0,6.5,57.0,B
366914210,2019-05-08T23:15:53,38.79312,-75.11792,8.8,169.4,168.0,DELAWARE,IMO8990304,WYU8553,60.0,0.0,91.0,20.0,,,B
240463000,2019-05-08T23:16:04,38.93942,-75.17043,0.1,-58.6,348.0,BOUBOULINA,IMO9298753,SZIS,80.0,1.0,274.0,50.0,17.0,80.0,A
357092000,2019-05-08T23:16:33,38.86678,-75.11333,0.3,2.8,29.0,LAVIEEN ROSE,IMO9700562,3FKN,70.0,1.0,179.0,28.0,10.1,,A
370299000,2019-05-08T23:18:14,39.22967,-75.30163,13.5,-82.6,326.0,MORNING CAMILLA,IMO9477919,H3LJ,70.0,0.0,199.0,32.0,10.0,70.0,B
368058330,2019-05-08T23:18:48,39.25519,-75.3326,3.5,-86.7,511.0,PURPLE  HAYS,,WDC9127,52.0,0.0,24.0,8.0,3.0,52.0,B
538004030,2019-05-08T23:17:15,38.9266,-75.15899,0.1,-77.9,352.0,FRIO,IMO9596985,V7UU3,80.0,1.0,274.0,48.0,17.1,89.0,A
311073800,2019-05-08T23:17:33,38.98413,-75.21276,0.5,-87.1,327.0,EURO,IMO9567702,C6AA5,84.0,1.0,274.0,48.0,-11.5,84.0,A
370299000,2019-05-08T23:16:53,39.22535,-75.29838,13.5,-78.6,330.0,MORNING CAMILLA,IMO9477919,H3LJ,70.0,0.0,199.0,32.0,10.0,70.0,B
367120230,2019-05-08T23:18:20,38.92847,-75.14673,1.0,23.6,511.0,SONIE,IMO9373723,WDD2812,31.0,0.0,24.0,9.0,4.0,52.0,B
366914210,2019-05-08T23:17:03,38.7902,-75.11745,8.8,175.0,172.0,DELAWARE,IMO8990304,WYU8553,60.0,0.0,91.0,20.0,,,B
311000546,2019-05-08T23:15:48,38.91153,-75.14672,0.0,-75.2,352.0,,,,,1.0,,,,,A
311000546,2019-05-08T23:18:48,38.91158,-75.14682,0.0,-87.9,353.0,,,,,1.0,,,,,A
369235000,2019-05-08T23:17:12,38.92779,-75.14536,0.1,-80.8,28.0,OSG VISION,IMO9436537,WDF2493,31.0,0.0,46.0,15.0,6.5,57.0,B
371361000,2019-05-08T23:18:48,38.88497,-75.12065,9.8,-104.6,305.0,PACIFIC DAWN,IMO9307140,3ECJ9,80.0,0.0,238.0,42.0,14.8,80.0,B
367120230,2019-05-08T23:16:11,38.92838,-75.14693,0.9,-191.3,511.0,SONIE,IMO9373723,WDD2812,31.0,0.0,24.0,9.0,4.0,52.0,B
240463000,2019-05-08T23:19:05,38.93963,-75.17048,0.2,-57.6,348.0,BOUBOULINA,IMO9298753,SZIS,80.0,1.0,274.0,50.0,17.0,80.0,A
311073800,2019-05-08T23:19:28,38.98451,-75.21325,1.0,-97.9,332.0,EURO,IMO9567702,C6AA5,84.0,0.0,274.0,48.0,-11.5,84.0,A
370299000,2019-05-08T23:19:43,39.23422,-75.30563,13.5,-84.6,326.0,MORNING CAMILLA,IMO9477919,H3LJ,70.0,0.0,199.0,32.0,10.0,70.0,B
369235000,2019-05-08T23:19:33,38.92786,-75.14546,0.0,-100.1,31.0,OSG VISION,IMO9436537,WDF2493,31.0,0.0,46.0,15.0,6.5,57.0,B
303104000,2019-05-08T23:19:48,39.45275,-75.55635,12.6,-90.7,323.0,SEABULK CHALLENGE,IMO7816551,KNJL,80.0,0.0,191.0,32.0,13.2,,B
338447000,2019-05-08T23:19:52,39.07866,-75.1817,9.6,-73.2,335.0,OSG HORIZON,IMO9436549,WDF6180,31.0,0.0,46.0,15.0,6.5,57.0,B
366914210,2019-05-08T23:20:41,38.78378,-75.11863,2.9,-162.3,259.0,DELAWARE,IMO8990304,WYU8553,60.0,0.0,91.0,20.0,,,B
303104000,2019-05-08T23:18:29,39.44926,-75.55239,12.4,-91.0,318.0,SEABULK CHALLENGE,IMO7816551,KNJL,80.0,0.0,191.0,32.0,13.2,,B
538006702,2019-05-08T23:18:32,38.96444,-75.19633,0.0,28.5,351.0,NAMSEN,IMO9761528,V7QJ6,80.0,1.0,,,,,A
366914210,2019-05-08T23:18:47,38.78606,-75.11676,7.6,179.3,181.0,DELAWARE,IMO8990304,WYU8553,60.0,0.0,91.0,20.0,,,A
368058330,2019-05-08T23:19:49,39.25587,-75.33348,3.4,-100.0,511.0,PURPLE  HAYS,,WDC9127,52.0,0.0,24.0,8.0,3.0,52.0,B
369235000,2019-05-08T23:20:53,38.92791,-75.14551,0.2,-114.4,32.0,OSG VISION,IMO9436537,WDF2493,31.0,0.0,46.0,15.0,6.5,57.0,B
357092000,2019-05-08T23:19:33,38.86689,-75.11342,0.1,-70.2,35.0,LAVIEEN ROSE,IMO9700562,3FKN,70.0,1.0,179.0,28.0,10.1,,A
370299000,2019-05-08T23:21:23,39.23913,-75.31048,13.2,-89.6,320.0,MORNING CAMILLA,IMO9477919,H3LJ,70.0,0.0,199.0,32.0,10.0,70.0,B
303104000,2019-05-08T23:22:29,39.46142,-75.56033,12.3,-54.8,353.0,SEABULK CHALLENGE,IMO7816551,KNJL,80.0,0.0,191.0,32.0,13.2,,B
371361000,2019-05-08T23:19:59,38.88673,-75.12388,9.6,-105.6,305.0,PACIFIC DAWN,IMO9307140,3ECJ9,80.0,0.0,238.0,42.0,14.8,80.0,B
538004030,2019-05-08T23:20:15,38.92668,-75.1591,0.1,-84.4,355.0,FRIO,IMO9596985,V7UU3,80.0,1.0,274.0,48.0,17.1,89.0,A
311073800,2019-05-08T23:20:38,38.98476,-75.21358,1.0,-96.4,338.0,EURO,IMO9567702,C6AA5,84.0,0.0,274.0,48.0,-11.5,84.0,B
367120230,2019-05-08T23:21:02,38.92846,-75.14702,0.8,-174.7,511.0,SONIE,IMO9373723,WDD2812,31.0,0.0,24.0,9.0,4.0,52.0,B
368058330,2019-05-08T23:20:57,39.25664,-75.3345,3.4,-92.9,511.0,PURPLE  HAYS,,WDC9127,52.0,0.0,24.0,8.0,3.0,52.0,B
366914210,2019-05-08T23:22:35,38.78383,-75.11899,0.7,83.0,333.0,DELAWARE,IMO8990304,WYU8553,60.0,0.0,91.0,20.0,,,A
338447000,2019-05-08T23:21:01,39.08152,-75.18331,9.6,-72.6,335.0,OSG HORIZON,IMO9436549,WDF6180,31.0,0.0,46.0,15.0,6.5,57.0,B
371361000,2019-05-08T23:21:08,38.88847,-75.12707,9.0,-103.6,306.0,PACIFIC DAWN,IMO9307140,3ECJ9,80.0,0.0,238.0,42.0,14.8,80.0,B
240463000,2019-05-08T23:22:04,38.94028,-75.17053,0.6,-52.6,346.0,BOUBOULINA,IMO9298753,SZIS,80.0,1.0,274.0,50.0,17.0,80.0,A
367120230,2019-05-08T23:22:10,38.92847,-75.14727,0.6,-145.6,511.0,SONIE,IMO9373723,WDD2812,31.0,0.0,24.0,9.0,4.0,52.0,B
311000546,2019-05-08T23:21:48,38.91164,-75.14695,0.0,-92.2,356.0,,,,,1.0,,,,,A
368058330,2019-05-08T23:21:59,39.25737,-75.33535,3.5,-90.0,511.0,PURPLE  HAYS,,WDC9127,52.0,0.0,24.0,8.0,3.0,52.0,B
338447000,2019-05-08T23:22:11,39.08436,-75.18503,9.6,-76.4,332.0,OSG HORIZON,IMO9436549,WDF6180,31.0,0.0,46.0,15.0,6.5,57.0,B
367120230,2019-05-08T23:19:40,38.92869,-75.14678,0.4,-138.9,511.0,SONIE,IMO9373723,WDD2812,31.0,0.0,24.0,9.0,4.0,52.0,B
357092000,2019-05-08T23:22:33,38.86689,-75.11348,0.1,-129.4,35.0,LAVIEEN ROSE,IMO9700562,3FKN,70.0,1.0,179.0,28.0,10.1,,A
370299000,2019-05-08T23:22:43,39.24283,-75.31452,13.3,-90.6,320.0,MORNING CAMILLA,IMO9477919,H3LJ,70.0,0.0,199.0,32.0,10.0,70.0,B
369235000,2019-05-08T23:22:53,38.92797,-75.14565,0.1,-127.3,35.0,OSG VISION,IMO9436537,WDF2493,31.0,0.0,46.0,15.0,6.5,57.0,B
311073800,2019-05-08T23:23:07,38.98496,-75.21405,0.2,-174.2,351.0,EURO,IMO9567702,C6AA5,84.0,0.0,274.0,48.0,-11.5,84.0,B
338447000,2019-05-08T23:24:11,39.08898,-75.18842,9.4,-79.5,326.0,OSG HORIZON,IMO9436549,WDF6180,31.0,0.0,46.0,15.0,6.5,57.0,B
538006702,2019-05-08T23:24:31,38.96443,-75.19656,0.1,28.5,356.0,NAMSEN,IMO9761528,V7QJ6,80.0,1.0,,,,,A
371361000,2019-05-08T23:23:35,38.89195,-75.1334,8.3,-96.6,329.0,PACIFIC DAWN,IMO9307140,3ECJ9,80.0,0.0,238.0,42.0,14.8,80.0,A
367120230,2019-05-08T23:24:10,38.9283,-75.14758,0.1,-57.2,511.0,SONIE,IMO9373723,WDD2812,31.0,0.0,24.0,9.0,4.0,52.0,B
370299000,2019-05-08T23:24:23,39.24753,-75.3197,13.3,-90.6,320.0,MORNING CAMILLA,IMO9477919,H3LJ,70.0,0.0,199.0,32.0,10.0,70.0,B
368058330,2019-05-08T23:23:08,39.25821,-75.33625,3.5,-88.8,511.0,PURPLE  HAYS,,WDC9127,52.0,0.0,24.0,8.0,3.0,52.0,B
538004030,2019-05-08T23:23:14,38.92674,-75.15921,0.1,-82.3,357.0,FRIO,IMO9596985,V7UU3,80.0,1.0,274.0,48.0,17.1,89.0,A
311073800,2019-05-08T23:25:28,38.9845,-75.21417,0.6,202.2,0.0,EURO,IMO9567702,C6AA5,84.0,0.0,274.0,48.0,-11.5,84.0,B
369235000,2019-05-08T23:25:03,38.92804,-75.14581,0.1,-116.2,38.0,OSG VISION,IMO9436537,WDF2493,31.0,0.0,46.0,15.0,6.5,57.0,B
371361000,2019-05-08T23:25:58,38.89652,-75.13642,7.5,-71.6,340.0,PACIFIC DAWN,IMO9307140,3ECJ9,80.0,0.0,238.0,42.0,14.8,80.0,B
303104000,2019-05-08T23:23:39,39.46548,-75.56084,12.3,-54.9,353.0,SEABULK CHALLENGE,IMO7816551,KNJL,80.0,0.0,191.0,32.0,13.2,,B
369235000,2019-05-08T23:26:12,38.9281,-75.1459,0.2,-120.9,40.0,OSG VISION,IMO9436537,WDF2493,31.0,0.0,46.0,15.0,6.5,57.0,B
368058330,2019-05-08T23:24:18,39.25909,-75.3372,3.5,-92.9,511.0,PURPLE  HAYS,,WDC9127,52.0,0.0,24.0,8.0,3.0,52.0,B
303104000,2019-05-08T23:24:40,39.46887,-75.56128,12.3,-55.2,354.0,SEABULK CHALLENGE,IMO7816551,KNJL,80.0,0.0,191.0,32.0,13.2,,B
311073800,2019-05-08T23:26:39,38.98442,-75.21435,0.5,-115.7,10.0,EURO,IMO9567702,C6AA5,84.0,0.0,274.0,48.0,-11.5,84.0,B
338447000,2019-05-08T23:26:22,39.09374,-75.19258,9.4,-84.5,323.0,OSG HORIZON,IMO9436549,WDF6180,31.0,0.0,46.0,15.0,6.5,57.0,B
311000546,2019-05-08T23:24:48,38.91166,-75.1471,0.1,-104.0,358.0,,,,,1.0,,,,,A
368058330,2019-05-08T23:26:39,39.26067,-75.33918,3.3,-91.8,511.0,PURPLE  HAYS,,WDC9127,52.0,0.0,24.0,8.0,3.0,52.0,B
240463000,2019-05-08T23:25:05,38.94037,-75.17057,0.1,175.0,346.0,BOUBOULINA,IMO9298753,SZIS,80.0,1.0,274.0,50.0,17.0,80.0,A
357092000,2019-05-08T23:25:33,38.86677,-75.11362,0.2,-173.7,33.0,LAVIEEN ROSE,IMO9700562,3FKN,70.0,1.0,179.0,28.0,10.1,,A
370299000,2019-05-08T23:25:34,39.25093,-75.3234,13.4,-90.6,320.0,MORNING CAMILLA,IMO9477919,H3LJ,70.0,0.0,199.0,32.0,10.0,70.0,B
303104000,2019-05-08T23:25:49,39.47279,-75.56183,12.1,-56.1,354.0,SEABULK CHALLENGE,IMO7816551,KNJL,80.0,0.0,191.0,32.0,13.2,,B
538004030,2019-05-08T23:26:17,38.9268,-75.15933,0.1,-111.2,0.0,FRIO,IMO9596985,V7UU3,80.0,1.0,274.0,48.0,17.1,89.0,A
367120230,2019-05-08T23:25:30,38.92834,-75.14774,0.4,-125.0,511.0,SONIE,IMO9373723,WDD2812,31.0,0.0,24.0,9.0,4.0,52.0,B
357092000,2019-05-08T23:28:33,38.86669,-75.11383,0.2,-157.4,32.0,LAVIEEN ROSE,IMO9700562,3FKN,70.0,1.0,179.0,28.0,10.1,,A
370299000,2019-05-08T23:26:43,39.25417,-75.32692,13.4,-90.6,320.0,MORNING CAMILLA,IMO9477919,H3LJ,70.0,0.0,199.0,32.0,10.0,70.0,B
368058330,2019-05-08T23:28:39,39.26207,-75.34076,3.3,-91.4,511.0,PURPLE  HAYS,,WDC9127,52.0,0.0,24.0,8.0,3.0,52.0,B
367120230,2019-05-08T23:26:41,38.92841,-75.14786,0.3,-107.9,511.0,SONIE,IMO9373723,WDD2812,31.0,0.0,24.0,9.0,4.0,52.0,B
370299000,2019-05-08T23:29:44,39.26268,-75.33678,13.5,-92.6,318.0,MORNING CAMILLA,IMO9477919,H3LJ,70.0,0.0,199.0,32.0,10.0,70.0,B
311073800,2019-05-08T23:29:17,38.98515,-75.21452,1.4,8.4,36.0,EURO,IMO9567702,C6AA5,84.0,0.0,274.0,48.0,-11.5,84.0,B
303104000,2019-05-08T23:27:59,39.48007,-75.56304,11.9,-53.5,1.0,SEABULK CHALLENGE,IMO7816551,KNJL,80.0,0.0,191.0,32.0,13.2,,B
368058330,2019-05-08T23:29:57,39.26297,-75.3418,3.3,-88.6,511.0,PURPLE  HAYS,,WDC9127,52.0,0.0,24.0,8.0,3.0,52.0,B
338447000,2019-05-08T23:27:32,39.09623,-75.19487,9.5,-83.7,325.0,OSG HORIZON,IMO9436549,WDF6180,31.0,0.0,46.0,15.0,6.5,57.0,B
538006702,2019-05-08T23:27:32,38.96449,-75.19678,0.1,-139.1,359.0,NAMSEN,IMO9761528,V7QJ6,80.0,1.0,,,,,A
367120230,2019-05-08T23:27:51,38.92847,-75.14802,0.5,-146.2,511.0,SONIE,IMO9373723,WDD2812,31.0,0.0,24.0,9.0,4.0,52.0,B
311000546,2019-05-08T23:27:48,38.91174,-75.14725,0.0,-108.7,1.0,,,,,1.0,,,,,A
240463000,2019-05-08T23:28:03,38.94025,-75.17057,0.0,186.0,346.0,BOUBOULINA,IMO9298753,SZIS,80.0,1.0,274.0,50.0,17.0,80.0,A
311073800,2019-05-08T23:30:39,38.98588,-75.2142,2.0,27.6,52.0,EURO,IMO9567702,C6AA5,84.0,0.0,274.0,48.0,-11.5,84.0,B
371361000,2019-05-08T23:28:20,38.9011,-75.13868,7.5,-71.6,339.0,PACIFIC DAWN,IMO9307140,3ECJ9,80.0,0.0,238.0,42.0,14.8,80.0,B
371361000,2019-05-08T23:30:48,38.90578,-75.1409,7.1,-71.6,340.0,PACIFIC DAWN,IMO9307140,3ECJ9,80.0,0.0,238.0,42.0,14.8,80.0,B
369235000,2019-05-08T23:28:43,38.92818,-75.14611,0.0,-101.5,42.0,OSG VISION,IMO9436537,WDF2493,31.0,1.0,46.0,15.0,6.5,57.0,A
311000546,2019-05-08T23:30:48,38.91177,-75.14745,0.0,-119.2,4.0,,,,,1.0,,,,,A
338447000,2019-05-08T23:28:42,39.09874,-75.19708,9.5,-86.1,322.0,OSG HORIZON,IMO9436549,WDF6180,31.0,0.0,46.0,15.0,6.5,57.0,B
357092000,2019-05-08T23:31:33,38.86666,-75.11407,0.2,-133.3,35.0,LAVIEEN ROSE,IMO9700562,3FKN,70.0,1.0,179.0,28.0,10.1,,A
368058330,2019-05-08T23:31:18,39.26397,-75.34265,3.2,-83.8,511.0,PURPLE  HAYS,,WDC9127,52.0,0.0,24.0,8.0,3.0,52.0,B
303104000,2019-05-08T23:29:09,39.48395,-75.5626,12.2,7.6,7.0,SEABULK CHALLENGE,IMO7816551,KNJL,80.0,0.0,191.0,32.0,13.2,,B
371361000,2019-05-08T23:27:08,38.89878,-75.1375,7.5,-70.6,339.0,PACIFIC DAWN,IMO9307140,3ECJ9,80.0,0.0,238.0,42.0,14.8,80.0,B
370299000,2019-05-08T23:31:44,39.26823,-75.34325,13.4,-92.6,318.0,MORNING CAMILLA,IMO9477919,H3LJ,70.0,0.0,199.0,32.0,10.0,70.0,B
338447000,2019-05-08T23:29:50,39.1012,-75.19941,9.5,-84.0,324.0,OSG HORIZON,IMO9436549,WDF6180,31.0,0.0,46.0,15.0,6.5,57.0,B
311073800,2019-05-08T23:32:17,38.98682,-75.2132,2.9,47.5,77.0,EURO,IMO9567702,C6AA5,84.0,0.0,274.0,48.0,-11.5,84.0,B
538004030,2019-05-08T23:29:14,38.92685,-75.15946,0.1,-87.2,1.0,FRIO,IMO9596985,V7UU3,80.0,1.0,274.0,48.0,17.1,89.0,A
303104000,2019-05-08T23:33:08,39.49678,-75.55881,12.0,15.5,16.0,SEABULK CHALLENGE,IMO7816551,KNJL,80.0,0.0,191.0,32.0,13.2,,B
538006702,2019-05-08T23:30:30,38.96446,-75.19698,0.2,-135.7,3.0,NAMSEN,IMO9761528,V7QJ6,80.0,1.0,,,,,A
367120230,2019-05-08T23:30:32,38.92891,-75.14836,1.1,-58.7,511.0,SONIE,IMO9373723,WDD2812,31.0,0.0,24.0,9.0,4.0,52.0,B
338447000,2019-05-08T23:31:01,39.1037,-75.20174,9.5,-86.4,323.0,OSG HORIZON,IMO9436549,WDF6180,31.0,0.0,46.0,15.0,6.5,57.0,B
240463000,2019-05-08T23:31:04,38.94015,-75.17062,0.0,186.0,346.0,BOUBOULINA,IMO9298753,SZIS,80.0,1.0,274.0,50.0,17.0,80.0,A
538006702,2019-05-08T23:33:34,38.96449,-75.19721,0.2,-132.1,7.0,NAMSEN,IMO9761528,V7QJ6,80.0,1.0,,,,,A
370299000,2019-05-08T23:33:33,39.2732,-75.34903,13.3,-92.6,318.0,MORNING CAMILLA,IMO9477919,H3LJ,70.0,0.0,199.0,32.0,10.0,70.0,B
311073800,2019-05-08T23:34:05,38.98769,-75.2109,3.5,80.9,115.0,EURO,IMO9567702,C6AA5,84.0,0.0,274.0,48.0,-11.5,84.0,A
367120230,2019-05-08T23:31:41,38.92912,-75.14845,0.6,-106.6,511.0,SONIE,IMO9373723,WDD2812,31.0,0.0,24.0,9.0,4.0,52.0,B
371361000,2019-05-08T23:31:58,38.9079,-75.14197,6.8,-70.6,341.0,PACIFIC DAWN,IMO9307140,3ECJ9,80.0,0.0,238.0,42.0,14.8,80.0,B
369235000,2019-05-08T23:31:43,38.9283,-75.14641,0.2,-116.0,47.0,OSG VISION,IMO9436537,WDF2493,31.0,1.0,46.0,15.0,6.5,57.0,A
367120230,2019-05-08T23:29:01,38.92853,-75.14822,0.6,-108.1,511.0,SONIE,IMO9373723,WDD2812,31.0,0.0,24.0,9.0,4.0,52.0,B
338447000,2019-05-08T23:32:11,39.10625,-75.20404,9.5,-84.0,323.0,OSG HORIZON,IMO9436549,WDF6180,31.0,0.0,46.0,15.0,6.5,57.0,B
538004030,2019-05-08T23:32:15,38.92688,-75.15958,0.1,-116.8,3.0,FRIO,IMO9596985,V7UU3,80.0,1.0,274.0,48.0,17.1,89.0,A
368058330,2019-05-08T23:32:28,39.26483,-75.34349,3.3,-90.9,511.0,PURPLE  HAYS,,WDC9127,52.0,0.0,24.0,8.0,3.0,52.0,B
371361000,2019-05-08T23:33:08,38.90998,-75.14293,6.8,-70.6,340.0,PACIFIC DAWN,IMO9307140,3ECJ9,80.0,0.0,238.0,42.0,14.8,80.0,B
303104000,2019-05-08T23:30:19,39.48773,-75.56193,11.7,14.1,15.0,SEABULK CHALLENGE,IMO7816551,KNJL,80.0,0.0,191.0,32.0,13.2,,B
240463000,2019-05-08T23:34:05,38.94017,-75.17073,0.0,-116.6,347.0,BOUBOULINA,IMO9298753,SZIS,80.0,1.0,274.0,50.0,17.0,80.0,A
357092000,2019-05-08T23:34:33,38.86669,-75.11429,0.2,-107.0,40.0,LAVIEEN ROSE,IMO9700562,3FKN,70.0,1.0,179.0,28.0,10.1,,A
370299000,2019-05-08T23:34:44,39.27648,-75.35287,13.2,-92.6,318.0,MORNING CAMILLA,IMO9477919,H3LJ,70.0,0.0,199.0,32.0,10.0,70.0,B
311000546,2019-05-08T23:33:48,38.91184,-75.14766,0.1,-129.0,7.0,,,,,1.0,,,,,A
338447000,2019-05-08T23:35:21,39.11309,-75.21047,9.6,-86.6,324.0,OSG HORIZON,IMO9436549,WDF6180,31.0,0.0,46.0,15.0,6.5,57.0,B
311073800,2019-05-08T23:35:21,38.98748,-75.20892,3.7,111.4,145.0,EURO,IMO9567702,C6AA5,84.0,0.0,274.0,48.0,-11.5,84.0,A
367120230,2019-05-08T23:34:32,38.9294,-75.14868,0.6,-125.4,511.0,SONIE,IMO9373723,WDD2812,31.0,0.0,24.0,9.0,4.0,52.0,B
371361000,2019-05-08T23:35:48,38.9144,-75.14552,6.4,-79.6,331.0,PACIFIC DAWN,IMO9307140,3ECJ9,80.0,0.0,238.0,42.0,14.8,80.0,B
370299000,2019-05-08T23:35:54,39.27952,-75.35648,13.1,-92.6,318.0,MORNING CAMILLA,IMO9477919,H3LJ,70.0,0.0,199.0,32.0,10.0,70.0,B
303104000,2019-05-08T23:36:08,39.50668,-75.55532,12.3,14.7,16.0,SEABULK CHALLENGE,IMO7816551,KNJL,80.0,0.0,191.0,32.0,13.2,,B
368058330,2019-05-08T23:36:08,39.26741,-75.34638,3.3,-82.3,511.0,PURPLE  HAYS,,WDC9127,52.0,0.0,24.0,8.0,3.0,52.0,B
369235000,2019-05-08T23:34:43,38.92852,-75.14665,0.3,-80.1,53.0,OSG VISION,IMO9436537,WDF2493,31.0,1.0,46.0,15.0,6.5,57.0,A
357092000,2019-05-08T23:37:33,38.86682,-75.11445,0.2,-79.1,46.0,LAVIEEN ROSE,IMO9700562,3FKN,70.0,1.0,179.0,28.0,10.1,,A
371361000,2019-05-08T23:37:49,38.91743,-75.14778,6.1,-81.6,330.0,PACIFIC DAWN,IMO9307140,3ECJ9,80.0,0.0,238.0,42.0,14.8,80.0,B
538004030,2019-05-08T23:35:16,38.92691,-75.1597,0.1,-121.4,4.0,FRIO,IMO9596985,V7UU3,80.0,1.0,274.0,48.0,17.1,89.0,A
303104000,2019-05-08T23:38:08,39.51318,-75.55291,11.9,16.2,16.0,SEABULK CHALLENGE,IMO7816551,KNJL,80.0,0.0,191.0,32.0,13.2,,B
367120230,2019-05-08T23:35:52,38.92953,-75.14881,0.6,-77.2,511.0,SONIE,IMO9373723,WDD2812,31.0,0.0,24.0,9.0,4.0,52.0,B
338447000,2019-05-08T23:36:31,39.11561,-75.21286,9.6,-86.9,322.0,OSG HORIZON,IMO9436549,WDF6180,31.0,0.0,46.0,15.0,6.5,57.0,B
303104000,2019-05-08T23:39:18,39.51693,-75.55152,11.3,16.6,16.0,SEABULK CHALLENGE,IMO7816551,KNJL,80.0,0.0,191.0,32.0,13.2,,B
311073800,2019-05-08T23:36:25,38.98669,-75.20758,3.9,143.8,166.0,EURO,IMO9567702,C6AA5,84.0,0.0,274.0,48.0,-11.5,84.0,A
538006702,2019-05-08T23:36:31,38.96453,-75.19746,0.2,-130.4,11.0,NAMSEN,IMO9761528,V7QJ6,80.0,1.0,,,,,A
311000546,2019-05-08T23:36:48,38.91183,-75.14788,0.0,-115.7,11.0,,,,,1.0,,,,,A
240463000,2019-05-08T23:37:03,38.94022,-75.17088,0.1,-113.6,350.0,BOUBOULINA,IMO9298753,SZIS,80.0,1.0,274.0,50.0,17.0,80.0,A
368058330,2019-05-08T23:39:58,39.27051,-75.34895,3.5,-74.1,511.0,PURPLE  HAYS,,WDC9127,52.0,0.0,24.0,8.0,3.0,52.0,B
370299000,2019-05-08T23:37:33,39.28402,-75.36178,13.1,-92.6,318.0,MORNING CAMILLA,IMO9477919,H3LJ,70.0,0.0,199.0,32.0,10.0,70.0,B
367120230,2019-05-08T23:37:02,38.92971,-75.14887,0.4,8.3,511.0,SONIE,IMO9373723,WDD2812,31.0,0.0,24.0,9.0,4.0,52.0,B
370299000,2019-05-08T23:40:23,39.29177,-75.37088,13.1,-91.6,318.0,MORNING CAMILLA,IMO9477919,H3LJ,70.0,0.0,199.0,32.0,10.0,70.0,B
371361000,2019-05-08T23:39:58,38.92058,-75.14997,5.6,-79.6,330.0,PACIFIC DAWN,IMO9307140,3ECJ9,80.0,0.0,238.0,42.0,14.8,80.0,B
311073800,2019-05-08T23:40:17,38.98099,-75.20625,6.5,175.8,175.0,EURO,IMO9567702,C6AA5,84.0,0.0,274.0,48.0,-11.5,84.0,B
338447000,2019-05-08T23:37:41,39.11813,-75.21532,9.7,-86.7,324.0,OSG HORIZON,IMO9436549,WDF6180,31.0,0.0,46.0,15.0,6.5,57.0,B
338447000,2019-05-08T23:40:41,39.12477,-75.22134,9.8,-83.6,324.0,OSG HORIZON,IMO9436549,WDF6180,31.0,0.0,46.0,15.0,6.5,57.0,B
369235000,2019-05-08T23:37:43,38.92876,-75.14683,0.3,-68.3,61.0,OSG VISION,IMO9436537,WDF2493,31.0,1.0,46.0,15.0,6.5,57.0,A
367120230,2019-05-08T23:38:22,38.92984,-75.14873,0.4,55.6,511.0,SONIE,IMO9373723,WDD2812,31.0,0.0,24.0,9.0,4.0,52.0,B
370299000,2019-05-08T23:38:44,39.28725,-75.3656,13.1,-92.6,318.0,MORNING CAMILLA,IMO9477919,H3LJ,70.0,0.0,199.0,32.0,10.0,70.0,B
538004030,2019-05-08T23:38:15,38.92691,-75.15985,0.1,-117.2,6.0,FRIO,IMO9596985,V7UU3,80.0,1.0,274.0,48.0,17.1,89.0,A
368058330,2019-05-08T23:42:08,39.27237,-75.35019,3.5,-75.4,511.0,PURPLE  HAYS,,WDC9127,52.0,0.0,24.0,8.0,3.0,52.0,B
367120230,2019-05-08T23:42:32,38.92958,-75.1483,0.6,-151.9,511.0,SONIE,IMO9373723,WDD2812,31.0,0.0,24.0,9.0,4.0,52.0,B
538006702,2019-05-08T23:39:35,38.96453,-75.19781,0.2,-127.4,16.0,NAMSEN,IMO9761528,V7QJ6,80.0,1.0,,,,,A
311000546,2019-05-08T23:39:48,38.9119,-75.14812,0.0,-117.1,15.0,,,,,1.0,,,,,A
240463000,2019-05-08T23:40:06,38.9403,-75.17105,0.1,-120.6,354.0,BOUBOULINA,IMO9298753,SZIS,80.0,1.0,274.0,50.0,17.0,80.0,A
311000546,2019-05-08T23:42:48,38.91192,-75.14842,0.1,-126.4,20.0,,,,,1.0,,,,,A
369235000,2019-05-08T23:40:43,38.92906,-75.14689,0.3,1.7,70.0,OSG VISION,IMO9436537,WDF2493,31.0,1.0,46.0,15.0,6.5,57.0,A
368058330,2019-05-08T23:44:08,39.27403,-75.35154,3.6,-87.9,511.0,PURPLE  HAYS,,WDC9127,52.0,0.0,24.0,8.0,3.0,52.0,B
538004030,2019-05-08T23:44:15,38.92697,-75.16024,0.1,-135.0,9.0,FRIO,IMO9596985,V7UU3,80.0,1.0,274.0,48.0,17.1,89.0,A
371361000,2019-05-08T23:41:09,38.9222,-75.15122,5.8,-80.6,331.0,PACIFIC DAWN,IMO9307140,3ECJ9,80.0,0.0,238.0,42.0,14.8,80.0,B
370299000,2019-05-08T23:44:23,39.30235,-75.38342,13.1,-93.6,318.0,MORNING CAMILLA,IMO9477919,H3LJ,70.0,0.0,199.0,32.0,10.0,70.0,B
367120230,2019-05-08T23:44:32,38.92959,-75.14887,0.9,-123.2,511.0,SONIE,IMO9373723,WDD2812,31.0,0.0,24.0,9.0,4.0,52.0,B
311073800,2019-05-08T23:43:58,38.9734,-75.20583,8.0,179.8,178.0,EURO,IMO9567702,C6AA5,84.0,0.0,274.0,48.0,-11.5,84.0,B
371361000,2019-05-08T23:42:19,38.92383,-75.15248,5.7,-82.6,331.0,PACIFIC DAWN,IMO9307140,3ECJ9,80.0,0.0,238.0,42.0,14.8,80.0,B
311073800,2019-05-08T23:46:17,38.96812,-75.20536,7.8,163.0,151.0,EURO,IMO9567702,C6AA5,84.0,0.0,274.0,48.0,-11.5,84.0,B
338447000,2019-05-08T23:42:41,39.12923,-75.22526,9.7,-85.8,324.0,OSG HORIZON,IMO9436549,WDF6180,31.0,0.0,46.0,15.0,6.5,57.0,B
367120230,2019-05-08T23:46:20,38.92971,-75.14925,0.4,-133.5,511.0,SONIE,IMO9373723,WDD2812,31.0,0.0,24.0,9.0,4.0,52.0,B
240463000,2019-05-08T23:43:04,38.94033,-75.17122,0.1,-134.6,355.0,BOUBOULINA,IMO9298753,SZIS,80.0,1.0,274.0,50.0,17.0,80.0,A
371361000,2019-05-08T23:43:29,38.9254,-75.15365,5.5,-79.6,331.0,PACIFIC DAWN,IMO9307140,3ECJ9,80.0,0.0,238.0,42.0,14.8,80.0,B
338447000,2019-05-08T23:43:51,39.13187,-75.2275,9.7,-81.7,325.0,OSG HORIZON,IMO9436549,WDF6180,31.0,0.0,46.0,15.0,6.5,57.0,B
357092000,2019-05-08T23:43:33,38.86707,-75.11464,0.2,-80.7,54.0,LAVIEEN ROSE,IMO9700562,3FKN,70.0,1.0,179.0,28.0,10.1,,A
369235000,2019-05-08T23:43:43,38.92928,-75.14697,0.3,-64.2,78.0,OSG VISION,IMO9436537,WDF2493,31.0,1.0,46.0,15.0,6.5,57.0,A
311073800,2019-05-08T23:45:08,38.97072,-75.20591,8.0,178.2,165.0,EURO,IMO9567702,C6AA5,84.0,0.0,274.0,48.0,-11.5,84.0,B
538006702,2019-05-08T23:45:36,38.96469,-75.19845,0.3,-121.9,27.0,NAMSEN,IMO9761528,V7QJ6,80.0,1.0,,,,,A
338447000,2019-05-08T23:45:00,39.13441,-75.22976,9.7,-85.8,323.0,OSG HORIZON,IMO9436549,WDF6180,31.0,0.0,46.0,15.0,6.5,57.0,B
240463000,2019-05-08T23:46:05,38.94028,-75.17138,0.1,-148.6,355.0,BOUBOULINA,IMO9298753,SZIS,80.0,1.0,274.0,50.0,17.0,80.0,A
370299000,2019-05-08T23:46:44,39.30862,-75.39088,13.1,-92.6,318.0,MORNING CAMILLA,IMO9477919,H3LJ,70.0,0.0,199.0,32.0,10.0,70.0,B
371361000,2019-05-08T23:47:29,38.93055,-75.15775,5.3,-81.6,329.0,PACIFIC DAWN,IMO9307140,3ECJ9,80.0,0.0,238.0,42.0,14.8,80.0,B
311073800,2019-05-08T23:47:58,38.9648,-75.20335,7.9,150.8,148.0,EURO,IMO9567702,C6AA5,84.0,0.0,274.0,48.0,-11.5,84.0,B
368058330,2019-05-08T23:46:48,39.27627,-75.3535,3.7,-93.3,511.0,PURPLE  HAYS,,WDC9127,52.0,0.0,24.0,8.0,3.0,52.0,B
370299000,2019-05-08T23:48:03,39.31225,-75.39512,13.2,-91.6,319.0,MORNING CAMILLA,IMO9477919,H3LJ,70.0,0.0,199.0,32.0,10.0,70.0,B
369235000,2019-05-08T23:48:19,38.92958,-75.14693,0.0,10.5,88.0,OSG VISION,IMO9436537,WDF2493,31.0,0.0,46.0,15.0,6.5,57.0,A
368058330,2019-05-08T23:48:48,39.27763,-75.35553,3.7,-92.9,511.0,PURPLE  HAYS,,WDC9127,52.0,0.0,24.0,8.0,3.0,52.0,B
371361000,2019-05-08T23:48:49,38.93217,-75.15905,4.9,-82.6,328.0,PACIFIC DAWN,IMO9307140,3ECJ9,80.0,0.0,238.0,42.0,14.8,80.0,B
369235000,2019-05-08T23:49:49,38.92967,-75.14686,0.4,40.3,92.0,OSG VISION,IMO9436537,WDF2493,31.0,0.0,46.0,15.0,6.5,57.0,B
311073800,2019-05-08T23:50:08,38.96062,-75.2001,8.1,146.0,141.0,EURO,IMO9567702,C6AA5,84.0,0.0,274.0,48.0,-11.5,84.0,B
311000546,2019-05-08T23:48:48,38.91206,-75.14912,0.4,-122.3,32.0,,,,,1.0,,,,,A
338447000,2019-05-08T23:49:11,39.14367,-75.23833,9.9,-85.5,324.0,OSG HORIZON,IMO9436549,WDF6180,31.0,0.0,46.0,15.0,6.5,57.0,B
357092000,2019-05-08T23:49:33,38.86743,-75.11487,0.3,-71.0,67.0,LAVIEEN ROSE,IMO9700562,3FKN,70.0,1.0,179.0,28.0,10.1,,A
338447000,2019-05-08T23:50:40,39.14697,-75.24137,9.9,-85.5,323.0,OSG HORIZON,IMO9436549,WDF6180,31.0,0.0,46.0,15.0,6.5,57.0,B
370299000,2019-05-08T23:50:03,39.3178,-75.4014,13.3,-91.6,319.0,MORNING CAMILLA,IMO9477919,H3LJ,70.0,0.0,199.0,32.0,10.0,70.0,B
367120230,2019-05-08T23:47:32,38.92989,-75.14933,0.4,23.0,511.0,SONIE,IMO9373723,WDD2812,31.0,0.0,24.0,9.0,4.0,52.0,B
371361000,2019-05-08T23:50:58,38.93462,-75.16103,4.7,-81.6,329.0,PACIFIC DAWN,IMO9307140,3ECJ9,80.0,0.0,238.0,42.0,14.8,80.0,B
369235000,2019-05-08T23:50:59,38.92976,-75.14666,0.4,72.8,94.0,OSG VISION,IMO9436537,WDF2493,31.0,0.0,46.0,15.0,6.5,57.0,B
366914210,2019-05-08T23:51:21,38.78567,-75.11757,7.8,31.0,35.0,DELAWARE,IMO8990304,WYU8553,60.0,0.0,91.0,20.0,,,B
538004030,2019-05-08T23:50:17,38.927,-75.16069,0.1,-123.8,15.0,FRIO,IMO9596985,V7UU3,80.0,1.0,274.0,48.0,17.1,89.0,A
368058330,2019-05-08T23:51:27,39.27978,-75.35785,3.8,-88.8,511.0,PURPLE  HAYS,,WDC9127,52.0,0.0,24.0,8.0,3.0,52.0,B
338447000,2019-05-08T23:52:01,39.14999,-75.2442,9.9,-84.9,324.0,OSG HORIZON,IMO9436549,WDF6180,31.0,0.0,46.0,15.0,6.5,57.0,B
311000546,2019-05-08T23:51:48,38.91216,-75.14952,0.2,-116.2,39.0,,,,,1.0,,,,,A
538006702,2019-05-08T23:48:30,38.96481,-75.1988,0.4,-117.4,34.0,NAMSEN,IMO9761528,V7QJ6,80.0,1.0,,,,,A
357092000,2019-05-08T23:52:33,38.86762,-75.11496,0.3,-73.8,77.0,LAVIEEN ROSE,IMO9700562,3FKN,70.0,1.0,179.0,28.0,10.1,,A
367120230,2019-05-08T23:48:42,38.93005,-75.14911,0.0,-61.3,511.0,SONIE,IMO9373723,WDD2812,31.0,0.0,24.0,9.0,4.0,52.0,B
311073800,2019-05-08T23:51:49,38.95753,-75.1971,8.3,141.8,140.0,EURO,IMO9567702,C6AA5,84.0,0.0,274.0,48.0,-11.5,84.0,B
371361000,2019-05-08T23:52:48,38.93657,-75.16258,4.3,-80.6,326.0,PACIFIC DAWN,IMO9307140,3ECJ9,80.0,0.0,238.0,42.0,14.8,80.0,B
369235000,2019-05-08T23:52:49,38.92978,-75.14644,0.3,98.3,95.0,OSG VISION,IMO9436537,WDF2493,31.0,0.0,46.0,15.0,6.5,57.0,B
311073800,2019-05-08T23:52:57,38.95546,-75.19494,8.5,141.2,140.0,EURO,IMO9567702,C6AA5,84.0,0.0,274.0,48.0,-11.5,84.0,B
366914210,2019-05-08T23:52:58,38.78923,-75.11696,8.8,-65.8,344.0,DELAWARE,IMO8990304,WYU8553,60.0,0.0,91.0,20.0,,,A
370299000,2019-05-08T23:53:03,39.32612,-75.41075,13.3,-91.6,319.0,MORNING CAMILLA,IMO9477919,H3LJ,70.0,0.0,199.0,32.0,10.0,70.0,B
240463000,2019-05-08T23:49:05,38.94027,-75.17155,0.1,-148.6,356.0,BOUBOULINA,IMO9298753,SZIS,80.0,1.0,274.0,50.0,17.0,80.0,A
367120230,2019-05-08T23:49:51,38.93015,-75.1493,0.7,-69.6,511.0,SONIE,IMO9373723,WDD2812,31.0,0.0,24.0,9.0,4.0,52.0,B
370299000,2019-05-08T23:54:34,39.3304,-75.41555,13.3,-90.6,319.0,MORNING CAMILLA,IMO9477919,H3LJ,70.0,0.0,199.0,32.0,10.0,70.0,B
367120230,2019-05-08T23:51:02,38.93026,-75.14943,0.6,-108.7,511.0,SONIE,IMO9373723,WDD2812,31.0,0.0,24.0,9.0,4.0,52.0,B
311000546,2019-05-08T23:54:48,38.91234,-75.14996,0.1,-113.4,47.0,,,,,1.0,,,,,A
369235000,2019-05-08T23:53:59,38.92981,-75.14632,0.0,49.2,91.0,OSG VISION,IMO9436537,WDF2493,31.0,0.0,46.0,15.0,6.5,57.0,B
338447000,2019-05-08T23:54:01,39.15449,-75.24834,10.0,-85.3,323.0,OSG HORIZON,IMO9436549,WDF6180,31.0,0.0,46.0,15.0,6.5,57.0,B
240463000,2019-05-08T23:55:03,38.94012,-75.17203,0.1,-165.6,359.0,BOUBOULINA,IMO9298753,SZIS,80.0,1.0,274.0,50.0,17.0,80.0,A
311073800,2019-05-08T23:54:08,38.95325,-75.19265,8.7,140.3,140.0,EURO,IMO9567702,C6AA5,84.0,0.0,274.0,48.0,-11.5,84.0,B
370299000,2019-05-08T23:55:43,39.33358,-75.41908,13.3,-90.6,319.0,MORNING CAMILLA,IMO9477919,H3LJ,70.0,0.0,199.0,32.0,10.0,70.0,B
311073800,2019-05-08T23:55:57,38.9498,-75.18902,8.8,142.9,143.0,EURO,IMO9567702,C6AA5,84.0,0.0,274.0,48.0,-11.5,84.0,B
369235000,2019-05-08T23:55:09,38.92984,-75.14626,0.1,23.1,88.0,OSG VISION,IMO9436537,WDF2493,31.0,0.0,46.0,15.0,6.5,57.0,B
249208000,2019-05-08T23:56:19,39.51696,-75.55153,17.0,195.4,195.0,JS INEOS INSPIRATION,IMO9685451,9HA4150,80.0,0.0,180.0,,,,B
357092000,2019-05-08T23:55:33,38.8678,-75.11505,0.3,-65.0,85.0,LAVIEEN ROSE,IMO9700562,3FKN,70.0,1.0,179.0,28.0,10.1,,A
367120230,2019-05-08T23:52:12,38.9303,-75.14955,0.2,203.8,511.0,SONIE,IMO9373723,WDD2812,31.0,0.0,24.0,9.0,4.0,52.0,B
538006702,2019-05-08T23:51:38,38.96494,-75.19931,0.4,-114.0,42.0,NAMSEN,IMO9761528,V7QJ6,80.0,1.0,,,,,A
368058330,2019-05-08T23:52:38,39.28079,-75.35876,3.8,-82.4,511.0,PURPLE  HAYS,,WDC9127,52.0,0.0,24.0,8.0,3.0,52.0,B
367120230,2019-05-08T23:57:02,38.93046,-75.14873,1.1,99.1,511.0,SONIE,IMO9373723,WDD2812,31.0,0.0,24.0,9.0,4.0,52.0,B
369235000,2019-05-08T23:56:19,38.92992,-75.14634,0.4,-114.8,88.0,OSG VISION,IMO9436537,WDF2493,31.0,0.0,46.0,15.0,6.5,57.0,B
311073800,2019-05-08T23:57:08,38.94749,-75.1868,8.9,143.8,143.0,EURO,IMO9567702,C6AA5,84.0,0.0,274.0,48.0,-11.5,84.0,B
368058330,2019-05-08T23:57:28,39.28453,-75.36293,3.7,-87.8,511.0,PURPLE  HAYS,,WDC9127,52.0,0.0,24.0,8.0,3.0,52.0,B
249208000,2019-05-08T23:57:25,39.51194,-75.5533,17.0,195.8,195.0,JS INEOS INSPIRATION,IMO9685451,9HA4150,80.0,0.0,180.0,,,,B
538006702,2019-05-08T23:57:37,38.96538,-75.20011,0.4,-94.9,58.0,NAMSEN,IMO9761528,V7QJ6,80.0,1.0,,,,,A
369235000,2019-05-08T23:57:59,38.92991,-75.14648,0.2,172.3,75.0,OSG VISION,IMO9436537,WDF2493,31.0,0.0,46.0,15.0,6.5,57.0,B
371361000,2019-05-08T23:55:39,38.93935,-75.16497,4.1,-84.6,325.0,PACIFIC DAWN,IMO9307140,3ECJ9,80.0,0.0,238.0,42.0,14.8,80.0,B
371361000,2019-05-08T23:58:08,38.94162,-75.16695,3.8,-81.6,324.0,PACIFIC DAWN,IMO9307140,3ECJ9,80.0,0.0,238.0,42.0,14.8,80.0,B
366914210,2019-05-08T23:57:28,38.80054,-75.11954,12.1,-51.5,11.0,DELAWARE,IMO8990304,WYU8553,60.0,0.0,91.0,20.0,,,A
366914210,2019-05-08T23:58:31,38.80366,-75.11876,11.1,14.9,21.0,DELAWARE,IMO8990304,WYU8553,60.0,0.0,91.0,20.0,,,B
311000546,2019-05-08T23:57:48,38.91259,-75.15043,0.2,-112.0,57.0,,,,,1.0,,,,,A
338447000,2019-05-08T23:55:12,39.15713,-75.2509,10.0,-85.3,324.0,OSG HORIZON,IMO9436549,WDF6180,31.0,0.0,46.0,15.0,6.5,57.0,B
371361000,2019-05-08T23:56:48,38.94043,-75.16587,3.9,-85.6,325.0,PACIFIC DAWN,IMO9307140,3ECJ9,80.0,0.0,238.0,42.0,14.8,80.0,B
338447000,2019-05-08T23:56:21,39.15973,-75.25329,10.0,-86.1,323.0,OSG HORIZON,IMO9436549,WDF6180,31.0,0.0,46.0,15.0,6.5,57.0,B
538004030,2019-05-08T23:53:16,38.92703,-75.161,0.1,-135.0,20.0,FRIO,IMO9596985,V7UU3,80.0,1.0,274.0,48.0,17.1,89.0,A
338447000,2019-05-08T23:57:31,39.16235,-75.25571,10.0,-83.1,325.0,OSG HORIZON,IMO9436549,WDF6180,31.0,0.0,46.0,15.0,6.5,57.0,B
370299000,2019-05-08T23:56:54,39.33695,-75.42285,13.3,-90.6,319.0,MORNING CAMILLA,IMO9477919,H3LJ,70.0,0.0,199.0,32.0,10.0,70.0,B
370299000,2019-05-08T23:58:03,39.34015,-75.42642,13.4,-90.6,319.0,MORNING CAMILLA,IMO9477919,H3LJ,70.0,0.0,199.0,32.0,10.0,70.0,B
240463000,2019-05-08T23:58:06,38.94,-75.17235,0.1,-164.6,3.0,BOUBOULINA,IMO9298753,SZIS,80.0,1.0,274.0,50.0,17.0,80.0,A
357092000,2019-05-08T23:58:33,38.86795,-75.11507,0.1,92.8,93.0,LAVIEEN ROSE,IMO9700562,3FKN,70.0,1.0,179.0,28.0,10.1,,A
368058330,2019-05-08T23:58:37,39.28544,-75.36399,3.8,-94.8,511.0,PURPLE  HAYS,,WDC9127,52.0,0.0,24.0,8.0,3.0,52.0,B
338447000,2019-05-08T23:58:41,39.165,-75.25809,10.0,-85.8,324.0,OSG HORIZON,IMO9436549,WDF6180,31.0,0.0,46.0,15.0,6.5,57.0,B
367120230,2019-05-08T23:58:11,38.93039,-75.14831,1.1,108.5,511.0,SONIE,IMO9373723,WDD2812,31.0,0.0,24.0,9.0,4.0,52.0,B
538004030,2019-05-08T23:56:17,38.92705,-75.16135,0.1,-134.5,25.0,FRIO,IMO9596985,V7UU3,80.0,1.0,274.0,48.0,17.1,89.0,A
249208000,2019-05-08T23:59:07,39.50421,-75.55608,17.0,195.7,195.0,JS INEOS INSPIRATION,IMO9685451,9HA4150,80.0,0.0,180.0,,,,B
369235000,2019-05-08T23:59:19,38.92978,-75.14622,0.8,95.2,52.0,OSG VISION,IMO9436537,WDF2493,31.0,0.0,46.0,15.0,6.5,57.0,B
311073800,2019-05-08T23:59:58,38.94183,-75.18131,9.0,142.5,143.0,EURO,IMO9567702,C6AA5,84.0,0.0,274.0,48.0,-11.5,84.0,B
371361000,2019-05-08T23:59:19,38.9427,-75.16783,3.9,-82.6,317.0,PACIFIC DAWN,IMO9307140,3ECJ9,80.0,0.0,238.0,42.0,14.8,80.0,B
370299000,2019-05-08T23:59:13,39.34347,-75.43015,13.3,-91.6,318.0,MORNING CAMILLA,IMO9477919,H3LJ,70.0,0.0,199.0,32.0,10.0,70.0,B
538004030,2019-05-08T23:59:16,38.92714,-75.16177,0.1,-119.5,33.0,FRIO,IMO9596985,V7UU3,80.0,1.0,274.0,48.0,17.1,89.0,A
367120230,2019-05-08T23:59:22,38.93025,-75.14794,1.0,125.7,511.0,SONIE,IMO9373723,WDD2812,31.0,0.0,24.0,9.0,4.0,52.0,B
338447000,2019-05-08T23:59:52,39.16769,-75.2605,10.0,-84.8,324.0,OSG HORIZON,IMO9436549,WDF6180,31.0,0.0,46.0,15.0,6.5,57.0,B
366914210,2019-05-08T23:59:43,38.80727,-75.11763,11.4,13.8,20.0,DELAWARE,IMO8990304,WYU8553,60.0,0.0,91.0,20.0,,,B
368058330,2019-05-08T23:59:58,39.28645,-75.36531,3.9,-93.1,511.0,PURPLE  HAYS,,WDC9127,52.0,0.0,24.0,8.0,3.0,52.0,B
369235000,2019-05-08T23:59:59,38.9298,-75.14594,1.2,77.5,37.0,OSG VISION,IMO9436537,WDF2493,31.0,0.0,46.0,15.0,6.5,57.0,A
